,t,p,p_d,v,v_d,q,R,w,T_sp,q_sp,hover_throttle,fa,pwm
0,0.0,"[0.3316335731959874, -0.07056132569057272, 2.176281202837238]","[0.24988463078124454, 0.0, 2.1501384430589217]","[-0.004172088567929971, -0.006950946489285889, -0.015916951228890492]","[-0.004750562553960902, 0.0, 0.005700674973595631]","[0.010116006190859983, 0.013102974465401903, 0.010939339944341658, -0.9998031629892534]","[[0.9994173412063103, 0.022139472896356316, -0.025979465768950723], [-0.021609273813113575, 0.9995560499234852, 0.02051470575679948], [0.026422115491354252, -0.019941354188963242, 0.9994520123606391]]","[-0.00020519012215830046, -0.0013292689889955445, -0.015502660170688966]",[0.49138192113282697],"[0.012183924149346898, 0.01762214399883258, 0.0, -0.9997704362368094]",[0.48575928137400004],"[0.6816457651243601, -0.5382621192544823, -0.2858488788540683]","[1059.5029499527438, 1076.7810124877471, 944.3848074228407, 1013.0122952933]"
1,0.019999999999999574,"[0.3316196099180892, -0.0706311881461665, 2.1762197807990162]","[0.24976344804846573, 0.0, 2.1502838623327603]","[-0.002710182998951493, -0.004217461789003217, -0.006141251414256033]","[-0.006739999221762032, 0.0, 0.008087998539887856]","[0.010191141643030768, 0.0131495678921643, 0.011077714115419546, -0.9998002385722238]","[[0.9994087495312903, 0.0224190206487301, -0.026068093124152557], [-0.021882984212995314, 0.999546853066815, 0.020669545999752365], [0.026519671338677525, -0.02008687738434958, 0.9994464622953596]]","[-0.013249291305688065, -0.0024729548038722703, -0.017558969434377274]",[0.49030136407629393],"[0.011740127046571217, 0.018457542494139986, 0.0, -0.9997605309811786]",[0.48575928137400004],"[0.6824670938676672, -0.5411322156489206, -0.2280376869140106]","[1073.880641613656, 1072.6265137026026, 949.8783380996638, 1017.3007104594091]"
2,0.03999999999999915,"[0.33162197551874834, -0.07072904717802782, 2.1762429062667166]","[0.24961573070250068, 0.0, 2.1504611231287076]","[-0.0025802303664108073, -0.005826089713818273, -0.0070910186699359185]","[-0.008729435729299373, 0.0, 0.010475321336894286]","[0.010375000245245864, 0.01319380822978684, 0.011174060583906974, -0.9997967331090558]","[[0.9994022119600922, 0.022617350061945256, -0.026150390968219663], [-0.02206980700746619, 0.9995350838511232, 0.021040639527389115], [0.02661411449341337, -0.02045092587742076, 0.9994366499597801]]","[-0.021348942710799866, 0.0020459741917080547, -0.01666781872108962]",[0.4908170915813256],"[0.012138950902920732, 0.018970849480303573, 0.0, -0.9997462678012619]",[0.48575928137400004],"[1.0864102318478834, -0.5738727420020872, 0.8447058448260663]","[1098.0049391490113, 1066.3186557064164, 952.6278870180375, 1031.69570783739]"
3,0.05999999999999872,"[0.33163864188593056, -0.0708115266310512, 2.176234651588023]","[0.24941663307681705, 0.0, 2.1507000402238305]","[0.0021555252377384666, -0.0042241991578008346, 0.009380366573266245]","[-0.0107188717001871, 0.0, 0.0128626415582214]","[0.010395224441897966, 0.013322675726605894, 0.011267451566731129, -0.9997937511957004]","[[0.9993911564678425, 0.02280723974532536, -0.026405600505485648], [-0.022253270927946583, 0.9995300224624801, 0.02108638608555039], [0.02687411125718319, -0.020485935671595203, 0.9994289460150648]]","[-0.01857213939466793, -0.01948468387366014, -0.014629505207298348]",[0.48877210809076455],"[0.011949094543450247, 0.02053032198731356, 0.0, -0.9997174598896695]",[0.48575928137400004],"[0.7398727173504567, -0.41201058561939913, 1.0147052196544522]","[1080.817367351953, 1080.2587196270688, 957.467969818629, 1023.6081171603927]"
4,0.0799999999999983,"[0.33166935666879216, -0.07085555872137402, 2.176350814490903]","[0.24918779255359427, 0.0, 2.1509746487289534]","[-0.00165203007920599, -0.004967403248213183, 0.008406465717363323]","[-0.012708307037981053, 0.0, 0.015249958740329009]","[0.010532491521416727, 0.013617931980322883, 0.011357444915559426, -0.9997873208934093]","[[0.999371180770439, 0.022996920354887224, -0.026990827076875216], [-0.022423197342399306, 0.999520210157983, 0.02136983278572026], [0.027469315845987566, -0.020751173136398852, 0.9994072971251615]]","[-0.013361785814343066, -0.03986072561214636, -0.013753849735255752]",[0.48927034149465826],"[0.012166139461062297, 0.02026228619616647, 0.0, -0.999720652628646]",[0.485757659886796],"[0.48752401520112454, -1.0839900213715565, -0.14764221172275427]","[1073.4425017019241, 1086.822321194443, 977.1973656579282, 1003.0727828098945]"
5,0.10000000000000142,"[0.3317107644758455, -0.07092765813511064, 2.1765450028314746]","[0.2489141067156308, 0.0, 2.1513030714489996]","[0.00011095885200364817, -0.009902832857861386, 0.012482373716855108]","[-0.014697740975257551, 0.0, 0.017637269200008618]","[0.010655164828568127, 0.014022427948185045, 0.011420661133786831, -0.9997797382431697]","[[0.99934599755281, 0.023135113759971942, -0.02779530063347686], [-0.022537468635633415, 0.9995121894488862, 0.02162592660222567], [0.02828205674080374, -0.020985345010749015, 0.9993797954792276]]","[-0.0061713831743787015, -0.04772114735034012, -0.011747377694442014]",[0.4889884128991838],"[0.01325366473453509, 0.021162324902133864, 0.0, -0.9996881975928871]",[0.4856796362277316],"[0.959833923925954, -0.40588783988402244, 0.29357181745326955]","[1063.6399602567965, 1088.6377010879894, 965.9642576935905, 1006.5749881499737]"
6,0.120000000000001,"[0.33175669620133474, -0.0709522660865123, 2.176790068885592]","[0.24859895120067138, 0.0, 2.1516812574951913]","[0.0008166590765104448, -0.0035366619348703252, 0.015506822275855892]","[-0.016687172759315038, 0.0, 0.02002456932454668]","[0.010891614871012666, 0.014758709702047183, 0.011528093178209001, -0.9997653182714099]","[[0.9992986024484373, 0.023372267854884735, -0.029259373102896693], [-0.022729283126613632, 0.9994969869235789, 0.02211839717728587], [0.029761611307273495, -0.021437838054744522, 0.9993271417640912]]","[-0.020878705499501472, -0.08051904177709923, -0.011759675088851033]",[0.4888926448617006],"[0.01204234433018668, 0.02185140730575574, 0.0, -0.9996886344481981]",[0.485679484061],"[0.7832243579369649, -0.37641340811740903, 0.7050819634102297]","[1087.7699305047688, 1067.1039580548281, 937.6163406438964, 1039.8913200007607]"
7,0.14000000000000057,"[0.3317897037496287, -0.07101138961479757, 2.1772373069804143]","[0.2482427346266893, 0.0, 2.1521087163015356]","[0.0006665032573517541, -0.0071981531719854915, 0.024965647241010344]","[-0.018676601278346944, 0.0, 0.02241185377675826]","[0.010930487254241013, 0.015873352906755227, 0.011534091323174431, -0.9997476872109359]","[[0.9992299150400767, 0.023409369212105437, -0.03148654923722863], [-0.022715355285588004, 0.9994948906018513, 0.02222162810909511], [0.031990842190017466, -0.02148928930096915, 0.9992570344621491]]","[-0.01530251147283912, -0.09824291137636382, -0.008012881329591293]",[0.4878634956733533],"[0.012892374406752127, 0.02241547955882394, 0.0, -0.9996654586552657]",[0.485679484061],"[0.8779849106200066, -0.4326417823604431, 1.1420029894505248]","[1061.9100003793437, 1093.8971127498262, 963.7275476510622, 1011.3627738474613]"
8,0.16000000000000014,"[0.33180737720596337, -0.07100951931319338, 2.1775710147935334]","[0.24785322751023436, 0.0, 2.1525761231908547]","[0.0010418491256008098, -0.0015824101933235427, 0.03028967194716758]","[-0.020666026410269465, 0.0, 0.024799121970659956]","[0.010889101705679704, 0.016733235592980546, 0.01158840687021923, -0.9997335649795343]","[[0.9991714811354453, 0.023535058434069327, -0.03320517986399252], [-0.02280621881712107, 0.9994943384103524, 0.02216022401990118], [0.033709929228058974, -0.02138457785067441, 0.9992029184111115]]","[-0.00520519407820117, -0.09687419823848674, -0.007569642044443873]",[0.4874297591832721],"[0.011834982171434355, 0.023062953348255942, 0.0, -0.9996639598378705]",[0.485679484061],"[0.5550049039968267, -0.6380640759271315, -0.8257919424926072]","[1065.91693033351, 1089.094436845719, 953.1730581689741, 1021.8259928996781]"
9,0.17999999999999972,"[0.3318100049027513, -0.07101471671304506, 2.1781812500594615]","[0.24741805778432838, 0.0, 2.153098323984909]","[-0.003318289976478679, -0.00755111855817914, 0.018253579052870894]","[-0.02265544502718043, 0.0, 0.02718635889320459]","[0.011061145035069126, 0.01799531336304646, 0.011607068303342755, -0.999709441383044]","[[0.9990827607822519, 0.02360548908137959, -0.03572339440749755], [-0.022809293997138894, 0.9994857255293468, 0.022533607910821443], [0.03623694427123846, -0.0216981165854417, 0.9991075109924752]]","[-0.006497827716218612, -0.1166184182023298, -0.003786387720540281]",[0.4895632325877182],"[0.013063544683043875, 0.02263534707315784, 0.0, -0.9996582966602745]",[0.485679484061],"[0.6663099143084252, -0.5672325258152702, -0.24956661307290418]","[1045.8835560515308, 1105.2972062122449, 944.1613538571034, 1028.243551935719]"
10,0.1999999999999993,"[0.3317747555983182, -0.07099519909156099, 2.178768301356958]","[0.2469452159511055, 0.0, 2.1536657298223876]","[-0.002980335095092377, -0.0008043690157280218, 0.030167403835453774]","[-0.024644856496034408, 0.0, 0.02957356150460777]","[0.01109116921089489, 0.019207217915894897, 0.01165601580878914, -0.9996860694790664]","[[0.9989904716203659, 0.023730774267299998, -0.038143818680617454], [-0.02287865225139711, 0.9994822779915739, 0.022623133980074556], [0.038660934055258035, -0.021727615437392444, 0.999016168960506]]","[0.0031810226679551416, -0.11982189301186986, -0.004222771971605767]",[0.4881258819755851],"[0.011802706489340538, 0.02332655554489388, 0.0, -0.9996582037009275]",[0.485679484061],"[0.728886356812965, -0.1722344379638283, 0.6991656742297785]","[1050.4968095131658, 1099.0166317625944, 958.840466564189, 1014.6914359931249]"
11,0.21999999999999886,"[0.3317196638427429, -0.07097028527879107, 2.179416140928555]","[0.2464327254616743, 0.0, 2.1542807119151206]","[-0.007213234837528152, -0.0029626106556696376, 0.029932111377200258]","[-0.02663425840177526, 0.0, 0.031960718213604786]","[0.011222115805499644, 0.020153601470191147, 0.011631532969528012, -0.9996663004511137]","[[0.9989171879293278, 0.023707635163639197, -0.04003269162498516], [-0.022802970965253702, 0.9994776514674624, 0.02290557654094611], [0.04055481326490328, -0.021967907421125088, 0.9989359012814663]]","[-0.00984334088713257, -0.09600249789199088, -0.00613158541228622]",[0.48849169120093505],"[0.012299972597566298, 0.023010574496521243, 0.0, -0.9996595032183978]",[0.485679484061],"[0.8952069844605421, -0.8305768326696685, 1.4370099531364495]","[1071.0033875439387, 1083.2575890352794, 954.889074094935, 1023.6296610482482]"
12,0.23999999999999844,"[0.33159692071258345, -0.07092542459734334, 2.180108281849193]","[0.2458799875096624, 0.0, 2.1549439879894283]","[-0.0060216959917206376, -0.002772558925069599, 0.050722312185659674]","[-0.028623648025257523, 0.0, 0.034347815968202265]","[0.011137820806853507, 0.021003428535215186, 0.011612327180774361, -0.9996499587663498]","[[0.9988481009611031, 0.023684389621594467, -0.04173348089977963], [-0.022748659928175343, 0.9994822868769198, 0.022755641588774064], [0.0422508249769397, -0.02178004685249834, 0.9988696911415587]]","[-0.00901453851655246, -0.08745069517710576, -0.002493531514868187]",[0.48576845018227705],"[0.012395897995662125, 0.023941112084500355, 0.0, -0.9996364414481004]",[0.485679484061],"[0.6012289164389659, -0.46569340866714787, 0.7953143220268473]","[1073.5963839729336, 1076.1883826854485, 938.8729290869029, 1035.911837571479]"
13,0.26000000000000156,"[0.3314537011980648, -0.07084047464052944, 2.180884725909639]","[0.24528784404869008, 0.0, 2.155654546804796]","[-0.01410979237179314, -0.002145035816492147, 0.0411404617127479]","[-0.030613022745275997, 0.0, 0.036734842186834475]","[0.011217453713221883, 0.021917256304599973, 0.011621950453935895, -0.9996293201398696]","[[0.9987691730948309, 0.02372699647816972, -0.04355752665564832], [-0.022743573245699034, 0.9994782428070574, 0.022936033791813443], [0.044079001420745854, -0.021917148724380345, 0.9987876500239219]]","[-0.008888134296935888, -0.08489072458001003, -0.004475807528747164]",[0.48746609706321614],"[0.012284249841229207, 0.022773271032644333, 0.0, -0.9996651254973921]",[0.485679484061],"[0.5104402562227158, -0.9068911714497099, -0.3184380143020995]","[1076.4503568656994, 1072.5650218473115, 960.0456332613873, 1014.0881842827581]"
14,0.28000000000000114,"[0.33123812691496995, -0.0707493306231522, 2.181755744671315]","[0.24465543298176826, 0.0, 2.1564134215603192]","[-0.014451974903180422, -0.005577750448574213, 0.04987269700861301]","[-0.032602378810395016, 0.0, 0.0391217788631744]","[0.011252475567824783, 0.022495902344946354, 0.01162444058521797, -0.999616048609554]","[[0.9987176696029502, 0.0237462239132096, -0.044712922556573755], [-0.022733685547158874, 0.9994765644347678, 0.023019314888808505], [0.04523613749127294, -0.021973305767929725, 0.9987346884279796]]","[-0.002448772201715359, -0.05912849887583816, -0.0032220003661472254]",[0.4865210841406322],"[0.013065551412752886, 0.02330436725130956, 0.0, -0.9996428579430271]",[0.485679484061],"[0.9619574795885024, -0.19249363706863243, 0.3370226590296532]","[1052.6901822679279, 1087.4137631921938, 963.5493619778053, 1003.3388311544506]"
15,0.3000000000000007,"[0.33096223084013326, -0.07061636222842486, 2.182661421374508]","[0.2439828888828809, 0.0, 2.1572204492701443]","[-0.01805983721183032, 0.0027165382276055487, 0.04624430224895488]","[-0.034591712333392546, 0.0, 0.04150860733909473]","[0.011591401879944663, 0.023177291720657495, 0.011695950344029472, -0.9995957841954755]","[[0.9986521102729555, 0.02391975991774867, -0.04606470126446481], [-0.02284513070645725, 0.9994577627808796, 0.023715593810364182], [0.0466069911076869, -0.022631271998068598, 0.9986569795867707]]","[-0.010075252091735968, -0.06398592894901294, -0.007452603586597158]",[0.4873389938125311],"[0.011409336271731546, 0.02308462909475588, 0.0, -0.9996683497060721]",[0.48568974609355803],"[0.855266173464559, -0.27261916044522333, 0.5859698645255094]","[1034.7703572116882, 1106.792032914086, 961.3128296226774, 1008.8643818972527]"
16,0.3200000000000003,"[0.33064981975330726, -0.07048034738581756, 2.1835972567529414]","[0.2432724257389709, 0.0, 2.1580729719571496]","[-0.019485910549589067, -0.000697607792887401, 0.05986540087031466]","[-0.03658102068755956, 0.0, 0.04389531500721854]","[0.0116832092868114, 0.023761844342989207, 0.011676496827343336, -0.9995812308003985]","[[0.9985981685229396, 0.023898443341225158, -0.04723094931656399], [-0.02278798493922604, 0.9994544242576215, 0.02391154363738465], [0.04777662514124656, -0.02280172323705369, 0.9985978549207786]]","[-0.024264489756559114, -0.0636834686341703, -0.007133759223125989]",[0.4857418739120152],"[0.012195872754833104, 0.023428659724572514, 0.0, -0.9996510535282005]",[0.485768387374],"[0.9214998262397174, -0.4465614558849581, 1.482924245388233]","[1052.102126995813, 1093.547674157286, 949.087284578115, 1016.6019766648692]"
17,0.33999999999999986,"[0.3302231426745582, -0.07028674821246814, 2.1846545380806095]","[0.24251951045652986, 0.0, 2.1589764260437563]","[-0.02319211042896016, 0.005616576107030573, 0.06307064666378286]","[-0.03857029542222848, 0.0, 0.04628186130616467]","[0.011790486220073847, 0.024306333370457112, 0.011720508275725452, -0.9995663084650365]","[[0.998543652427569, 0.02400401735833139, -0.04831520285622228], [-0.02285768340367181, 0.9994472169807891, 0.024140510734856162], [0.04886796482149109, -0.023000980409172225, 0.9985403619254402]]","[-0.01525746854016408, -0.04763290216188383, -0.007147166015611496]",[0.4855317142906752],"[0.010954296962364217, 0.02322694434877886, 0.0, -0.9996701329129251]",[0.485768387374],"[0.6497666312332533, -0.42688428208730844, -0.6842283470895971]","[1055.334441111151, 1091.4808870152701, 943.7877385557836, 1023.3240016590353]"
18,0.35999999999999943,"[0.32977897307704596, -0.07009103809886626, 2.1857115813528902]","[0.24172898388355055, 0.0, 2.159925001507386]","[-0.02796165809665362, 0.0018633661844559275, 0.05330564224164845]","[-0.0405595353553591, 0.0, 0.04866824056285805]","[0.011959053041505517, 0.024746865373001574, 0.011738721728931359, -0.9995533162456203]","[[0.9984996460336477, 0.024058854616489166, -0.049190854708943736], [-0.022875058314062276, 0.9994384228259277, 0.024488415386142205], [0.04975239069212679, -0.023326429121034237, 0.9984892033100072]]","[-0.01778115262066233, -0.045182294665344, -0.005927659553481785]",[0.48728883334309225],"[0.011719577957292858, 0.02271898792510111, 0.0, -0.9996731819119091]",[0.485768387374],"[0.7489134105014434, -0.7753177888829715, -0.22432936886974275]","[1060.6524992204018, 1082.0383340840576, 942.0383340840575, 1021.0341658293205]"
19,0.379999999999999,"[0.32921840595415097, -0.06987641029990767, 2.1868393698341277]","[0.24089769321267213, 0.0, 2.1609224777911638]","[-0.03114825578555235, 0.005144554537532022, 0.060456700292154525]","[-0.04254873150173513, 0.0, 0.05105440965166396]","[0.012058058061538276, 0.02505548807477074, 0.01179861168895482, -0.9995437388414633]","[[0.9984660979009351, 0.024190697941364518, -0.04980357576792616], [-0.022982215821501457, 0.9994308593378343, 0.024696352824937748], [0.050372649147090005, -0.023513872927051913, 0.9984537188480778]]","[-0.0016716167916107287, -0.030091304891370595, -0.005905799090468292]",[0.486513855696154],"[0.011108699462455247, 0.02264157449413305, 0.0, -0.9996818858058513]",[0.485768387374],"[0.8182252302039619, -0.0644649292033519, 0.11100718643123031]","[1044.9619878143944, 1098.0036036914, 958.8289245071875, 1003.0045479707264]"
20,0.3999999999999986,"[0.3286072892664262, -0.06964573568939568, 2.188030422711555]","[0.24002657819635245, 0.0, 2.161967724181686]","[-0.03493766371480843, 0.008067037582302317, 0.055515481426832936]","[-0.04453787812358555, 0.0, 0.05344034103433073]","[0.012224946116276785, 0.025202080889662647, 0.01185087704799283, -0.9995374358905111]","[[0.9984489468861478, 0.024306978676997274, -0.05009109395643264], [-0.023074602353420574, 0.9994203380333943, 0.025035916113879845], [0.05067059928980198, -0.023841249065971997, 0.9984309348446694]]","[0.001611557176744311, -0.010334759920241951, -0.01108214934106448]",[0.48752563978480534],"[0.010527695340240001, 0.022357253501575372, 0.0, -0.9996944866490957]",[0.485768387374],"[1.0596631824389675, -0.9224498075256957, 0.7248579068284648]","[1060.6084425769718, 1089.6179809435023, 954.6039607431229, 1012.5894528934446]"
21,0.4200000000000017,"[0.32791517298490386, -0.06942574973970392, 2.189208661809272]","[0.23911626970949834, 0.0, 2.1630599802485397]","[-0.0358342503397519, 0.0028632058387419736, 0.07070611430699125]","[-0.046526968995206856, 0.0, 0.055826004831056486]","[0.012023647037855327, 0.02529870688168217, 0.01187385533499222, -0.9995371865874446]","[[0.9984381424488334, 0.024345085355087902, -0.050288462510581035], [-0.02312835446684987, 0.9994290554124221, 0.024636951036827684], [0.05085953069268704, -0.02343537829412582, 0.9984309831536842]]","[0.00456993440356121, -0.011359112068548363, -0.009538519852809882]",[0.4856296869496301],"[0.011667538431166687, 0.022791145327846537, 0.0, -0.9996720152525177]",[0.485768387374],"[0.7379474949968999, -0.5873618071669053, 0.7816082303196481]","[1064.0231460190605, 1083.8048759349297, 930.5430352972105, 1033.3433392642262]"
22,0.4400000000000013,"[0.3271385383128013, -0.06916676655025547, 2.1904370734156813]","[0.2381658081441913, 0.0, 2.1642003925562223]","[-0.043275796829365776, 0.008186991965994912, 0.0646950727299808]","[-0.048515994750905456, 0.0, 0.05821135609307891]","[0.01191654252976422, 0.02542173571239144, 0.011933740552815278, -0.9995346213259849]","[[0.9984227844049312, 0.024462252078515816, -0.0505353921037953], [-0.02325049529932726, 0.9994313057264651, 0.024428746446793586], [0.05110422781114248, -0.023215240853217915, 0.9984236047603676]]","[0.009726633188601903, -0.011362288546848367, -0.010017654740293152]",[0.4867599179914014],"[0.010586983235391928, 0.021743159635079078, 0.0, -0.9997073973860846]",[0.485768387374],"[0.5593568082437761, -0.7544927285607025, -0.4227096351317918]","[1063.1264242086384, 1088.8579960379097, 955.936270579182, 1012.5419904219526]"
23,0.46000000000000085,"[0.3263041741068557, -0.06889579403491487, 2.1917387720212678]","[0.23717552272666267, 0.0, 2.1653885612668624]","[-0.04647261485266653, 0.0014312606894345218, 0.06731091908276889]","[-0.05050494720521489, 0.0, 0.060596355536900626]","[0.011722166544570211, 0.025252247646954464, 0.01195787252002647, -0.9995409385798968]","[[0.9984388303592513, 0.02449678834925669, -0.05020096628218073], [-0.023312744139087363, 0.9994393640047002, 0.024037497016711987], [0.050761654974974695, -0.02282964438388631, 0.9984499934126645]]","[0.012895665270946663, 0.018047595745686446, -0.007652959250323088]",[0.48670918523627815],"[0.0119922607494589, 0.021613584714612714, 0.0, -0.9996943717155338]",[0.485768387374],"[0.7868853219316304, -0.733336056360854, 0.051561965752096484]","[1036.9715863533045, 1106.5697618926501, 980.9149128727813, 983.3079072513947]"
24,0.4800000000000004,"[0.3253984170579596, -0.06862914928153338, 2.193032985463939]","[0.23614595668658545, 0.0, 2.1666238295004066]","[-0.05159488354949441, 0.007465519054695926, 0.06563726730021564]","[-0.05249381826288333, 0.0, 0.06298096431434423]","[0.011790379019831421, 0.025116928798765693, 0.012015010902873822, -0.9995427996729899]","[[0.9984496008162717, 0.024611311492623127, -0.04992756759646624], [-0.023426759051216862, 0.9994332949659736, 0.024173537256103713], [0.050494213726355396, -0.022966416562648213, 0.9984602957154014]]","[0.026824646739375756, 0.02093457997951558, -0.00570763354792802]",[0.4872212621938896],"[0.010781397302106895, 0.02106148905425647, 0.0, -0.9997200425011338]",[0.485768387374],"[0.6624732129578238, -0.15006021730184194, 0.1570671019714922]","[1033.7605147032011, 1112.4276548915877, 959.015090523049, 1005.9319777238005]"
25,0.5,"[0.3243683187103776, -0.06834475970146806, 2.194489965838905]","[0.23507534053316165, 0.0, 2.1679083122607143]","[-0.05539168874640095, 0.006953989560801321, 0.07265989810040749]","[-0.054482593453384534, 0.0, 0.0653651129805555]","[0.011382114050222035, 0.025005634920336275, 0.012068222868496969, -0.9995497037075419]","[[0.9984582389211143, 0.02469481116208842, -0.049714026173136715], [-0.02355634320784249, 0.9994496974361481, 0.02335752460330355], [0.05026347372942764, -0.022150430302555993, 0.9984904178870172]]","[0.02299605847328434, 0.00560014660381968, -0.011167445034067048]",[0.48648271040562935],"[0.010928178536015094, 0.02082209494261794, 0.0, -0.9997234547261377]",[0.48578029080689056],"[0.9932238786334249, -0.5829707779867058, 1.9862447613874927]","[1074.533969606782, 1075.6291924674053, 938.9445754290676, 1026.1805314232508]"
26,0.5199999999999996,"[0.32331538484982697, -0.06807094595636179, 2.1958463397229133]","[0.23396604890648878, 0.0, 2.1692391557858577]","[-0.056861072354162316, 0.008905623120945571, 0.08982387400140884]","[-0.056471267776796175, 0.0, 0.06774877754733259]","[0.011174167187660844, 0.024753046931641515, 0.012145107595963387, -0.9995573996660783]","[[0.9984796402686323, 0.02483265370420815, -0.04921275952402913], [-0.02372627496493544, 0.9994553429087568, 0.02293969983169001], [0.04975560537518683, -0.021737186158439142, 0.9985249235209919]]","[0.02490682776128181, 0.02711820903189628, -0.009856896681900486]",[0.4843406790554769],"[0.010607352990862264, 0.021122896821959676, 0.0, -0.9997205726435003]",[0.485859535408],"[0.8766994106521712, -0.23524828608695775, 0.593955591935174]","[1053.720532868737, 1097.9644111002262, 965.2956077070422, 1000.3056525107481]"
27,0.5399999999999991,"[0.32217718119983924, -0.0677656716914703, 2.197299592465075]","[0.2328164775667691, 0.0, 2.1706182751691783]","[-0.06154265619101137, 0.010796785525487825, 0.08066416819121498]","[-0.058459825184540154, 0.0, 0.07013188100215172]","[0.01103461940631134, 0.024503050397037575, 0.012184696106557466, -0.9995645805668814]","[[0.9985022472513186, 0.024899544977022004, -0.048715855617213186], [-0.0238180176353221, 0.999459520557954, 0.022656753882712658], [0.04925366955368289, -0.021462504991626396, 0.9985556552388527]]","[0.01172997857630104, 0.02638433456835335, -0.010839202253579523]",[0.4859854382610065],"[0.010208187218513184, 0.020593247316332813, 0.0, -0.9997356999988953]",[0.485859535408],"[0.6952150063916547, -0.9252703884143767, -0.2733872186780886]","[1057.7148216184648, 1091.1528956332993, 948.2153866548188, 1013.4036053112967]"
28,0.5599999999999987,"[0.3209913407446694, -0.06746525149773765, 2.1987706092985344]","[0.23162769396427338, 0.0, 2.1720443824789397]","[-0.0648776866214177, 0.005721350449817616, 0.08657935916796047]","[-0.06044825642799161, 0.0, 0.07251437897233858]","[0.010823643927591206, 0.02424069749872692, 0.012255588481668607, -0.9995724794849372]","[[0.9985244821472797, 0.025025443288902396, -0.048195367954796224], [-0.02397595257577171, 0.9994654024419867, 0.022232201221634874], [0.0487259684581909, -0.02104386516942283, 0.9985905785096011]]","[0.022904134556058765, 0.02385970515001477, -0.007068755027063931]",[0.48544205046479677],"[0.011279152709705854, 0.020432254446500084, 0.0, -0.9997274689797834]",[0.485859535408],"[0.8161129489768807, -0.45417915096720235, -0.48031391128438017]","[1054.7793675864793, 1087.225946061653, 944.9160160980044, 1008.3638168820354]"
29,0.5799999999999983,"[0.3197283245482708, -0.06718864438309961, 2.2002701029909284]","[0.23039879275243444, 0.0, 2.173518552807395]","[-0.06790402004310388, 0.01211115878979643, 0.07431090407451729]","[-0.06243654496084689, 0.0, 0.0748961920654658]","[0.010797820622441362, 0.02394746906730351, 0.012298532349120978, -0.9995792698231146]","[[0.9985505744176336, 0.025103876921561016, -0.04760919259636353], [-0.02406955502016019, 0.9994643511067037, 0.022175592752929425], [0.048140381981263934, -0.020997517860914198, 0.9986198963531295]]","[0.02914442186511684, 0.037229794302994314, -0.009838453337001148]",[0.4875511842190217],"[0.009957379949368624, 0.020216797431450988, 0.0, -0.99974594541784]",[0.485859535408],"[1.0633176935163033, -0.3852519553312598, -0.010768167059854505]","[1048.2289927584557, 1099.3631382220874, 961.2990422928048, 999.04953354216]"
30,0.6000000000000014,"[0.31839509558133544, -0.06687185596519699, 2.2018422267242403]","[0.22913004756208755, 0.0, 2.175040447489068]","[-0.06845815541484393, 0.008348641174757825, 0.08793516116861978]","[-0.06442467714851693, 0.0, 0.0772772548685615]","[0.01074444513037174, 0.023552834636602366, 0.012414446120689072, -0.9995878326976865]","[[0.998582423886515, 0.025324782862678967, -0.046819481186241324], [-0.024312534305008196, 0.9994610097230341, 0.022064824035986197], [0.04735302652691212, -0.020895242449643796, 0.9986597746291629]]","[0.005163173711322741, 0.031957795643787826, -0.011628219338503509]",[0.4856924489359726],"[0.010866324802286241, 0.020710497152554217, 0.0, -0.9997264268608036]",[0.485859535408],"[0.7942825170784185, -0.4043875185402407, 1.0952633898196282]","[1069.4750707232756, 1077.2145393906037, 933.191257328332, 1024.264230070413]"
31,0.620000000000001,"[0.3170131964151007, -0.06656090979260415, 2.2033960090926143]","[0.2278230111195702, 0.0, 2.1766081959960175]","[-0.07422405261003759, 0.014393032339444655, 0.08755118895014018]","[-0.06641264505637863, 0.0, 0.07965752932648228]","[0.010670720316731294, 0.02333452188944896, 0.012450737133618092, -0.9995932171176033]","[[0.9986009432126183, 0.02538933708737174, -0.04638434294337088], [-0.024393352460143923, 0.9994622144920808, 0.021913823297095583], [0.046915776278130795, -0.020751695304358837, 0.9986832563788034]]","[0.0025075744700323254, 0.03151122925948293, -0.011751470166812016]",[0.48503949916692324],"[0.010099432071673822, 0.02027026056793428, 0.0, -0.9997434602221649]",[0.485859535408],"[0.5578591022455333, -0.5099823547736705, 0.7196372611812833]","[1057.8722768759665, 1097.948151263875, 962.2166406270802, 1002.1748096107093]"
32,0.6400000000000006,"[0.3155645891946104, -0.06623267677771738, 2.205024546810273]","[0.22647106345747944, 0.0, 2.178229709623207]","[-0.07734233098425099, 0.008751667669036893, 0.09704689020107149]","[-0.06840039989108414, 0.0, 0.08203678132562783]","[0.01076972809886744, 0.022958004954412664, 0.012546726973647155, -0.9995997288697555]","[[0.9986311146505741, 0.02557791270422404, -0.045627381379568996], [-0.024588906820018137, 0.9994532805469006, 0.02210693021530307], [0.04616788073171661, -0.02095473893521245, 0.9987139812794295]]","[-0.003159665414590877, 0.03513730116094499, -0.009208608226067432]",[0.4851422460979297],"[0.01075123092576183, 0.019840410732770892, 0.0, -0.9997449909007188]",[0.485859535408],"[0.7758298834317449, -0.9491571700453951, 0.1482927840128916]","[1055.9925567896819, 1091.8714832551225, 952.3598916976101, 1007.5015492567891]"
33,0.6600000000000001,"[0.3139513927559115, -0.06590760416510295, 2.2068089093534735]","[0.22508441402989665, 0.0, 2.179892753396308]","[-0.0805921882062375, 0.010120438654777929, 0.08895081803091451]","[-0.07038797438055132, 0.0, 0.08441516794761017]","[0.010670221898422773, 0.022648690862324676, 0.01258751781123814, -0.9996073253572553]","[[0.9986572497408218, 0.02564848313877671, -0.04501097137507084], [-0.02468181690993757, 0.999455468865653, 0.021902245544963082], [0.045548217807855874, -0.02076188234644013, 0.9987464336793951]]","[0.011859418977303096, 0.023748686537045205, -0.007119065320172805]",[0.48663575252906116],"[0.01045775215631502, 0.019577316726640683, 0.0, -0.9997534201549219]",[0.485859535408],"[0.8248227805721406, -0.5738502302456158, -0.5440618049737402]","[1072.0554352163483, 1072.5739355444387, 940.2855981528022, 1017.3437726079848]"
34,0.6799999999999997,"[0.3123344264558022, -0.06558821552351354, 2.208599062436252]","[0.22365625774710426, 0.0, 2.1816054570055052]","[-0.08256001589120036, 0.008352651420813258, 0.0921706319878893]","[-0.07237531592103719, 0.0, 0.08679243681555755]","[0.010453730535599132, 0.02242055050850989, 0.012586539030449723, -0.9996147579230577]","[[0.9986778426898144, 0.02563213711897574, -0.04456067376333136], [-0.02469462354507273, 0.9994646438958019, 0.021463800905590663], [0.04508697891293185, -0.020335012369352548, 0.9987761236551227]]","[0.011813596399756161, 0.023487054489003185, -0.008383037626789538]",[0.48648036861449845],"[0.010838227126241872, 0.019647249049271898, 0.0, -0.9997480890837047]",[0.485859535408],"[0.9012288703890532, -0.4459619049601179, 0.7187700741003091]","[1068.0870512762647, 1076.976605523575, 958.6470267079142, 999.4166300919255]"
35,0.6999999999999993,"[0.31071291667780665, -0.06528699713103797, 2.210355528890258]","[0.22218883740060114, 0.0, 2.1833651198598787]","[-0.08469284440725662, 0.011641151324821311, 0.09712114495385339]","[-0.07436241706461987, 0.0, 0.08916855224266536]","[0.010302785002794567, 0.02215335515652216, 0.012583338458586089, -0.9996223060959964]","[[0.9987017906720375, 0.02561365412725293, -0.044030689077140216], [-0.02470068910618014, 0.9994710382037919, 0.021155313739265068], [0.044549262800165045, -0.020040261075553942, 0.9988061767279365]]","[0.01485193308689235, 0.028629814018026858, -0.00698013355311878]",[0.4862163669711226],"[0.010197186477816101, 0.01969943184748807, 0.0, -0.9997537654871228]",[0.48601843137804823],"[0.8710696528925568, -0.3371207380879902, 0.35338052299220024]","[1060.8325885628203, 1085.391564144722, 956.3769042266721, 1002.5728984538606]"
36,0.7199999999999989,"[0.3090747469173483, -0.06500015494425299, 2.21211467094309]","[0.22068119482145387, 0.0, 2.185172869504644]","[-0.08690582011374297, 0.010799080190003241, 0.09704234090070912]","[-0.07634925116810667, 0.0, 0.09154338645168153]","[0.010181661686619662, 0.02192026128892464, 0.01261342260583989, -0.9996283366704305]","[[0.9987208814243841, 0.025663838687446146, -0.04356737745989189], [-0.0247710999493416, 0.9994745446649319, 0.020908734111208603], [0.044081079866623976, -0.019802776034138048, 0.9988317458146495]]","[0.002260834223389024, 0.019931600778286665, -0.007906191947105437]",[0.4866243733096088],"[0.010383801432214646, 0.019707751922398497, 0.0, -0.9997517903102765]",[0.486080310939],"[0.7366301757883963, -0.6775146264649072, 0.022043801098362792]","[1069.6348931406994, 1080.2649035425948, 942.7564581421825, 1020.1139541057173]"
37,0.7399999999999984,"[0.3073123742929182, -0.06467865874379641, 2.213982690757036]","[0.21913511700528643, 0.0, 2.187026550751691]","[-0.09071889845886445, 0.010464488046698953, 0.0977006191990156]","[-0.07833580942561573, 0.0, 0.09391689725822747]","[0.01025349039284262, 0.021696258903722246, 0.01263259110566522, -0.9996322314357804]","[[0.9987394221820534, 0.025700815236003715, -0.043117503100395284], [-0.024810965707083948, 0.9994706093524158, 0.02104759889731195], [0.04363561570654987, -0.019951279028298467, 0.998848318767667]]","[0.0036170039681223476, 0.02712777061632667, -0.004446536659579693]",[0.48683482318139576],"[0.010464420133673796, 0.019382249520974396, 0.0, -0.9997573541418787]",[0.486080310939],"[0.5215679964424095, -0.5028406848224874, -0.3022169821492895]","[1073.648705749409, 1074.6202675398113, 944.5823445328855, 1017.9642099487036]"
38,0.7600000000000016,"[0.3059182478392872, -0.06444411280353603, 2.215487322056132]","[0.2175522925099278, 0.0, 2.1889241282122147]","[-0.09494367302917224, 0.011155780356777268, 0.09492384760557816]","[-0.08032208516684082, 0.0, 0.09628905272519271]","[0.01019864745587254, 0.021376974614961217, 0.01259746843521973, -0.9996401620071336]","[[0.9987687946529124, 0.025621903230467858, -0.04248161045582985], [-0.024749838319383353, 0.9994747199204315, 0.020928546715989066], [0.04299551901345901, -0.019851363664179195, 0.9988781622550068]]","[0.00907057389325436, 0.036580025166060424, -0.0036047457800075598]",[0.48761115509464736],"[0.010336943819838056, 0.019012762150163114, 0.0, -0.9997658037551908]",[0.486080310939],"[0.8865197254918685, -0.5559261985598531, 0.6366899141757933]","[1052.6280079393284, 1094.3719920606716, 977.6122550223183, 983.4420119089926]"
39,0.7800000000000011,"[0.30378373294789895, -0.06406801602099048, 2.217717193856748]","[0.2159203587850676, 0.0, 2.1908803381539133]","[-0.09466578145831109, 0.010506998007939078, 0.10666704348090206]","[-0.08230795028356261, 0.0, 0.09865923839391948]","[0.010244727977244916, 0.021092101433290763, 0.012601332721151869, -0.9996456838611861]","[[0.9987927773844049, 0.025625901414501447, -0.04191106187094498], [-0.02476157004789136, 0.9994726219674938, 0.021013773385468004], [0.042427450774460806, -0.019950619033671277, 0.9989004556544477]]","[-0.0028411019874085112, 0.027350197796342242, -0.0024515010482940415]",[0.486169827277638],"[0.010508098742789287, 0.019542166901933933, 0.0, -0.9997537672074989]",[0.486080310939],"[0.8439321336116967, -0.456387482648039, 0.9194350355677336]","[1052.7519148418885, 1096.0377371551683, 963.7692339100893, 1000.5881363569563]"
40,0.8000000000000007,"[0.30181767385297353, -0.06375439580527868, 2.219755583238345]","[0.21425601157533616, 0.0, 2.192875223034999]","[-0.09861796197886896, 0.012172094473223004, 0.10621510842105439]","[-0.08429351978419311, 0.0, 0.10102800607384566]","[0.010216935519670386, 0.020811171647331435, 0.01255750527763909, -0.9996523714708511]","[[0.9988184537545769, 0.025531532658718447, -0.0413512757372645], [-0.024681027063480136, 0.9994758919424201, 0.020949440438396985], [0.041864472624102735, -0.019904094847216114, 0.9989250640893466]]","[-0.006208940892810655, 0.022514971154027823, -0.0032570145746070645]",[0.48652970404986357],"[0.010178214499906909, 0.019167795478925432, 0.0, -0.9997643896482201]",[0.486080310939],"[0.8556372787066114, -0.5527734067675587, -0.09534819560360219]","[1056.5895471961555, 1093.2132960070662, 957.7646450179062, 1008.7867039929339]"
41,0.8200000000000003,"[0.3003926315151778, -0.06352616758396488, 2.2212578858785497]","[0.21255350352509653, 0.0, 2.1949156229507456]","[-0.09802466878902366, 0.010538064620216687, 0.1067278135126967]","[-0.08627872387454191, 0.0, 0.10339502106384975]","[0.010272458899003908, 0.020695636357001466, 0.012563751448585927, -0.999654182637053]","[[0.9988278510609031, 0.025544003518114568, -0.04111883765247816], [-0.02469362322265045, 0.9994734229656821, 0.021057842671232316], [0.04163508013396976, -0.020017783346193575, 0.9989324999381634]]","[-0.018752836837644705, 0.016888865138851492, -0.005063551699040789]",[0.4868863796976461],"[0.01053326124669969, 0.019808161783857834, 0.0, -0.9997482756347599]",[0.486080310939],"[0.8880214006142763, -0.5551536234347894, -0.04014856258724109]","[1077.7051803980407, 1072.2948196019593, 939.8696815888034, 1029.7051803980407]"
42,0.8399999999999999,"[0.298076575055927, -0.06314682002163298, 2.2236108886836825]","[0.21080342984488157, 0.0, 2.1970127163247364]","[-0.1020348478271044, 0.012211453523077898, 0.10442138080996265]","[-0.08826343467454688, 0.0, 0.10575967017918536]","[0.010413673994964508, 0.020458987596794615, 0.012474320977904635, -0.9996586899337343]","[[0.9988517621087578, 0.025366233187370177, -0.04064420245281956], [-0.02451402027897001, 0.9994720132435826, 0.021330663362737205], [0.041163816500709334, -0.020309815450075663, 0.9989460902643306]]","[-0.004310375746348271, 0.018302509999573995, 0.0007658306465443956]",[0.4874865554597158],"[0.010186536009063562, 0.019372396233911623, 0.0, -0.9997603831658978]",[0.486080310939],"[0.46375356251131084, -0.4906571545491064, -1.1180139827526858]","[1059.6217736082995, 1085.9392671072485, 956.3219631794021, 1010.0298874028123]"
43,0.8599999999999994,"[0.29641650140011444, -0.06288985211270137, 2.2252006971378533]","[0.20902340232697686, 0.0, 2.1991454872315748]","[-0.10563722246927452, 0.01155322873760585, 0.09457475003949278]","[-0.09024781158194295, 0.0, 0.10812271803837122]","[0.010450124881123261, 0.020311473026508858, 0.012418156405095044, -0.999661986143272]","[[0.9988665251049343, 0.02525243265160338, -0.04034967236389755], [-0.024403402933017043, 0.9994732267578853, 0.021397647285939916], [0.04086875750480381, -0.020388723090495692, 0.998956536101875]]","[-0.007483312563077209, 0.018042711413542273, 0.0014134129329723354]",[0.48934220125161504],"[0.010305783397943935, 0.01907531296518672, 0.0, -0.9997649327342432]",[0.486080310939],"[0.84390478547829, -0.39879336009568617, 0.00202379730245994]","[1067.489818188663, 1078.4471302508261, 967.880282765116, 1000.0453325394988]"
44,0.879999999999999,"[0.2940046244595411, -0.06250873564898476, 2.227225839389988]","[0.2071935602699641, 0.0, 2.2013375541831586]","[-0.1056444728742607, 0.0144649175047721, 0.10615162772865068]","[-0.09223159868991682, 0.0, 0.11048293759625795]","[0.01049617204136007, 0.020107432274919946, 0.012316801109977954, -0.9996669063260519]","[[0.998888080808748, 0.025047499059825, -0.03994291070596057], [-0.024203294785954774, 0.9994763592190854, 0.021480670154029925], [0.040460027759758745, -0.020490033177379765, 0.99897114873287]]","[0.005914086756996874, 0.020693453190861587, 0.0040502986913827895]",[0.48796911104752067],"[0.009748479400294158, 0.019528255941688485, 0.0, -0.999761703609635]",[0.486080310939],"[0.915315041586172, -0.3446750528706827, 0.9375296914386766]","[1058.666552213781, 1087.0406429387424, 978.7974720236023, 991.0059929729746]"
