,t,p,p_d,v,v_d,q,R,w,T_sp,q_sp,hover_throttle,fa,pwm
0,0.0,"[-0.14598539674763025, -0.024818657193865525, 2.1243225685699976]","[0.24965476335634307, 0.0, 2.150414283953123]","[-0.044761709837136655, -0.016678622733524346, -0.03411659022665584]","[-0.008279161307753876, 0.0, 0.009934992418714515]","[0.003143048315446998, -0.05925600300747438, 0.0014865886795495996, -0.9982367594921588]","[[0.9929730229157954, 0.00259544597147711, 0.11831238568536773], [-0.003340423893208169, 0.9999758131952126, 0.0060988341241456625], [-0.11829369600518763, -0.006451191337210736, 0.9929576853021732]]","[-0.014140659472813505, 0.013783042821936615, 0.00991945697669854]",[0.4795170554396625],"[0.0070175412229172875, -0.062044112587507735, 0.0, -0.998048540122861]",[0.460229487135],"[-3.1973508005345646, -0.16481885692865653, -0.8966937986675276]","[975.5218510304036, 1074.9784981726432, 939.4896694609434, 1056.3280970705184]"
1,0.019999999999999574,"[-0.14658639587579153, -0.02506804318164906, 2.124213825738152]","[0.2494647068540037, 0.0, 2.1506423517099984]","[-0.03251100863976783, -0.013021189811925371, -0.02855638633697979]","[-0.010268597382377178, 0.0, 0.012322313137736967]","[0.003222526033703059, -0.059202172976984435, 0.0013593588154882093, -0.9982399107370407]","[[0.9929865589207468, 0.0023323713579248705, 0.11820470487431167], [-0.003095493532605367, 0.9999755841430645, 0.0062727542089984194], [-0.11818718259762345, -0.006594662191927706, 0.9929694852854495]]","[-0.013456926113222774, -0.003960390321379376, 0.00991095745907745]",[0.4788761893741291],"[0.006369643430224869, -0.05977401167743989, 0.0, -0.9981914746768981]",[0.460229487135],"[-3.1901714507203427, -0.16929242720254414, -0.861148650269115]","[972.4946632588043, 1081.9219640780534, 929.2112874606468, 1071.8737786257097]"
2,0.03999999999999915,"[-0.14733452838219557, -0.0254152120120591, 2.124102804098679]","[0.24924071225249764, 0.0, 2.1509111451194154]","[-0.03705182365510471, -0.014220756642321114, -0.024943613387381137]","[-0.012258032866938218, 0.0, 0.01470963102442105]","[0.0036323312697676725, -0.058759846971207355, 0.001225732146368934, -0.9982648067306212]","[[0.9930915961520036, 0.0020203400692764273, 0.11732467909087362], [-0.0028740809875175462, 0.9999706477232563, 0.007108009279295779], [-0.11730687003005914, -0.007396104612689091, 0.9930682133296862]]","[-0.03347083005188937, -0.05466900581264997, 0.011039416170708298]",[0.478894971391556],"[0.0066810287179327335, -0.060742039767511934, 0.0, -0.9981310333513779]",[0.460229487135],"[-3.1129273694660964, -0.9713018409563465, -0.3926500099134991]","[953.1745044358166, 1104.9184575514034, 924.1361931913453, 1076.1638873904533]"
3,0.05999999999999872,"[-0.14807618747982415, -0.025757949121924344, 2.123998894273753]","[0.24897906073876644, 0.0, 2.151225126705015]","[-0.029971620538768694, -0.02259430237920989, -0.021720501286146665]","[-0.014247467221866577, 0.0, 0.01709694348907573]","[0.0038603185044850793, -0.05810228805710864, 0.0011682800992815416, -0.9983025060571533]","[[0.9932455549030871, 0.001884007226299368, 0.11601633941670368], [-0.0027811805772584835, 0.9999675025401173, 0.007571771780692826], [-0.11599829968356097, -0.007843290768132201, 0.9932184805419556]]","[-0.03444131811344059, -0.06235058766178622, 0.0026173440736926585]",[0.478726291221901],"[0.00840250664325296, -0.05943801549208007, 0.0, -0.9981965277455805]",[0.460229487135],"[-2.560195333474177, -0.8419787344202758, -0.5935349732199384]","[967.3085963452274, 1090.9387034957679, 922.8781385729895, 1073.0751776974562]"
4,0.0799999999999983,"[-0.14853739677236427, -0.02616806977599137, 2.124000483511738]","[0.24866990437912564, 0.0, 2.151596113805323]","[-0.029313564266103057, -0.02251076245447126, -0.022293141825748843]","[-0.01623689934691132, 0.0, 0.019484245249909125]","[0.004317146595979561, -0.05751683200091583, 0.0011324501198728206, -0.9983345228155219]","[[0.9933809887933315, 0.0017645109091026618, 0.11485185596534994], [-0.00275774529103979, 0.9999600852107123, 0.008489643087055534], [-0.11483230015262944, -0.008750182860232103, 0.9933462781704172]]","[-0.042908492450373065, -0.06145150702067682, -0.00023188899132634997]",[0.47920776496622147],"[0.008463575369756697, -0.05927090440823753, 0.0, -0.9982060533057954]",[0.460229487135],"[-2.581166002062978, 0.09408847084190106, -1.5473582370422818]","[972.8213763505044, 1086.0166223889344, 919.0893939983644, 1075.7123011099757]"
5,0.10000000000000142,"[-0.1490590998519467, -0.026652067838233585, 2.1238289855119445]","[0.24832570984475758, 0.0, 2.1520091463209767]","[-0.02233884370923965, -0.0214569673733496, -0.03149267570412196]","[-0.018226328832746476, 0.0, 0.021871534342967455]","[0.004797753460725965, -0.056726447995771756, 0.0010840484930131574, -0.998377591278104]","[[0.9935617681411866, 0.0016202604221934587, 0.11327923101838037], [-0.00270889847093908, 0.9999515110690808, 0.009456950646403943], [-0.11325842702874457, -0.009702927528259166, 0.9935180815869172]]","[-0.04255605898208414, -0.0773712437569087, 0.0006185311868170788]",[0.4807898978450736],"[0.008323283210507732, -0.05773348019202048, 0.0, -0.9982965619846635]",[0.460229487135],"[-2.715430403692136, -1.2973751777486435, -2.7708226997588916]","[972.5243707845018, 1087.2671486256572, 916.1476966200764, 1078.0726973243573]"
6,0.120000000000001,"[-0.14960435426437793, -0.02729319970600961, 2.1238721931191535]","[0.2479454982856475, 0.0, 2.152465398723939]","[-0.023251019954242207, -0.034474886267317116, -0.043440716922866725]","[-0.02021575502938821, 0.0, 0.024258807648013653]","[0.005242450553240972, -0.05583850197374656, 0.0010559566950061592, -0.9984255728898528]","[[0.9937620545410201, 0.0015231271651879705, 0.11151224824641803], [-0.00269404950744563, 0.9999429645707579, 0.010350467313936101], [-0.11149010504337831, -0.010586319473929271, 0.9937093180544971]]","[-0.03897183933747642, -0.07456840660595676, -0.0014046008068991354]",[0.4829268620996644],"[0.010941915149010736, -0.05767812003660315, 0.0, -0.9982752215845178]",[0.460229487135],"[-2.4446943755683206, -0.4299144115183101, -0.907323993004173]","[969.890784088315, 1093.459318081466, 911.8206250006967, 1083.143030008941]"
7,0.14000000000000057,"[-0.14989677885760952, -0.02775016625641131, 2.123961163397019]","[0.24751896764189277, 0.0, 2.1529772328979058]","[-0.013606869495835392, -0.023802663181118268, -0.02862747647619559]","[-0.02220517507807811, 0.0, 0.026646051442316555]","[0.005860908086516926, -0.055176800304745095, 0.0011106051461062907, -0.9984587970589383]","[[0.9939086069323203, 0.001571014646189086, 0.11019654162503757], [-0.002864559266565927, 0.9999288650288626, 0.011581191198745129], [-0.1101705050063106, -0.011826309752201645, 0.9938423733327042]]","[-0.06571971974825197, -0.06689986185201109, -0.0020031451992954894]",[0.4811678147351172],"[0.00899199053194992, -0.05599417331017173, 0.0, -0.9983901536141491]",[0.4603381189348891],"[-2.280394238299949, 0.39420285834253094, 0.9472127563605497]","[951.0457787464647, 1117.0632722100802, 948.6501081477404, 1052.8091548534576]"
8,0.16000000000000014,"[-0.15019813371402896, -0.02841899159584751, 2.124067856884995]","[0.24705482990812214, 0.0, 2.1535341942042665]","[-0.01304152933813926, -0.02782329357197818, -0.017584281800069233]","[-0.024194588318002353, 0.0, 0.029033262555257597]","[0.006536751146831661, -0.05453164401100179, 0.001093432668102106, -0.9984900361746871]","[[0.9940501856621413, 0.0014706436756006494, 0.10891290139691508], [-0.002896482821710777, 0.9999121278281153, 0.012934508416115858], [-0.10888431140792627, -0.013173015140143633, 0.9939671186210295]]","[-0.06369420519332517, -0.07488966126350662, -0.004770036890648376]",[0.48006141039413214],"[0.009927516492151367, -0.055991287973100455, 0.0, -0.9983817659028541]",[0.46035254543799997],"[-2.40066323797055, -1.0682616491189767, 0.9906967307600674]","[953.3096096767549, 1120.6988048268654, 940.8246974737831, 1062.187428617613]"
9,0.17999999999999972,"[-0.15044574218729778, -0.029064510956903513, 2.1242746305746834]","[0.24655281006118054, 0.0, 2.154136612145415]","[-0.004854342374693161, -0.03252717503867201, -0.0020011732198530734]","[-0.026183992951928897, 0.0, 0.0314204323592342]","[0.006659336831593217, -0.053761110446186804, 0.001172814235423176, -0.9985309111355076]","[[0.9942166947705058, 0.0016261558483763102, 0.10737988152504428], [-0.003058209219982881, 0.9999085152292467, 0.013173003756731147], [-0.10734864086490599, -0.01342521093930493, 0.9941307522228942]]","[-0.01904500112423499, -0.07114864391238616, -0.010268022238575406]",[0.4781395485505761],"[0.011014660426656076, -0.054563998057612174, 0.0, -0.9984494225180767]",[0.46035254543799997],"[-2.1561293208875587, -1.2665517615797195, -0.08819834784686265]","[978.7598821302535, 1095.4999417482952, 914.2949321427823, 1083.2939761645785]"
10,0.1999999999999993,"[-0.1505305895384991, -0.029492424035068472, 2.1244176767274614]","[0.24600987216974002, 0.0, 2.1547881289769566]","[-0.002721582542634803, -0.039059984013534665, -0.006343319910398143]","[-0.028173385874190285, 0.0, 0.0338075459481804]","[0.0067414828775552655, -0.05338769976125645, 0.001219369065229474, -0.9985503699381991]","[[0.9942965555483874, 0.0017153783347270315, 0.1066370554048536], [-0.003155027389977318, 0.9999061533372068, 0.01333322182352442], [-0.10660417398215494, -0.01359361906173496, 0.9942086340874451]]","[-0.01315684362059888, -0.05261151658259479, -0.015222450372806964]",[0.47914791300470705],"[0.012364177322027103, -0.05396072128062441, 0.0, -0.9984664823268535]",[0.46035254543799997],"[-2.419371770174901, -0.1416830047223833, -1.4804387099817937]","[974.9771197840122, 1095.6917015048343, 923.1757023320472, 1067.5923377981933]"
11,0.21999999999999886,"[-0.150657327893689, -0.030481135774695273, 2.1249401496929163]","[0.2454255422717828, 0.0, 2.155489312400251]","[0.0020845107258323924, -0.030942162148635613, -0.007310207720239142]","[-0.030162763902728734, 0.0, 0.03619458804725321]","[0.007135162064899348, -0.052673246566949515, 0.0014138154241341142, -0.9985853226373941]","[[0.9944470873465646, 0.0020719663614382016, 0.10521763743919468], [-0.003575294964396553, 0.9998942080789852, 0.014101195728424075], [-0.10517728623047048, -0.014399076722166365, 0.9943492640192869]]","[-0.02374707944326314, -0.060621542000685875, -0.017826474357696413]",[0.47955208395216997],"[0.010937162589025808, -0.05290282841265612, 0.0, -0.9985396657176044]",[0.46035254543799997],"[-2.6819117273387993, -0.04184643677225852, -1.1555060467136045]","[966.5965309858685, 1103.0648579807778, 920.8914956669698, 1065.0305116767365]"
12,0.23999999999999844,"[-0.15068773326215518, -0.031229668766522375, 2.1253336273111287]","[0.2448006636506206, 0.0, 2.1562391493012223]","[0.0007625723823335277, -0.03495580905368336, -0.007608860050459403]","[-0.03215212373553142, 0.0, 0.03858154280824452]","[0.007211000008896884, -0.052153161663039106, 0.0014996355038243358, -0.998611947907248]","[[0.9945556198461412, 0.002242954964817423, 0.10418316845896103], [-0.003747260761682126, 0.9998915273467868, 0.014245560064754232], [-0.10413991297243536, -0.014558402996220568, 0.9944561206171733]]","[-0.023183992853972046, -0.05904732121142062, -0.01554672062433397]",[0.4792534968047412],"[0.012244516342938088, -0.05396484950840856, 0.0, -0.998467478476052]",[0.46035254543799997],"[-2.3337213207307403, -0.4365595642078297, 0.29948079467675726]","[978.1534403148567, 1091.8933272040342, 921.1731641790634, 1066.4740913258593]"
13,0.26000000000000156,"[-0.15060939237061616, -0.03195031184896917, 2.125874068556381]","[0.24413897679794203, 0.0, 2.1570331502684374]","[0.00840416344944344, -0.03047980289917293, 0.008427554267997054]","[-0.03414146371279834, 0.0, 0.040968402264267414]","[0.007592144299886615, -0.051496346985151535, 0.0016671904875074986, -0.9986429536567467]","[[0.9946907362664047, 0.002547920671049237, 0.10287824321308198], [-0.004111791459962443, 0.9998792024618944, 0.014991974376783944], [-0.10282761301005575, -0.015335391256124065, 0.9945810140045074]]","[-0.048354179543076414, -0.05612795310450432, -0.016604331801450743]",[0.4779176648009106],"[0.011210074197059805, -0.05174986397437559, 0.0, -0.9985966846570794]",[0.46035254543799997],"[-2.5025842695642813, -0.012124857455606708, 0.5955124735646251]","[975.5222074290715, 1094.9866704965652, 922.3410050452651, 1064.8739166087062]"
14,0.28000000000000114,"[-0.15049357486349504, -0.03280843907093752, 2.126532973170604]","[0.24343697320169777, 0.0, 2.157875523409652]","[0.004311346941599504, -0.030650724818691476, 0.009296936670046437]","[-0.03613077804737925, 0.0, 0.04335513863777437]","[0.008204500859260779, -0.050742539644794186, 0.0017975173567887387, -0.9986764717015489]","[[0.9948439725663528, 0.0027576421631665673, 0.10138025638067467], [-0.00442291100363372, 0.9998589555568606, 0.016204862748919645], [-0.10132126544988145, -0.01656970513187588, 0.9947158070349494]]","[-0.04791716789641571, -0.08438651434379163, -0.017035956173480464]",[0.4783594590106512],"[0.011343180449965773, -0.0522715656830544, 0.0, -0.9985684575138071]",[0.46035254543799997],"[-3.021114891333502, -0.5413804895400789, -2.156980545150226]","[960.3812367744539, 1108.495904946313, 913.5893914827668, 1069.3932063811305]"
15,0.3000000000000007,"[-0.15043478791913012, -0.03320950884729569, 2.1268819330065947]","[0.24269544496707468, 0.0, 2.158765316358626]","[0.006179679622338619, -0.03204478977323496, -0.0027081732795132484]","[-0.03812006251918107, 0.0, 0.04574173167331115]","[0.008353772365418108, -0.05021771354087117, 0.001886445419133495, -0.9987015746309453]","[[0.9949492432534705, 0.002928977325823486, 0.10033653704649002], [-0.004607006716352335, 0.99985330973455, 0.016496385279566015], [-0.10027350130404512, -0.01687531718224015, 0.9948167895806428]]","[-0.05329599641486835, -0.09534361278877782, -0.017730996733587516]",[0.48044021090277733],"[0.011654999395297854, -0.051553820088111324, 0.0, -0.9986022010794201]",[0.46035254543799997],"[-2.3434483419691103, -1.103609894734763, -0.21939585660774696]","[958.1648560467338, 1110.076001909752, 916.2671655124926, 1062.9721635767444]"
16,0.3200000000000003,"[-0.15014389065320452, -0.03425115774487326, 2.127989762766831]","[0.24191093216478518, 0.0, 2.159706677512914]","[0.009171869787694829, -0.03797884479682494, 0.019932048126824115]","[-0.04010930858680494, 0.0, 0.04812814037449452]","[0.009240901048222812, -0.049218577533662544, 0.0021280254097790696, -0.9987429248027033]","[[0.9951458272290595, 0.003341052634188723, 0.09835274190567725], [-0.0051603486530801546, 0.9998199754735677, 0.018249092314179205], [-0.09827408241671776, -0.01866804584867847, 0.9949840957089827]]","[-0.06655964236499405, -0.06513253175230341, -0.01705186653692126]",[0.47839809290234786],"[0.01223605090607922, -0.05013714662714254, 0.0, -0.9986672493648064]",[0.46035254543799997],"[-2.087357558716362, -0.1971164893599982, 1.1165597125462554]","[960.8637390985806, 1112.6807372594667, 917.7181906531392, 1066.3604169377745]"
17,0.33999999999999986,"[-0.15002917619121767, -0.0347950470343507, 2.128428203636984]","[0.24109082140044646, 0.0, 2.1606907426554747]","[0.01346636931583469, -0.02946222142431526, 0.02342402279311104]","[-0.042098517416094966, 0.0, 0.05051437033867957]","[0.009779573865370527, -0.048871827016252624, 0.002201722039839562, -0.998754816297826]","[[0.9952135200872453, 0.003442069698395566, 0.09766500903415229], [-0.005353852267359779, 0.9997991509090818, 0.019319588641420502], [-0.09757888142087379, -0.01974999735609614, 0.9950319351171503]]","[-0.06405325783284181, -0.07402755432802294, -0.017114365818099327]",[0.4776419501347617],"[0.013310025355175259, -0.05087412195127118, 0.0, -0.9986163572176501]",[0.46035254543799997],"[-2.523492618365791, -0.43433006951608855, 0.12262083548632674]","[956.205514601835, 1118.6772101205565, 903.7717050174006, 1080.2525839821378]"
18,0.35999999999999943,"[-0.14973409686985634, -0.03551858575437064, 2.1294819289981115]","[0.24022894099230463, 0.0, 2.1617249124198326]","[0.01143878567884826, -0.03674749864835718, 0.036983921314161616]","[-0.044087676415477436, 0.0, 0.05290036113007151]","[0.009936822187618113, -0.04788305450593457, 0.002342630081420729, -0.9988008195670462]","[[0.995403542778475, 0.0037280308936798847, 0.09569782476494287], [-0.005631252487381877, 0.9997916357257348, 0.01962546772201814], [-0.09560471157066111, -0.020074156857521785, 0.995217037739495]]","[-0.033845096033866005, -0.08671493574492459, -0.015612863831024166]",[0.4761209705407596],"[0.013141653406441505, -0.050521515286272134, 0.0, -0.998636490103064]",[0.46056678247500005],"[-2.5549242948695676, -0.6105588019695468, 1.0630258236287489]","[964.3669344515259, 1105.3727972015379, 903.6827123367354, 1075.296311100098]"
19,0.379999999999999,"[-0.14946812540025067, -0.03638265703017925, 2.130583477166704]","[0.23932717185192784, 0.0, 2.1628069266657546]","[0.014797944198380182, -0.029963556546993023, 0.04628852046411652]","[-0.04607678035762131, 0.0, 0.05528608766181672]","[0.010402693539832973, -0.04727993786335747, 0.0025021776178280916, -0.9988244393117772]","[[0.9955168231821757, 0.004014794904021538, 0.09450077362800838], [-0.00598214972072095, 0.9997711761651342, 0.02054432347992384], [-0.09439665608024639, -0.021017534689099823, 0.9953129129020706]]","[-0.03557850795561606, -0.05282033176257086, -0.021120289414709153]",[0.4750774138975631],"[0.011991664872747724, -0.04978490438316159, 0.0, -0.9986879419381056]",[0.46056678247500005],"[-1.863013609773071, -0.3231538823974841, -0.7240032371740668]","[963.719435705053, 1102.186817675652, 923.6688159975228, 1054.0]"
20,0.3999999999999986,"[-0.14915603193143542, -0.03711684852550926, 2.1317544444140895]","[0.2383856935936304, 0.0, 2.1639365657215324]","[0.01881880383476385, -0.03433482160002622, 0.038484408257384715]","[-0.04806582170202338, 0.0, 0.057671513743848775]","[0.010787659405938366, -0.046827801596673733, 0.0026870369553843856, -0.9988411657953562]","[[0.9955999849129077, 0.004357521501395142, 0.09360504555588219], [-0.006378170998810235, 0.9997529237267455, 0.021298660527602094], [-0.09348909819793876, -0.021801972661320775, 0.9953816780571899]]","[-0.029992766272074946, -0.0455681075450453, -0.02053676500435688]",[0.47645963612307424],"[0.012964185798043888, -0.048650313672056016, 0.0, -0.9987317126650321]",[0.46056678247500005],"[-2.917247338093654, -0.7429266349404423, -1.8518280235700182]","[956.2212906581865, 1104.570282669726, 917.285926995448, 1054.2196840968006]"
21,0.4200000000000017,"[-0.14885248923064714, -0.03794686194792442, 2.133047227644617]","[0.23740463643296436, 0.0, 2.1651136686739987]","[0.012112682049700589, -0.030721111496372282, 0.03835197614493673]","[-0.050054792295870815, 0.0, 0.060056600249718074]","[0.01095161904527197, -0.04616515383320643, 0.0027938838920816933, -0.9988699131391445]","[[0.9957220141186688, 0.004570286765313684, 0.0922871615029459], [-0.0065926194771043, 0.9997445810561305, 0.02162052536962749], [-0.0921647712947747, -0.022136445688307763, 0.9954977497736481]]","[-0.02208244545005013, -0.06574186594113579, -0.01774419329122389]",[0.4769098466810104],"[0.01239994336345466, -0.04972745201574802, 0.0, -0.9986857764900852]",[0.46056678247500005],"[-1.784161243927365, 0.06247147475879078, 1.9869642970353247]","[976.9655465274648, 1084.0467547220815, 906.5786391998297, 1062.4336620497168]"
22,0.4400000000000013,"[-0.14849070034530984, -0.038681400168094286, 2.134444689439486]","[0.2363837679869089, 0.0, 2.1663385087546208]","[0.02677123868154462, -0.027247277572616115, 0.07158980095755671]","[-0.0520436825438796, 0.0, 0.06244130113115061]","[0.010869224759574195, -0.045725905189523026, 0.002926499851926032, -0.9988906564652835]","[[0.9958012608137347, 0.004852496434792086, 0.09141397647376283], [-0.006840516998151709, 0.9997466975307888, 0.02144670040118692], [-0.09128674133516505, -0.021981967820252208, 0.995582109522753]]","[0.004223054585561841, -0.04375932926751483, -0.017463130183470656]",[0.47230216449200013],"[0.011976201902075004, -0.047071760712888246, 0.0, -0.9988196691147048]",[0.46056678247500005],"[-2.1736035839009427, -0.6979385892786667, 0.8758023738622924]","[969.3943417812324, 1095.5652632191984, 904.5598587767329, 1068.3882467222563]"
23,0.46000000000000085,"[-0.14812203366575244, -0.03957160721826691, 2.136177639195588]","[0.2353231703542748, 0.0, 2.167610981419829]","[0.015377483567064198, -0.03164349190703658, 0.058202928575281795]","[-0.05403248268635456, 0.0, 0.0648255695520492]","[0.011150639632674956, -0.04524473789622245, 0.003077052061542745, -0.9989090029059956]","[[0.9958869782941808, 0.005138374478259786, 0.09045937423465585], [-0.00715640554848222, 0.999732477380341, 0.02199850780644377], [-0.09032212983997888, -0.0225553894625139, 0.9956572412645242]]","[-0.021894086194480276, -0.05542462944628615, -0.014940626525665494]",[0.4746717985763982],"[0.012960746618079135, -0.048871962180355714, 0.0, -0.9987204038110179]",[0.46056678247500005],"[-2.879674822389252, -0.8881210934924801, -1.337192217206951]","[947.0657395157075, 1113.72250330759, 905.8539823390047, 1062.0145386295803]"
24,0.4800000000000004,"[-0.14768739883941762, -0.04046102585060195, 2.1383121931386397]","[0.2342207958816608, 0.0, 2.1689335341256517]","[0.02152953378522862, -0.030141608353457583, 0.06846976604775304]","[-0.05602117633960888, 0.0, 0.06720932688912347]","[0.011430907074554806, -0.044280082521205216, 0.0032329074659422316, -0.9989485572578438]","[[0.9960577082853067, 0.005446693480595177, 0.08854095922928007], [-0.007471339514809239, 0.999717828428382, 0.02255146944179932], [-0.0883931389699848, -0.02312408307930069, 0.9958172803935792]]","[-0.023375486234233998, -0.07472369351582293, -0.014422957262128784]",[0.47334756334533007],"[0.012869885038024765, -0.047539956747972074, 0.0, -0.9987862122431267]",[0.46056678247500005],"[-2.5490654485235718, -0.2924396590742279, 0.46716431567088534]","[953.3528815217007, 1097.0437502030518, 902.2080652747682, 1053.3918730340404]"
25,0.5,"[-0.14738644470828194, -0.04122238797191201, 2.1401102129389065]","[0.2330805184822477, 0.0, 2.1703015154337084]","[0.01207155231577235, -0.026639096175197757, 0.0732041312090924]","[-0.058009761962751025, 0.0, 0.06959256575676875]","[0.01177662777347376, -0.043688713879798696, 0.003336604848103965, -0.9989702020224975]","[[0.9961603168382012, 0.005637326195830954, 0.08736603456785777], [-0.0076953490808876965, 0.9997003463557131, 0.023237456502944148], [-0.0872088587545646, -0.0238205444010992, 0.9959052047785961]]","[-0.037718017888777815, -0.05587724964910264, -0.014687582804733494]",[0.4731045571562397],"[0.012334121683277294, -0.0492157995252605, 0.0, -0.9987117819253847]",[0.46056678247500005],"[-2.661071626489927, 0.634671165644642, 1.1644154034700875]","[954.3262752930495, 1102.060069185453, 921.1630337376721, 1040.2233107408304]"
26,0.5199999999999996,"[-0.14706451536258147, -0.04187320280422298, 2.1420494429823314]","[0.23190042569089958, 0.0, 2.1717172094304833]","[0.01746078510476847, -0.015235485130618358, 0.09398039243895343]","[-0.05999822237689961, 0.0, 0.07197520372056036]","[0.01215756878639413, -0.042903731120289425, 0.0034244046851285887, -0.9989993753723216]","[[0.9962951017815951, 0.0057987461583552695, 0.08580486605164615], [-0.007885166407506777, 0.9996809491120875, 0.023996967771591906], [-0.08563833630959854, -0.024584646723023174, 0.9960229419188984]]","[-0.034399626553459996, -0.08425606657468676, -0.012102893212501931]",[0.47031385173460566],"[0.010264801023094128, -0.04818393842878999, 0.0, -0.9987854031264688]",[0.46056678247500005],"[-2.0474966482402297, -0.7168742784384321, 1.8856873256355868]","[940.6020559922143, 1121.590636438429, 890.3032941631243, 1076.5589397518775]"
27,0.5399999999999991,"[-0.1468444754763467, -0.04244350733680954, 2.1437256677961645]","[0.23067617101437213, 0.0, 2.1731858132229185]","[0.013083001484353783, -0.02620421411207617, 0.102402740437973]","[-0.061986527778502144, 0.0, 0.07435709776746692]","[0.012185535396245823, -0.04224170729632047, 0.0034979211216496636, -0.999026938689489]","[[0.9964067142127039, 0.005959559220963597, 0.08448645513380326], [-0.008018510498792271, 0.9996784633375335, 0.024051839926075066], [-0.0843159589672387, -0.024642872566740432, 0.9961342105712641]]","[-0.020824461285404668, -0.08232261355371061, -0.01100221384659909]",[0.4696166545873128],"[0.01260788028648545, -0.048905230966056576, 0.0, -0.9987223631595012]",[0.46062425582228095],"[-2.9346157163329774, -1.0919557577616983, -0.9734404101315128]","[938.2900890655576, 1121.8702671966726, 877.771157852248, 1082.4198218688848]"
28,0.5599999999999987,"[-0.14657267967800142, -0.04315643771308375, 2.1461594426746644]","[0.22942137080403455, 0.0, 2.1746910055342115]","[0.0091812427365232, -0.019284905964086545, 0.09062696201059316]","[-0.06397471554099393, 0.0, 0.07673842726930483]","[0.012464486798110777, -0.04155768306126782, 0.0036358417136038417, -0.9990517514057822]","[[0.9965195050517139, 0.006228797679865748, 0.08312718989553053], [-0.008300778447374726, 0.9996628602322749, 0.024603140416863872], [-0.08294591429137357, -0.025207529047243417, 0.9962352168793661]]","[-0.011968561654420201, -0.045543427306938215, -0.013491279473695536]",[0.4715257771945374],"[0.011327557981435156, -0.04923810699551866, 0.0, -0.9987223461084901]",[0.46064716516000004],"[-2.3525095509382745, 0.10218909771004814, -1.04199343798674]","[931.333960504876, 1121.1732404905679, 911.8477565466526, 1044.710114564275]"
29,0.5799999999999983,"[-0.1463370111284364, -0.04380771554235862, 2.1485416106969732]","[0.22812155299249282, 0.0, 2.176250110536719]","[0.0094166882048824, -0.017649085434447445, 0.09805362157816108]","[-0.06596271546688195, 0.0, 0.07911885537309947]","[0.012617974967634105, -0.04100690651849504, 0.003732672567421095, -0.9990722523789098]","[[0.9966090795390398, 0.0064235709387517595, 0.08203192245508467], [-0.008493267418553689, 0.9996537857189053, 0.024906406632677038], [-0.08184352737901229, -0.02551866805282259, 0.9963185186434632]]","[-0.005895838957082714, -0.05440880482198429, -0.012394941001986617]",[0.4706899927773158],"[0.011159919410308375, -0.04902599012776404, 0.0, -0.9987351475578776]",[0.46064716516000004],"[-2.8062266963585403, -0.5030590888249704, 0.6683715806358137]","[932.5638034328923, 1108.637393211992, 897.9876132996721, 1049.8248637147824]"
30,0.6000000000000014,"[-0.14624209379265402, -0.04440371075141656, 2.1508985865055226]","[0.22678238392364516, 0.0, 2.1778563281295957]","[0.0013345967390497645, -0.015363920958864852, 0.10724259218917213]","[-0.06795053310669993, 0.0, 0.08149840874632017]","[0.012361200908450087, -0.04057381541505604, 0.0037740015600889643, -0.999092970713588]","[[0.996679085832091, 0.006538074692358245, 0.08116732993545235], [-0.008544239028229752, 0.9996659562509629, 0.024393726589071435], [-0.0809807251694001, -0.025006229159772166, 0.996401973431844]]","[0.012467054023928902, -0.0455673388502628, -0.011609329813058789]",[0.4697427836372652],"[0.010858557556532266, -0.050504954134281216, 0.0, -0.9986646289868506]",[0.46064716516000004],"[-2.1831942379552625, 0.07661206880807558, 2.1748205258354965]","[948.8488556440694, 1093.7263770177708, 882.7946406130595, 1064.093832051958]"
31,0.620000000000001,"[-0.14612477848866923, -0.04487625997356921, 2.1533732601404045]","[0.2254029960924537, 0.0, 2.1795106829603488]","[0.007688779773803168, -0.009090956279205024, 0.13218570367583996]","[-0.0699381471808702, 0.0, 0.08387698530976463]","[0.012111029158032284, -0.04030727148887928, 0.0038536120082584414, -0.9991065077515844]","[[0.996720964398445, 0.006724012591036241, 0.0806358569232899], [-0.008676662752166402, 0.999676962613668, 0.023889758923859136], [-0.08044917209370686, -0.02451107326557785, 0.996457310994932]]","[0.01922521739138176, -0.017806806458435506, -0.011982834868646477]",[0.4663370199034078],"[0.009788179779804888, -0.04933831035372463, 0.0, -0.9987339300396272]",[0.46064716516000004],"[-2.1413384816887695, -0.7789940754923602, 1.4690312536921581]","[958.628470740337, 1089.4571764198877, 892.0798590364718, 1060.0057881237528]"
32,0.6400000000000006,"[-0.1461291457728662, -0.045339606553574587, 2.155589678047085]","[0.22398210867973184, 0.0, 2.1812146913478196]","[-0.0013437781837754969, -0.016340683436760324, 0.12842188623143938]","[-0.07192553120290483, 0.0, 0.0862544580116597]","[0.012177671362096985, -0.04014351334325387, 0.003932581648590868, -0.9991119793954407]","[[0.996746076189316, 0.006880469844487414, 0.08031150952637363], [-0.008835887895743817, 0.9996724881567896, 0.024017979390256496], [-0.08011995077868901, -0.02464944996579107, 0.9964804152265552]]","[-0.0026767102106972085, -0.02596892986294639, -0.011942375443135214]",[0.4672980025314793],"[0.01134179141231611, -0.05081628124668091, 0.0, -0.9986426752799094]",[0.46064716516000004],"[-3.5878257909676865, -0.9184876146599877, -2.099968419010583]","[936.0796330657391, 1107.9180507350852, 894.3932205110395, 1052.9085942519573]"
33,0.6600000000000001,"[-0.14622732264820326, -0.045820680027641066, 2.1583102819960254]","[0.2225268912145514, 0.0, 2.1829597616840286]","[-0.009831733280259044, -0.011693471552785259, 0.11350440367650753]","[-0.07391270928803727, 0.0, 0.08863094260377642]","[0.012184828261762159, -0.0397653326640895, 0.0040336946258109786, -0.9991266135322163]","[[0.9968049075339034, 0.0070912758044517025, 0.07955950407385932], [-0.00902941080158679, 0.9996705308181375, 0.02402756997797069], [-0.07936290456875573, -0.024669174812613583, 0.9965405088390348]]","[-0.005178227987162803, -0.02846394040866715, -0.013627673315757288]",[0.46969225724649305],"[0.010474001173917783, -0.05202610969376991, 0.0, -0.9985906110275499]",[0.46064716516000004],"[-2.1657261055013524, -0.11555640624480756, -0.7565436549118836]","[932.1613717616846, 1107.4974029725902, 894.4321687008314, 1046.498947913204]"
34,0.6799999999999997,"[-0.14630951518718413, -0.04620724011520928, 2.16084755804601]","[0.22102819406717955, 0.0, 2.184756819771248]","[-0.004972408812677678, -0.010175862505150185, 0.12282285241069553]","[-0.07589960605939251, 0.0, 0.0910060774740845]","[0.012267710483208485, -0.039620974186091965, 0.004152049592030237, -0.9991308658822309]","[[0.9968259227678067, 0.007324764527386963, 0.07927494877590907], [-0.009268999088897575, 0.9996645725177169, 0.024185079895550823], [-0.07907120420668126, -0.024843112894371636, 0.9965594083584364]]","[-0.004994412475241112, -0.004318042361747071, -0.014660481506521406]",[0.46853415640916823],"[0.010298730003478692, -0.050937592177198114, 0.0, -0.998648639738136]",[0.46064716516000004],"[-2.4695048405785256, -0.48570682826702416, -0.0066701782246632035]","[948.3426311199692, 1081.4743032693018, 891.2023526181142, 1039.4789257179796]"
35,0.6999999999999993,"[-0.14656152192342553, -0.04661662563783709, 2.163424427971077]","[0.21949042596146387, 0.0, 2.186600573360587]","[-0.01574687220131377, -0.00696446150081606, 0.11814093751287617]","[-0.07788622694746432, 0.0, 0.09337988874817157]","[0.012420910386414963, -0.039551600407143984, 0.004245569179788137, -0.9991313536941884]","[[0.9968353869971819, 0.007501228795015235, 0.07913995577976571], [-0.009466296332200952, 0.99965548715706, 0.02448440390558624], [-0.07892902044247982, -0.025156080128385702, 0.996562878682848]]","[-0.015266140788156704, -0.015058807493364126, -0.013696701807030769]",[0.46956889660219986],"[0.009741105081199315, -0.05275959776099593, 0.0, -0.9985594463372872]",[0.46064716516000004],"[-2.8204343572801536, 0.8480758700245916, 0.2353825975263497]","[933.7830625232388, 1100.6362010689575, 877.5579507713163, 1056.1980177071687]"
36,0.7199999999999989,"[-0.14683821033061145, -0.04688928783399458, 2.1661549482923066]","[0.21791253367364222, 0.0, 2.188492260300048]","[-0.014344676239177961, 0.007663486592431988, 0.134047875961202]","[-0.07987254199268841, 0.0, 0.09575223276676025]","[0.012495161400026553, -0.039230139058763935, 0.0043021444192216495, -0.9991428674940355]","[[0.9968850864654427, 0.007616539984219678, 0.07850053924049512], [-0.009577287661358643, 0.9996508359697571, 0.02463135533441273], [-0.07828551528495752, -0.025306450229680536, 0.9966098452418249]]","[-5.699367681346462e-05, -0.029413392402405453, -0.00890889403186694]",[0.4674564033015667],"[0.006928560670005295, -0.05248507787723013, 0.0, -0.998597080344502]",[0.46064716516000004],"[-2.0890468383255447, -0.5435877903803584, 1.780873832976983]","[921.125944551689, 1118.9083374305283, 872.9119377810384, 1069.8811983472385]"
37,0.7399999999999984,"[-0.1471537958028131, -0.047088514463144895, 2.168735814713888]","[0.21629297651607832, 0.0, 2.1904336960510635]","[-0.018730513031853222, -0.004722406479517745, 0.14458804095652603]","[-0.08185851311100127, 0.0, 0.09812292692370438]","[0.012247014226778706, -0.03923016112037673, 0.004351968890684062, -0.9991457075728376]","[[0.9968841891439411, 0.00773559739051486, 0.07849989143146788], [-0.00965740675595516, 0.9996622215120606, 0.02413164650899403], [-0.07828669693179305, -0.024814560272083643, 0.9966220896954502]]","[0.018095029363797286, -0.0010441964020085973, -0.008613363100171684]",[0.466361638161044],"[0.00952357195391738, -0.0532698460579425, 0.0, -0.9985332209386526]",[0.4606655917517779],"[-3.0233504379781757, -1.5769673888950744, 0.5862853852976428]","[926.3006815974419, 1112.6942939697742, 893.8952058740778, 1050.2030722873692]"
38,0.7600000000000016,"[-0.14756029984909494, -0.04731421770323935, 2.171530180994834]","[0.21463581386842923, 0.0, 2.192420009774509]","[-0.02676918284240177, -0.0017464071587350053, 0.1460442591352473]","[-0.08384414940720393, 0.0, 0.10049201499791699]","[0.012078623634306207, -0.039288113868958016, 0.00443326327511825, -0.999145111495097]","[[0.9968736372588023, 0.007909853977160467, 0.07861614926120813], [-0.009808039340060104, 0.9996689627437643, 0.023788246410884544], [-0.07840195838692035, -0.024484944620340208, 0.9966211586075369]]","[0.03489203117480857, 0.005833289412791145, -0.012185290424873447]",[0.46649051307845596],"[0.009001842387617889, -0.054652861139239034, 0.0, -0.998464092300127]",[0.460671279965],"[-2.585293162575107, 0.09822532305094023, -0.7044731429684745]","[930.4073639654731, 1107.9938162290618, 895.5225304926339, 1044.2908190131423]"
39,0.7800000000000011,"[-0.14817923153007093, -0.047475553895033926, 2.175117032979411]","[0.21294230760909053, 0.0, 2.1944496753846487]","[-0.027814106568797757, 0.0033821131977779164, 0.139833525170118]","[-0.08582944193673825, 0.0, 0.10285945417652216]","[0.011768254034285134, -0.039327006712930664, 0.0045262657057915864, -0.9991469018796986]","[[0.9968659228005771, 0.008119188303240373, 0.07869344632415841], [-0.009970429124863591, 0.999682166108544, 0.023160420154186165], [-0.0784803813455487, -0.023872438081370857, 0.996629913357025]]","[0.03237155701542205, -0.004421375789306731, -0.013028281064274309]",[0.46747273194823014],"[0.008022980478548094, -0.05455225290721964, 0.0, -0.9984786456294864]",[0.460671279965],"[-3.027601221565786, -0.015305073038441752, -1.1419585470754114]","[899.8209999269025, 1130.4269376761501, 896.6626347342757, 1037.8646188227533]"
40,0.8000000000000007,"[-0.14875943303835926, -0.047605570110550985, 2.1784498822659457]","[0.21120505098048073, 0.0, 2.1965314966652385]","[-0.03977431659254313, 0.006869045932998129, 0.1382725566960797]","[-0.08781429002040317, 0.0, 0.10522476169622831]","[0.011187015960363852, -0.039505403120853835, 0.004531731065989319, -0.9991464969589745]","[[0.9968376582492918, 0.008171831289019575, 0.0790447633738331], [-0.009939621589953975, 0.9997087133485794, 0.02199687989124895], [-0.07884197718277991, -0.022712991341637772, 0.9966284327700059]]","[0.045910700568943565, 0.030719296356459272, -0.012694233766470484]",[0.4680177921612145],"[0.007380409953628627, -0.056681010659286275, 0.0, -0.9983646649926267]",[0.460671279965],"[-2.6883780475700383, -0.21883740487166037, 1.0934588881542595]","[931.5219263181225, 1095.0192273211462, 879.1488445677273, 1054.0315399786957]"
41,0.8200000000000003,"[-0.1494657846012128, -0.047722592065146105, 2.181565221191181]","[0.2094275383992518, 0.0, 2.1986612733623128]","[-0.035962805785753546, 0.010256513813153895, 0.15936257853520858]","[-0.08979869618108005, 0.0, 0.10758794983837779]","[0.010694670366597249, -0.040033244238406464, 0.004548535436702261, -0.9991307366747746]","[[0.9967532551236571, 0.008232878421656825, 0.08009417978909308], [-0.009945447824997766, 0.9997298244636605, 0.021006562503615284], [-0.07989959944050781, -0.02173493302387348, 0.9965658815243946]]","[0.04924143133730909, 0.03815298987028456, -0.009603045054179304]",[0.46519558032257463],"[0.006805931200646094, -0.05605732612348438, 0.0, -0.9984042122708203]",[0.460671279965],"[-1.6721341804056906, 0.550830300664978, 2.558183761410451]","[943.2206112665664, 1086.8383933226621, 863.6371597861144, 1073.3724598309332]"
42,0.8399999999999999,"[-0.14999839177156135, -0.04770336752157121, 2.1840006812089254]","[0.2076153656427819, 0.0, 2.200832313755711]","[-0.0370013629949628, 0.020497648511654296, 0.17353975356035556]","[-0.09178269786722183, 0.0, 0.10994919834265149]","[0.010432967436846689, -0.04024021612330237, 0.004564827000594011, -0.9991251488092671]","[[0.9967197971534829, 0.00828201718358193, 0.08050527322752717], [-0.009961316641446276, 0.9997406535217065, 0.02048030103558459], [-0.08031477446171902, -0.021215059535862148, 0.996543778825497]]","[0.025779741560567785, 0.0346515926634677, -0.009758728523314471]",[0.4634766042886936],"[0.004799767756848111, -0.056244168416144505, 0.0, -0.9984054979073504]",[0.460671279965],"[-2.669178673067498, -0.39637070749731385, 0.9634866872330043]","[929.9533917734324, 1101.9870212407282, 889.1528034389747, 1047.9067835468647]"
43,0.8599999999999994,"[-0.1510661699939089, -0.04762730590074556, 2.1886899583927475]","[0.20575666491786399, 0.0, 2.203058706596411]","[-0.044273991736112746, 0.012467627673330381, 0.17480266250666174]","[-0.09376611990185062, 0.0, 0.11230766739628657]","[0.010129253715548044, -0.041015979090156175, 0.004623367070111956, -0.9990964409117804]","[[0.9965926139596316, 0.008407456652363551, 0.08205149997512062], [-0.010069301686746772, 0.9997520314794119, 0.0198609388184453], [-0.08186417494282752, -0.020619466526740612, 0.9964301614440937]]","[0.018951125070420384, 0.06191083429317646, -0.010536141266419021]",[0.46344888639073234],"[0.00646635589788941, -0.057569504080598084, 0.0, -0.9983201793322245]",[0.460671279965],"[-3.50714015978565, -1.374741321262396, -0.6706253042721819]","[935.769295056036, 1091.2402682039874, 894.0778432071128, 1033.7953119723973]"
44,0.879999999999999,"[-0.1520104801715041, -0.047540038891560964, 2.1921515040124673]","[0.20385969593522488, 0.0, 2.2053305828089713]","[-0.05467415314738876, 0.012024687342118371, 0.16818546208455878]","[-0.09574902690580851, 0.0, 0.11466366713148626]","[0.009866153737318554, -0.041660350192195654, 0.0046530699249302775, -0.999072237358581]","[[0.9964854406123865, 0.008475451121478572, 0.08333521435777752], [-0.010119560800465496, 0.9997619281895224, 0.019326303531850407], [-0.0831515827448581, -0.020101697622015885, 0.9963340607527023]]","[0.019203424574352188, 0.061127329163632706, -0.008697417453022546]",[0.4647189803972233],"[0.006573529535480138, -0.05933397468474799, 0.0, -0.9982160968276744]",[0.460671279965],"[-2.669238513044125, 0.16229504610043877, -0.4665974034610869]","[945.3264355068444, 1075.440285932201, 885.028268550637, 1037.5788878375424]"
