,t,p,p_d,v,v_d,q,R,w,T_sp,q_sp,hover_throttle,fa,pwm
0,0.0,"[-0.6942960252729639, -0.04196679367824263, 2.0491538424145315]","[0.24980841375159113, 0.0, 2.1502299034971135]","[0.01500611141666956, -0.023089853947730422, 0.04548501092970265]","[-0.0061711156847376715, 0.0, 0.00740533855836738]","[0.008679832424705831, -0.13082896620989387, 0.0018436699043846635, -0.9913652539312935]","[[0.9657607886749131, 0.0013843535598528104, 0.2594305881081132], [-0.005926647571850332, 0.9998425464921702, 0.01672735769635326], [-0.25936657712484706, -0.017692179406845022, 0.9656169079305038]]","[-0.05138066685214661, -0.11273522535175509, 0.006907461538326471]",[0.5105897822621355],"[0.010613754853999563, -0.12995786671884443, 0.0, -0.9914626113559767]",[0.4779376815127523],"[-7.188735183575866, -0.4635095101041892, -0.8192828845249878]","[978.8121406191565, 1195.4253447123879, 988.0651802624062, 1131.1438855654349]"
1,0.020000000000003126,"[-0.6936734006688754, -0.04243122926957165, 2.048762740965347]","[0.249660826837633, 0.0, 2.150407007774391]","[0.030378985246696768, -0.015694849270723826, 0.04094817148469858]","[-0.00816055220707704, 0.0, 0.009792661426482545]","[0.009506926359797729, -0.12959134869376163, 0.0019240660486212532, -0.9915199616893647]","[[0.9664045963908623, 0.001351468971836582, 0.25702140209269453], [-0.006279530607430427, 0.9998116684057773, 0.018353929891667103], [-0.256948234275752, -0.01935129914853392, 0.96623123715356]]","[-0.059190934801630436, -0.1092332552412276, 0.002436901768370781]",[0.511157311922325],"[0.00928468263428182, -0.12724746751252614, 0.0, -0.9918261483032311]",[0.478029002732],"[-7.128531573271554, -0.509049315197399, -0.8609449623771965]","[987.7230121753486, 1187.4557890934625, 976.376545953888, 1141.5197747143775]"
2,0.03999999999999915,"[-0.6931590158903338, -0.04276531765360211, 2.048572800562582]","[0.24948179751896937, 0.0, 2.1506218429269146]","[0.021532283495719347, -0.03004575260620463, 0.0406061863030351]","[-0.010149988456890373, 0.0, 0.012179982986394637]","[0.010001583773703134, -0.12856149509364317, 0.0019915120388206754, -0.9916491459042712]","[[0.9669360361097393, 0.0013781252982059998, 0.25501563016056], [-0.006521399551212386, 0.9997920887952002, 0.01932406048334991], [-0.2549359570625896, -0.020348187544181013, 0.9667439049941761]]","[-0.05801502348317692, -0.11332646283175467, 0.003994320904566664]",[0.5123054800044039],"[0.012109561168823654, -0.12911894472434782, 0.0, -0.9915550311326964]",[0.478029002732],"[-7.067442241977946, -0.023383475632695383, 0.8798076128827894]","[1003.7975184891972, 1172.1729420129686, 935.1070699646644, 1182.8794213137999]"
3,0.060000000000002274,"[-0.6925383321393415, -0.043072837915060114, 2.048478285411012]","[0.24925871479515024, 0.0, 2.1508895420851877]","[0.03237293186054718, -0.009359238030825404, 0.06364994807462443]","[-0.012139423978971471, 0.0, 0.0145673010535224]","[0.010240395256449805, -0.12731739416558502, 0.002010237998896383, -0.9918071058346611]","[[0.9675724409652079, 0.0013799757848949501, 0.25258976372289577], [-0.006595097542002179, 0.9997821472894212, 0.019801117036460692], [-0.2525074211962228, -0.020824870091149205, 0.9673707916888157]]","[-0.027714943514349923, -0.13159625671658484, 0.0006509316395444508]",[0.5090209072062185],"[0.008277952682353183, -0.12824294393671767, 0.0, -0.9917080211826997]",[0.478029002732],"[-6.305433265480836, 0.39712712965455066, 0.8813924515418172]","[985.3225898581582, 1191.6121553685314, 975.1152933620554, 1144.7553911008574]"
4,0.0799999999999983,"[-0.6919461124626092, -0.04344230175402713, 2.0484476707443466]","[0.2489936551667836, 0.0, 2.151207613394891]","[0.029020060830254366, -0.0190412525399002, 0.06233080312653272]","[-0.014128858241962652, 0.0, 0.0169546130766125]","[0.010297708275463852, -0.12626274563762713, 0.0020791573370217494, -0.991941144724129]","[[0.9681066735611578, 0.0015243695766230907, 0.25053324599902965], [-0.006725237259164612, 0.9997791498416089, 0.019904400841627534], [-0.25044760377616787, -0.020954481297567468, 0.9679032337601687]]","[-0.013051967766336516, -0.10999200967201127, -0.007994430625471036]",[0.5099921303057288],"[0.010224212640562532, -0.12905927869245537, 0.0, -0.9915837860680092]",[0.478029002732],"[-7.188700919145977, -1.0462576093329523, -1.2107411605533223]","[1001.5847660976495, 1178.7383250784897, 964.4437544898832, 1158.8740590701448]"
5,0.10000000000000142,"[-0.6912402786321578, -0.04376151515251161, 2.0485076584749162]","[0.24869372592433076, 0.0, 2.1515675280310362]","[0.02938204094138995, -0.013348930704557319, 0.06390046089318716]","[-0.01611829088204398, 0.0, 0.01934191730975242]","[0.010528101196695753, -0.12511427965730945, 0.002229006304199114, -0.9920840047654755]","[[0.9686829619830404, 0.0017882914070670047, 0.24829468563941984], [-0.007057154596602392, 0.9997684461017595, 0.02033176055938529], [-0.2482008168236651, -0.021447282631791183, 0.968471217091633]]","[0.002552852453224402, -0.09826206141733329, -0.009656594355735916]",[0.5102962841318393],"[0.009210566072792655, -0.12929024704078992, 0.0, -0.9915639920652196]",[0.478029002732],"[-7.621111432613924, -0.3460832501089272, 0.041870101539380755]","[996.5754215020773, 1176.9507457557054, 962.949744745831, 1150.775236748432]"
6,0.11999999999999744,"[-0.6905696276173263, -0.04417666244067319, 2.0487979162453405]","[0.2483515197388426, 0.0, 2.1519781745935145]","[0.020838927247952617, -0.016989243432672625, 0.07570706014266021]","[-0.018107720721558713, 0.0, 0.02172920810058774]","[0.010540835922497743, -0.12378138557598722, 0.0022520801198129318, -0.9922510120834117]","[[0.9693462769225225, 0.0018597390051228054, 0.24569188784377524], [-0.007078776107586445, 0.9997677213088549, 0.020360779029289976], [-0.24559693261566615, -0.0214758414199243, 0.9691342022083647]]","[0.009719755558123426, -0.11909405741713826, -0.0036275248711943727]",[0.5095815185309275],"[0.010030387827819669, -0.13152400124885283, 0.0, -0.9912621899350601]",[0.478029002732],"[-6.131954692125275, -0.5242288002599285, 0.898925608901628]","[1000.4001380843458, 1172.6054577850564, 923.4547159349097, 1193.9468211167864]"
7,0.14000000000000057,"[-0.6900030051015409, -0.044423965295647024, 2.0491297381922]","[0.2479691657880417, 0.0, 2.1524369978253426]","[0.03465913172542963, -0.012628942807103633, 0.08717782945736624]","[-0.020097146696252278, 0.0, 0.024116480339698442]","[0.01007279064478475, -0.12268790349484857, 0.0023042394920602207, -0.9923915036527899]","[[0.969884726450021, 0.0021017962555012373, 0.2435552863025202], [-0.007045034521705896, 0.9997864475551962, 0.01942689908305358], [-0.24346244581452436, -0.020557708332777192, 0.9696924232665473]]","[0.03258150345803858, -0.11770327178384953, -0.007351184199713924]",[0.5078141800459121],"[0.00929778024219108, -0.1296616257911434, 0.0, -0.9915146369062133]",[0.478029002732],"[-7.423480528540596, -0.6026557345241019, 0.03301462601937999]","[997.4604833491528, 1174.6588507855347, 958.6623085107503, 1161.0821700302781]"
8,0.1599999999999966,"[-0.6894559361141022, -0.044750152938905545, 2.049682716419235]","[0.24754783466880234, 0.0, 2.1529425927349877]","[0.011205579940346889, -0.016797832921920185, 0.08901673830501548]","[-0.02208656754847961, 0.0, 0.026503727991293538]","[0.009954405250603506, -0.12154948267645324, 0.002349168691156313, -0.9925326916302243]","[[0.9704404388061783, 0.002243347831128401, 0.2413304395685505], [-0.007083159065378905, 0.9997908119162185, 0.01918906479565953], [-0.2412369012599353, -0.020331225752178612, 0.9702532956254708]]","[0.004968132937236948, -0.09697774002059624, -0.004530363229504568]",[0.5091781094269023],"[0.010171978521502312, -0.1342756374593987, 0.0, -0.9908917982323305]",[0.478029002732],"[-8.125396041755657, 0.011586352641398956, -0.319740843372319]","[967.507628188443, 1200.7768439648255, 948.2510580514149, 1168.0243219072536]"
9,0.17999999999999972,"[-0.689053183896792, -0.04493855371640552, 2.050225715944755]","[0.24708338195781068, 0.0, 2.153499932017027]","[0.017000353718502333, -0.0057022380727531664, 0.0964846618383861]","[-0.02407598083248537, 0.0, 0.02889093931560567]","[0.009917545549577548, -0.12061208021172988, 0.0024087510019691577, -0.992647250502473]","[[0.9708938456654572, 0.002389728519841259, 0.23949827739467403], [-0.0071744317171577865, 0.9997916780320029, 0.019108199704923206], [-0.23940272180355557, -0.02027029758116156, 0.9707087344087802]]","[0.0018244308225120053, -0.10106638883086014, -0.0027588651114739664]",[0.508315740989649],"[0.00811246448468532, -0.1337622485596841, 0.0, -0.9909799085760166]",[0.478029002732],"[-6.253668724920306, -0.1709058082801594, -0.19376720002977166]","[974.5388136023079, 1189.3085120621556, 937.1066620475199, 1173.0637927037437]"
10,0.20000000000000284,"[-0.6886005122980705, -0.04519537397895713, 2.051005972940248]","[0.24658406991768084, 0.0, 2.1540991007450594]","[0.011911145192565477, -0.010749966956510452, 0.10036803158627584]","[-0.02606538610495904, 0.0, 0.03127811218489281]","[0.009909051488329868, -0.11957442340368421, 0.002434147496570566, -0.9927728453908015]","[[0.971392144040388, 0.0024633728361535883, 0.23746872130262744], [-0.007202849308931439, 0.9997918509022383, 0.019092750915622507], [-0.2373722409311326, -0.020256998049150293, 0.9712076155856613]]","[-0.010521412518933038, -0.0778846587776387, -0.0004253607866924297]",[0.5085050045107392],"[0.00916689045804915, -0.1350897829172432, 0.0, -0.9907907424132399]",[0.47804061658481867],"[-7.196680658592529, 0.23920605796220196, 0.8642449562671999]","[959.7164210506571, 1208.7747878598066, 949.6260641327051, 1163.7955788698985]"
11,0.21999999999999886,"[-0.6883925443699652, -0.04530155393501938, 2.0517991211577833]","[0.24604363259188464, 0.0, 2.1547476171009743]","[0.008358451703281825, 0.003428675489709933, 0.11974045476557593]","[-0.028054779885927802, 0.0, 0.03366522989519076]","[0.01025078849181928, -0.11905193735315299, 0.002468777222079717, -0.992832118595385]","[[0.9716412357307933, 0.0024614101807778886, 0.23644778819670578], [-0.007342915098171851, 0.9997778059764635, 0.0197667986888484], [-0.23634656054415795, -0.020942449533576105, 0.9714432681233298]]","[-0.027720921386035866, -0.043565032848573916, 0.000586149168620305]",[0.5066494089662248],"[0.006512858946109248, -0.13676969678319023, 0.0, -0.9905814403886325]",[0.4783135528631142],"[-7.219797306351077, -0.785979224998393, 0.7004611325336896]","[986.9601469411972, 1181.1302157675518, 926.5789850862175, 1182.880912768992]"
12,0.240000000000002,"[-0.6881529011073463, -0.04541894044689079, 2.052857116408019]","[0.2454622106341777, 0.0, 2.155445311299302]","[0.0005980470589984554, -0.01328028577255113, 0.11868273346262208]","[-0.030044159054436543, 0.0, 0.03605227746657477]","[0.010222714622514424, -0.11868846755161364, 0.0025009212087534214, -0.9928758205888256]","[[0.9718136920675444, 0.002539571729210683, 0.23573695163709812], [-0.007392845060265521, 0.9997785889385385, 0.019706111327480246], [-0.23563468682185623, -0.02089343335041734, 0.9716171934928224]]","[-0.009662775366142568, -0.015296505222626865, 0.000305660732829191]",[0.5076897625019859],"[0.009799837968488418, -0.1384113934170539, 0.0, -0.9903262545653627]",[0.478314680059],"[-7.74606683004362, -1.2172979475930987, -1.8545175812147825]","[975.2005719031297, 1193.536382017427, 927.4189647579667, 1184.2268140823703]"
13,0.259999999999998,"[-0.6881687298767197, -0.0455534006008663, 2.0539597446427518]","[0.24484173974210247, 0.0, 2.1561898595743405]","[-0.007823979287917903, -0.0038962024867822084, 0.11115989858712814]","[-0.03203352116593805, 0.0, 0.03843924316484185]","[0.010249859486209871, -0.11877517933130445, 0.002498704533341733, -0.9928651991584361]","[[0.9717725765698795, 0.0025268957510783544, 0.2359067069044377], [-0.007396611345459352, 0.9997775437812725, 0.019759889402156283], [-0.2358042614229805, -0.020947025718330715, 0.9715749443795952]]","[0.0005904833984434091, 0.0021170604446080657, -0.002984997687188893]",[0.5096019159310458],"[0.00801519974252572, -0.1399582497464812, 0.0, -0.9901249368650773]",[0.478314680059],"[-6.641377141994604, 0.0638853539402191, -0.2813347398393695]","[956.534205678922, 1204.2669532579637, 948.3558567766847, 1155.5395714209424]"
14,0.28000000000000114,"[-0.6881723177006708, -0.04566833655110044, 2.055150755560973]","[0.2441712754033982, 0.0, 2.1569943918084253]","[-0.0035306099331605632, -0.00809838275199537, 0.12639699660076673]","[-0.03402285557940598, 0.0, 0.04082607591512791]","[0.010174300252629394, -0.11900443992150024, 0.0025522432399592977, -0.9928382798013434]","[[0.9716627955579356, 0.0026463557696769138, 0.2363562614188514], [-0.0074895033823062715, 0.9997798762287341, 0.0195954129673763], [-0.23625239226268707, -0.020810326076635462, 0.971468790677786]]","[0.010536611131926183, 0.029896415122597997, -0.004771734661961825]",[0.507747562671699],"[0.00891933922107068, -0.1400618612249018, 0.0, -0.9901014234636766]",[0.478314680059],"[-6.860049721082079, -1.3032841064573084, 0.17990421455777295]","[957.2108448407467, 1207.3628216743004, 959.0110418595498, 1150.8373973622677]"
15,0.29999999999999716,"[-0.6882457212038744, -0.045817554012386644, 2.0563173567716677]","[0.24348048376222958, 0.0, 2.157823312981003]","[-0.013572124463406606, -0.010480871239717193, 0.12428867832309716]","[-0.03601217746459688, 0.0, 0.04321284853060932]","[0.010262282448470215, -0.11948082819098622, 0.0025648235310513664, -0.9927802105108126]","[[0.9714356141979961, 0.002640320078014436, 0.23728904541391932], [-0.007544904102306608, 0.9997763219262997, 0.019763487379719863], [-0.2371837616398948, -0.020989276338334847, 0.9712381419553826]]","[0.002320018593213232, 0.06899161549865587, -0.0007987933534483243]",[0.5090304155505359],"[0.009425299462437593, -0.1421027850259398, 0.0, -0.9898069694106097]",[0.478314680059],"[-7.333483319792029, 0.5620456074666416, -0.7144997959785115]","[968.5873976666617, 1202.834909723136, 963.1729645284483, 1153.4509177116663]"
16,0.3200000000000003,"[-0.688394162256679, -0.04585721046818762, 2.0575590541357744]","[0.24274027653150976, 0.0, 2.1587115210994283]","[-0.013409471053895932, 0.0033691291480045515, 0.13381321539031027]","[-0.0380014630453188, 0.0, 0.045599446888935545]","[0.009848122349202697, -0.12035133665451608, 0.0026121998741968225, -0.9926790914903939]","[[0.9710174963732873, 0.002815683019290531, 0.23899196158764247], [-0.007556621772345562, 0.9997924138147349, 0.01892328680004886], [-0.23888906053179582, -0.020180813785922246, 0.970837172522043]]","[0.05114745573180271, 0.10069543444041164, -0.012967599049651122]",[0.5081475918890628],"[0.00680980133344144, -0.14276092534723792, 0.0, -0.9897336548182284]",[0.478314680059],"[-6.6196053380414765, -0.6863227354792152, 2.0632050351086058]","[1021.8503722785528, 1141.3407776875504, 929.5883185420142, 1180.368078141986]"
17,0.3400000000000034,"[-0.6885728249898572, -0.046074645820564336, 2.059033312059188]","[0.24196083888943884, 0.0, 2.1596467937843844]","[-0.015732581976260138, -0.012693089436037308, 0.1562198479906169]","[-0.03999071398255016, 0.0, 0.04798587896376244]","[0.009261290846031464, -0.12161643563349517, 0.002695141093453009, -0.992530339706184]","[[0.9704044255436981, 0.003097368245963096, 0.24146592531741157], [-0.00760266897420095, 0.9998139973598207, 0.01772867739242853], [-0.24136608337526133, -0.019039771205688994, 0.9702474100984557]]","[0.058794541215658636, 0.14508832763973195, -0.020227989627791425]",[0.5056541281988073],"[0.010049174036743195, -0.1443838528404993, 0.0, -0.9894706736203859]",[0.478314680059],"[-6.836929290595167, -1.777700554055564, -1.8511593977468799]","[1000.9746890067153, 1165.6963106825037, 941.8169731652481, 1167.1885239709895]"
18,0.35999999999999943,"[-0.6888586846195865, -0.04619545872989875, 2.060501884424939]","[0.2411408442577281, 0.0, 2.160630719719791]","[-0.017720071536621283, -0.010829339979321145, 0.12066340299324191]","[-0.041979923153068144, 0.0, 0.050372110565790044]","[0.008917996300086673, -0.1230602586319532, 0.002856878270077433, -0.9923550439821512]","[[0.9696960749668124, 0.0034751732603737506, 0.24428989199401838], [-0.007864976985043622, 0.9998246681599222, 0.016996500863618876], [-0.24418798147464896, -0.018402773578801816, 0.9695533371576959]]","[0.02686758498176221, 0.13826366990504357, -0.017658076590914968]",[0.5113221477014689],"[0.0096414609898858, -0.14361316939841212, 0.0, -0.989586848195055]",[0.478314680059],"[-7.835559331891566, 0.20152862379558834, -3.533756016440236]","[973.2950807941247, 1193.7912653203448, 969.2229958926928, 1136.7846828587215]"
19,0.38000000000000256,"[-0.689075198069486, -0.046387707770173175, 2.0619398068572345]","[0.24028139074666627, 0.0, 2.1616619784322957]","[-0.02846024799064324, -0.00683016515776782, 0.12660369163147847]","[-0.04396908530075555, 0.0, 0.05275811646837944]","[0.008585971948581173, -0.12429118579485637, 0.002923608388390072, -0.9922043728107248]","[[0.9690863899867255, 0.0036673127853124356, 0.2466947201341962], [-0.007935955324074546, 0.9998355498907048, 0.016311320317639336], [-0.24659431205575078, -0.017764835331210503, 0.968956047130139]]","[0.022364193760698016, 0.14268606020781235, -0.012262306133485558]",[0.5115135972960249],"[0.008943102358129727, -0.14608296895228112, 0.0, -0.9892316757958394]",[0.478314680059],"[-6.865388740570026, -0.5759522210739968, 0.28051306784390917]","[1015.5061996994987, 1155.593945651204, 949.106135246474, 1151.8539133074912]"
20,0.3999999999999986,"[-0.6893980788111478, -0.04656575211040757, 2.0632445052735036]","[0.23937835050599804, 0.0, 2.16274551707586]","[-0.018831277913320593, -0.010798562350435829, 0.13180677849394234]","[-0.04595818707059631, 0.0, 0.05514383257349884]","[0.008283292596910725, -0.12590808460933609, 0.0030317801231180747, -0.9920024012908005]","[[0.9682753396422538, 0.003929199314366253, 0.24985247079247194], [-0.008100933334909143, 0.9998438053097451, 0.015670641036942594], [-0.2497520183050748, -0.017197543549976407, 0.9681564971511916]]","[0.012761849008583171, 0.15640182161996788, -0.011637211050967839]",[0.5109376525553649],"[0.009790898487690304, -0.14483950652608638, 0.0, -0.9894055458571122]",[0.4783522358455801],"[-6.435548567788337, 0.006540358852031303, -0.44665462091754904]","[1012.1963436730941, 1165.5740586860761, 947.2477330712032, 1168.1689367198076]"
21,0.4200000000000017,"[-0.6896648317938245, -0.046758081839506964, 2.064676041860845]","[0.2384385233863666, 0.0, 2.163873175483582]","[-0.02257173033558572, -0.0012356658304374843, 0.1346527060829491]","[-0.04794723036237728, 0.0, 0.057529268002533634]","[0.008293443103586824, -0.12741642359044208, 0.0030664833878990697, -0.9918096329753131]","[[0.9675107809401905, 0.003969293807934444, 0.2527965360435381], [-0.008196177245973841, 0.9998431085443236, 0.015669592828768977], [-0.2526948092215155, -0.017232474213911383, 0.9673920251839022]]","[-0.0008035699523463303, 0.15319047302756333, -0.006003412040174459]",[0.5112777271487672],"[0.00801544191551711, -0.1459156328508913, 0.0, -0.9892635537637183]",[0.478384271684],"[-6.792961398393007, 0.03501923247678357, 0.2891579647546294]","[1006.8112112845369, 1171.8874180628202, 949.3858461965121, 1171.4041865836489]"
22,0.4399999999999977,"[-0.6899230237759536, -0.04693780322258152, 2.066136325132762]","[0.23746032036454606, 0.0, 2.165046855303304]","[-0.014771663621837489, -0.0060752704840893665, 0.1452964882974305]","[-0.04993620540199051, 0.0, 0.059914375846870316]","[0.008348884192672275, -0.12903694683912353, 0.0031077163657223564, -0.9915994470193902]","[[0.9666789756458505, 0.0040085906080150925, 0.25595782218957286], [-0.008317848710958498, 0.9998406352104507, 0.015755477434415934], [-0.2558540383334085, -0.01735951836031509, 0.9665588837133448]]","[-0.009696333731929487, 0.16097374143405568, -0.002515929485616146]",[0.5099480164303218],"[0.00904540399585788, -0.14520182468613285, 0.0, -0.9893588787646347]",[0.478384271684],"[-6.453702442035159, -1.4047678772016134, -1.2744585697492106]","[1007.3594947276736, 1169.6588625738016, 957.6744468298897, 1162.5069491848803]"
23,0.46000000000000085,"[-0.6901438433291736, -0.04711931088545427, 2.0675961842389903]","[0.23644129602877895, 0.0, 2.1662694836445073]","[-0.015484362660959457, -0.011651778398928277, 0.12843775674788072]","[-0.051925098565019145, 0.0, 0.062299090719613]","[0.008606022838548319, -0.1307191355193417, 0.0031479983383590386, -0.9913767826519172]","[[0.965804586525902, 0.003991761197522435, 0.2592380154956011], [-0.008491648660381424, 0.9998314440495548, 0.01624061522340467], [-0.2591296485132186, -0.01788662970903114, 0.9656762790547834]]","[-0.0338889691265257, 0.1696986321074279, 0.0029476376087322204]",[0.5129410960690024],"[0.010133184942781034, -0.1448979739341769, 0.0, -0.9893944220043542]",[0.478384271684],"[-7.66260871182457, -0.42940393313757175, -2.6965986351006457]","[1004.847729182505, 1173.5718821342903, 959.0298184057563, 1160.1574213043814]"
24,0.4799999999999969,"[-0.690309506342218, -0.047283001265114796, 2.0690429845397555]","[0.2353830558556746, 0.0, 2.167539129282106]","[-0.018708079442009827, -0.006156693992249309, 0.12635731552237506]","[-0.05391390313410665, 0.0, 0.06468338038690262]","[0.0089275928076702, -0.13216364150239843, 0.003116248022893888, -0.9911826414561185]","[[0.9650457915003532, 0.0038177355429041115, 0.26205225576448576], [-0.008537348244153371, 0.999820843944023, 0.016874040668841774], [-0.2619409733907413, -0.018521459414963, 0.9649058096771544]]","[-0.024338822858352538, 0.14925967592715997, 0.0028450714555872786]",[0.5139266048587716],"[0.009129332545314908, -0.145642523248457, 0.0, -0.9892947743364771]",[0.478384271684],"[-7.134444375039162, 0.30313288801445754, 0.603235197684242]","[996.9121083308609, 1180.1780245444488, 956.1691551599098, 1159.8391029817562]"
25,0.5,"[-0.6904690598079918, -0.04750113049936027, 2.070472683717285]","[0.23428442417200313, 0.0, 2.168857194824344]","[-0.01295567835064218, -0.003908395914989401, 0.14448940623595571]","[-0.05590260558048199, 0.0, 0.06706717992612557]","[0.009076931268235318, -0.13358276537659672, 0.0030930900311102144, -0.9909910383793992]","[[0.9642917064179286, 0.003705405843573413, 0.2648147982715282], [-0.008555492163350106, 0.9998156354667499, 0.017163948045784937], [-0.26470249520905276, -0.01881668212544288, 0.9641460594673131]]","[-0.003877142132440819, 0.1433936174159907, -0.002053983644455488]",[0.5116145647381466],"[0.008817758759857379, -0.14557475623511762, 0.0, -0.9893079087372568]",[0.478384271684],"[-6.620829515931152, -1.2402536319634603, -0.1171302704429209]","[1002.5408416446598, 1175.061942140249, 975.263490604881, 1143.7316761233615]"
26,0.5200000000000031,"[-0.690552780398661, -0.04767524455784702, 2.072014088657604]","[0.23314760755069214, 0.0, 2.170221027948316]","[-0.009752604197769833, -0.014323970508939958, 0.13279370574994576]","[-0.05789120068822, 0.0, 0.0694504643135661]","[0.009157172389590301, -0.13503121933343581, 0.0031121148029239075, -0.9907939587921419]","[[0.9635134071319562, 0.003693920784783509, 0.26763322907130294], [-0.00863993739843491, 0.9998125599089598, 0.017305276853359645], [-0.2675192363843166, -0.018986207479537446, 0.963365070036704]]","[-0.01653160941061349, 0.13953420147070741, 0.0038916390757200263]",[0.513663308687425],"[0.010845045760753952, -0.14473440094412623, 0.0, -0.9894100570819365]",[0.478384271684],"[-7.331418149929704, -0.8518839693293319, -3.382345879165303]","[1025.3292275173092, 1158.3373785847386, 979.0993364839753, 1150.9290250819834]"
27,0.5399999999999991,"[-0.6905540124606885, -0.047860705978844155, 2.0735497913486696]","[0.23196900884273564, 0.0, 2.1716349311316483]","[-0.009646671509213377, -0.007628114561690906, 0.11729413280721987]","[-0.05987966526819369, 0.0, 0.07183312227085976]","[0.009270507839719118, -0.13614437881654942, 0.0030340942051473863, -0.9906408948100573]","[[0.9629108271746876, 0.0034871405343454114, 0.2697966336966024], [-0.008535650658955455, 0.9998095263101632, 0.017541338621704632], [-0.2696841233201413, -0.019193638105027364, 0.9627573539987664]]","[-0.016859247494934136, 0.10801681863947309, 0.008041471235107112]",[0.5163416661103313],"[0.009590992521095042, -0.14429286455731452, 0.0, -0.9894871878974282]",[0.478384271684],"[-7.1774809314036885, 0.48020281869864395, -0.8988038358715649]","[1025.6813119833441, 1154.3588533355219, 968.913552092915, 1161.4139784058118]"
28,0.5600000000000023,"[-0.6904343018719077, -0.04800594737863584, 2.0751551109036854]","[0.23075173654206585, 0.0, 2.173095169807011]","[-0.0033361057070434817, -0.0023358344436948193, 0.13480194116679234]","[-0.06186799570521857, 0.0, 0.07421513646404973]","[0.009373037567988168, -0.13690484903495723, 0.0029683038486128122, -0.990535381027398]","[[0.9624964463833214, 0.0033139913808927623, 0.27127383765365204], [-0.008446848553870373, 0.9998066140953884, 0.017755900297014113], [-0.27116254955970703, -0.01938140105815099, 0.9623383603722949]]","[-0.010532605245222962, 0.07849238443431636, 0.007650331947147254]",[0.514028818807004],"[0.008684801598801048, -0.14404138441468933, 0.0, -0.9895335141170462]",[0.478384271684],"[-6.484509455395015, 0.33935559395692066, 2.0231356956557107]","[1010.5044082356166, 1167.986732097887, 978.7675140831608, 1157.996585392611]"
29,0.5799999999999983,"[-0.6902396511198181, -0.048105313679953805, 2.0769229711631545]","[0.22949515827986677, 0.0, 2.1746024918073883]","[0.004277577539720265, 0.003831712160949266, 0.14997265242199545]","[-0.06385617645594369, 0.0, 0.07659643231691965]","[0.009734180666477691, -0.13746418887363226, 0.0028984802827446837, -0.9904546585161849]","[[0.9621903804390249, 0.0030654240979900633, 0.2723605211595365], [-0.008417829096657059, 0.999793678337901, 0.018485654693834595], [-0.27224766383661464, -0.02007940365796945, 0.9620176742684285]]","[-0.025653882003310396, 0.045498395035875036, 0.009716378174880013]",[0.5119441793089667],"[0.007591516059825804, -0.14344694364832739, 0.0, -0.9896284523137344]",[0.478384271684],"[-7.206001040182203, -0.2968728415405505, -1.3822959556447465]","[1008.3794134738584, 1176.1312418192697, 991.0219204453647, 1151.3769822465]"
30,0.6000000000000014,"[-0.6899719408731673, -0.04812563650207737, 2.078439691951941]","[0.22820172179908968, 0.0, 2.176153955312825]","[0.003974534690050822, 0.0016314510759859533, 0.13042910754330286]","[-0.06584420395825492, 0.0, 0.07897699275411434]","[0.009976462165162342, -0.13750261502773678, 0.0028490312913418436, -0.9904471103439094]","[[0.9621699220671682, 0.002900050346707614, 0.27243498194367666], [-0.00838720889244801, 0.9997848007514343, 0.018978817740170063], [-0.2723212889321349, -0.020545814751591476, 0.9619870964311005]]","[-0.035490047930188943, 0.010657512058910227, 0.014626028207284397]",[0.5152304337671506],"[0.00801292285354955, -0.14285785193175432, 0.0, -0.9897107453298789]",[0.478389037598],"[-6.78785716261822, -0.4015028296538891, -2.060950790753722]","[1004.2852333743845, 1176.038615238016, 966.2481751623012, 1166.1897046428523]"
31,0.6199999999999974,"[-0.6894565001094303, -0.04814339045584712, 2.0805881104438115]","[0.22686008387691103, 0.0, 2.1777631285775083]","[0.01670772732380815, 0.004481928628387468, 0.13831633148112676]","[-0.06783201000803132, 0.0, 0.08135649051084158]","[0.010312881318269622, -0.13749724274368505, 0.002783422422394565, -0.9904445627473673]","[[0.9621735481944109, 0.0026776657161697395, 0.2724242031466771], [-0.008349636700189471, 0.9997718206764732, 0.019663248638937692], [-0.272309382726274, -0.0211941002728185, 0.9619763320330045]]","[-0.029959792601806284, 0.00020711899530560796, 0.010394702462430072]",[0.5138441807263854],"[0.007534531966601793, -0.14099771751443005, 0.0, -0.9899807493425336]",[0.478389037598],"[-6.350254125402499, -1.3946682235560277, 0.28700447801532647]","[1002.9686257209622, 1176.081019014066, 955.1938952055491, 1170.6565221465205]"
32,0.6400000000000006,"[-0.6889775686790256, -0.04818836718425839, 2.0823060401364577]","[0.2254875573290932, 0.0, 2.1794092712580606]","[0.02143183763450516, -0.008813948944221063, 0.14370142558700666]","[-0.06981965884535128, 0.0, 0.08373523388526938]","[0.010557081371943144, -0.137466368015234, 0.0026904447743507478, -0.9904465752122897]","[[0.9621916294884642, 0.002426996359022384, 0.27236299330394054], [-0.008231970891191615, 0.999762730224876, 0.02017275883520597], [-0.2722493803263024, -0.021652141521108222, 0.9619832025404442]]","[-0.027086570823971937, -0.005304841859659228, 0.012256914677888713]",[0.5133639611114776],"[0.010145554709822986, -0.14045060434822193, 0.0, -0.9900356016888157]",[0.478389037598],"[-6.552006825698674, -1.2855638082131549, -0.03472749049411661]","[984.923530892319, 1192.4614708809777, 987.1447245640559, 1138.078367382199]"
33,0.6599999999999966,"[-0.688170047866599, -0.048090225275392764, 2.0846011280844494]","[0.22406715724288803, 0.0, 2.1811126974946005]","[0.0314267741024323, -0.002861534035499269, 0.15176403899683022]","[-0.07180704666784214, 0.0, 0.08611272482053822]","[0.010715761945604668, -0.1373610578232559, 0.0026209391610850807, -0.9904596639320568]","[[0.9622502439020677, 0.002248012248888496, 0.2721573450581959], [-0.008135725833810288, 0.9997567092065657, 0.02050702999952496], [-0.27204500361769945, -0.021947089902153133, 0.9620343274380901]]","[-0.007622873240074567, -0.012080485279983285, 0.008932517230613828]",[0.5120619523400072],"[0.00905601438547528, -0.1390317855569621, 0.0, -0.9902460672702968]",[0.478389037598],"[-7.075356413632766, 0.9469155709173923, 0.8548129482104088]","[1003.0244268338851, 1178.712782658758, 985.920138006297, 1145.4866695698765]"
34,0.6799999999999997,"[-0.6875896293367635, -0.04805612684446813, 2.086162101075389]","[0.22261560031323985, 0.0, 2.182853389883585]","[0.028329587270536465, 0.00860930559948401, 0.1650839072027271]","[-0.07379424716118296, 0.0, 0.08848931692884224]","[0.010929598947520968, -0.13725396918707636, 0.0025601782266349046, -0.9904722912161458]","[[0.962309609229956, 0.0020713095137732357, 0.2719484701209702], [-0.008071832862453816, 0.9997480010788625, 0.020948140576385398], [-0.271836543235965, -0.02235371907011328, 0.962083805988753]]","[-0.0051240725762380195, -0.013502720458259716, 0.004920505097438231]",[0.5108068292711546],"[0.006909122086112111, -0.14019040570258243, 0.0, -0.9901002091252958]",[0.478389037598],"[-8.076470738710483, -0.051606891698609214, -0.05614218271630733]","[1020.7981894736854, 1161.3703268698048, 969.0443922437657, 1163.9556077562343]"
35,0.7000000000000028,"[-0.6865432736133343, -0.04785284097490769, 2.0885824101221817]","[0.22111497472387234, 0.0, 2.1846527529890767]","[0.02826118263253736, 0.006234748950174184, 0.161739763851113]","[-0.07578113058851149, 0.0, 0.0908643877782378]","[0.010807067000080599, -0.13712676031295673, 0.0024886477923203587, -0.9904914286939469]","[[0.962380121251559, 0.0019660924422506246, 0.27169955143596825], [-0.007893844787075091, 0.9997540326451247, 0.02072609404716031], [-0.27159197150224346, -0.022091134884443843, 0.962158922592939]]","[0.0055144926033276285, -0.011742577678687534, 0.004850359487934659]",[0.5116592220358925],"[0.007371454033186117, -0.14009556975072154, 0.0, -0.9901104733721622]",[0.478389037598],"[-6.18769987396324, -0.102584330970169, -0.7898293873692062]","[1008.9840528811291, 1166.2170326768644, 974.7193083592946, 1154.1937563247518]"
36,0.7199999999999989,"[-0.6854964404095806, -0.04762634044364269, 2.0909054524106367]","[0.2195816437933248, 0.0, 2.186491202796978]","[0.0455575172952818, 0.015978285360710064, 0.16437782620490393]","[-0.07776778204432164, 0.0, 0.09323834570856432]","[0.010609666570498158, -0.13704148484708062, 0.0024486654623965777, -0.9905054877931913]","[[0.9624273218415256, 0.0019429042354399224, 0.2715326446409191], [-0.0077587620776539265, 0.9997629289302365, 0.020346728421747604], [-0.2714287265445242, -0.021689003425189965, 0.9622141837171447]]","[0.02454230206520848, -0.016504341747099298, 0.0014160494002217676]",[0.5107187765683845],"[0.005515397826257165, -0.13707230278813343, 0.0, -0.9905431420175143]",[0.478389037598],"[-6.149239710872401, -0.1647016481920967, -1.7819418169267465]","[1008.7678191280148, 1163.6577433431808, 964.2083881465604, 1160.5747864142586]"
37,0.740000000000002,"[-0.6844494822839, -0.04740413884998832, 2.093019034170337]","[0.2180052791627119, 0.0, 2.1883810640856054]","[0.046739921459316235, 0.01321084144351304, 0.14935876457778346]","[-0.07975410802333345, 0.0, 0.0956107421838348]","[0.010725580475884351, -0.13681656212559618, 0.0024231626440918137, -0.9905353884793687]","[[0.9625507505174518, 0.0018655826070045328, 0.2710952726828689], [-0.007735330797052183, 0.9997582177080967, 0.020585076481822052], [-0.27099131337908744, -0.0219111916115653, 0.9623324177987619]]","[0.020301590611447658, -0.02724186924025828, -0.000787997370309211]",[0.5131982461969847],"[0.006030921579170795, -0.13628132176298513, 0.0, -0.990651408967459]",[0.478389037598],"[-7.276130964021449, 0.29931373263017247, -0.950067778237571]","[1003.3844522935897, 1169.5969119110252, 967.8308675442061, 1158.2719521854667]"
38,0.759999999999998,"[-0.6834512182554802, -0.04714741872561566, 2.0949427654457926]","[0.21639399816209914, 0.0, 2.1903126193529268]","[0.05183517754550162, 0.0282265374713489, 0.1636492527332045]","[-0.0817401489589174, 0.0, 0.09798177125770438]","[0.010627097406692694, -0.1365578720266353, 0.002353508331977961, -0.9905723003544059]","[[0.962692826014799, 0.0017602127092658819, 0.27059091277443625], [-0.007565067939976797, 0.9997630604411022, 0.020411036469252113], [-0.27049086892527063, -0.021696596827699578, 0.9624780336191537]]","[0.006730832948872389, -0.028586413616223275, 0.003372028746771638]",[0.5113079469517439],"[0.0031733928863945794, -0.1358971941922434, 0.0, -0.9907178471666479]",[0.478389037598],"[-6.921369893067508, 0.4341084751362334, 0.8927042098244158]","[1006.9044166490236, 1164.6724776991816, 959.8532975410593, 1162.4729544735847]"
39,0.7800000000000011,"[-0.6821307079395913, -0.04679217562906809, 2.0972685759824854]","[0.21473295847312057, 0.0, 2.1923035608778223]","[0.05423905003875162, 0.025059573428286568, 0.16597372547178535]","[-0.08372575172425586, 0.0, 0.10035069848580991]","[0.010186563353380272, -0.13629724385795505, 0.002348042760709857, -0.990612781618666]","[[0.9628349971911422, 0.0018752013221923674, 0.27008342070284985], [-0.007428803359993084, 0.9997813424117871, 0.01954181620376284], [-0.26998774675749615, -0.020821943230744346, 0.9626384916548496]]","[0.028367980623678877, -0.026948976540260915, 0.0003534922577264027]",[0.5112569833141072],"[0.0037771627328890426, -0.1354976827507443, 0.0, -0.9907703630149063]",[0.478389037598],"[-7.497680062118003, -1.3626408122828138, -2.0722941345889723]","[1011.2885885694511, 1165.0142027894194, 970.3046991702721, 1159.4610657917508]"
40,0.7999999999999972,"[-0.6808591045425368, -0.04635160764600369, 2.0994707621487927]","[0.21304333370531486, 0.0, 2.1943285946916986]","[0.05289613040948885, 0.020000882074755384, 0.14867506257097723]","[-0.08571107918956467, 0.0, 0.10271830524462863]","[0.00989713807961319, -0.13588014085498906, 0.0023987951675268106, -0.9906729117965642]","[[0.9630616046126227, 0.002063193754196393, 0.26927303200627406], [-0.007442491819472858, 0.9997925232858321, 0.018957755949074492], [-0.2691780671782832, -0.02026155045005773, 0.9628772063648003]]","[0.04066669293611148, -0.041788865748225774, -0.0059647748251567415]",[0.5142474279196555],"[0.0047050839237628385, -0.13502995676840307, 0.0, -0.990830306088631]",[0.47843883283999994],"[-7.531100782299069, -0.7175331610736952, -2.390939307940897]","[995.2610920723691, 1184.909092355036, 987.205548161237, 1139.4888747136247]"
41,0.8200000000000003,"[-0.6794156262814824, -0.045954467502488876, 2.101862995152333]","[0.21130528816559002, 0.0, 2.1964113560470686]","[0.056230501452113425, 0.021924288575379616, 0.14991798152394503]","[-0.08769591887612245, 0.0, 0.10508357249234161]","[0.009577608046651443, -0.13522425752765982, 0.002339964122115107, -0.9907658893238553]","[[0.9634177027675856, 0.002046463394867814, 0.26799598605350955], [-0.0072269631428653405, 0.9998054412636087, 0.018345494885763102], [-0.26790634101669014, -0.019611174529980614, 0.9632451924799806]]","[0.028658880216245474, -0.06277177778121436, -8.564256226867382e-05]",[0.514272290730421],"[0.004323427952656227, -0.13439216640793702, 0.0, -0.9909186969198224]",[0.47843883283999994],"[-6.021896031018342, -0.4706495578609009, 1.0951256474632203]","[1007.7337163842479, 1170.4319014677242, 976.9197393813012, 1151.196852223326]"
42,0.8400000000000034,"[-0.6780981211142363, -0.045559023504309876, 2.103990407179791]","[0.2095364813532849, 0.0, 2.198530761617992]","[0.06995036113394168, 0.0203010937783661, 0.16996177586064384]","[-0.08968042036684193, 0.0, 0.10744721782054475]","[0.009123890818894146, -0.13457465027307092, 0.002310669441733014, -0.9908587719562181]","[[0.9637686756568714, 0.0021234053386999436, 0.266731110003435], [-0.007034783003029394, 0.99982285788176, 0.017459059440508348], [-0.26664678082061527, -0.018702889568579916, 0.9636128632760591]]","[0.037523867871769236, -0.07644426837002928, -0.0007378265564870568]",[0.5111651467448004],"[0.004648444038449791, -0.1325646872188413, 0.0, -0.9911633592651274]",[0.47843883283999994],"[-7.268738031028609, -0.3127423340552695, -0.5992059344933409]","[1014.4168753625684, 1169.0482381032323, 968.0135408244208, 1166.7622377500825]"
43,0.8599999999999994,"[-0.6767961389503377, -0.04519083551534849, 2.1060901914621613]","[0.20772427295083265, 0.0, 2.200701846232579]","[0.059062522545600224, 0.023755244839165607, 0.15354127436394316]","[-0.0916644232801988, 0.0, 0.10980847220009768]","[0.008956184313658373, -0.1336941152347483, 0.0022718920552269764, -0.9909795813476309]","[[0.9642414659434732, 0.0021080190001239, 0.2650169716559203], [-0.006897575550899451, 0.999829272365357, 0.017143314366777934], [-0.2649355817199709, -0.018358268759707634, 0.9640913624555739]]","[0.04443754664430279, -0.10448286907258417, 0.0006881257788323278]",[0.514468717214957],"[0.003948856253701964, -0.13384253854503467, 0.0, -0.9909947149315224]",[0.47843883283999994],"[-8.103334120051553, -0.6723166775906104, -1.9864789650245207]","[978.5941469882107, 1204.2157994680426, 964.2041938413137, 1173.5005649930495]"
44,0.8800000000000026,"[-0.6751721738507513, -0.04470259215883396, 2.108612404196942]","[0.20586224243723647, 0.0, 2.202932196513644]","[0.06439917642488623, 0.019119313623273026, 0.16253579039250138]","[-0.09364780035721712, 0.0, 0.11216672570386621]","[0.008739926846609203, -0.13243120139383865, 0.002214275907485804, -0.9911507946586011]","[[0.9649133579532506, 0.002074484625814458, 0.2625572862170921], [-0.00670424067537734, 0.9998366315159133, 0.016738692441257953], [-0.2624798757792936, -0.017911649315841063, 0.9647703913462714]]","[0.02972462457337298, -0.10960561979791737, 0.0030573631189923164]",[0.5133043744762741],"[0.004819948357218793, -0.1330773201574787, 0.0, -0.9910935777729079]",[0.47843883283999994],"[-5.837522376004671, 0.07175601503740742, 1.6690987834283924]","[1001.0182787136928, 1178.4167919194729, 961.9574972983156, 1172.764636308343]"
