,t,p,p_d,v,v_d,q,R,w,T_sp,q_sp,hover_throttle,fa,pwm
0,0.0,"[-0.9733535952337942, -0.13536025177214245, 1.998967310997079]","[0.24985451066769226, 0.0, 2.150174587195148]","[-0.3498960271282191, -0.011752063227476931, -0.17574321840468665]","[-0.005314147055592943, 0.0, 0.00637697630354403]","[0.02679531338232887, -0.21506931591538223, -0.013547534463170502, -0.97613702235747]","[[0.9071231288978239, -0.037974199340080436, 0.4191482224132014], [0.014922800464577406, 0.9981967725559304, 0.058139112774991834], [-0.4206002641391956, -0.04648447689765526, 0.9060542226393711]]","[0.09166711666942669, -0.11911026743981963, 0.006983745610713424]",[0.804485825969407],"[0.030158077324665064, -0.32933309623702356, 0.0, -0.9437312338997443]",[0.49352263260983265],"[-17.721864421984026, -2.4581601903994943, -12.370932562075446]","[1118.945085395863, 1321.51934142193, 1140.196695085954, 1406.2776628467027]"
1,0.020000000000003126,"[-0.9794921354891769, -0.13578056966584498, 1.9967020034061274]","[0.24972937406028442, 0.0, 2.150324751115994]","[-0.35170059045378055, -0.011041579893565547, -0.17041938311890936]","[-0.0073035837018884196, 0.0, 0.00876429976665947]","[0.025964487216414714, -0.21416585255301723, -0.013737857630118819, -0.9763554926232682]","[[0.9078884614400099, -0.037947478589696715, 0.41749062008733046], [0.015704652426475216, 0.9982741770467086, 0.056585499396999014], [-0.418917405802603, -0.044816779430573536, 0.906917609711718]]","[0.11519372136234016, -0.10248127013511764, 0.000721268772608355]",[0.8545126063746663],"[0.032204719324078576, -0.32766254795383287, 0.0, -0.9442385226818333]",[0.4939131655899999],"[-18.734627051943132, -2.539238432540057, -14.759713107561161]","[1165.2343974688404, 1396.2023979105745, 1142.2132086459208, 1508.2023979105745]"
2,0.03999999999999915,"[-0.9856869554989042, -0.1362188251641294, 1.9945960581451456]","[0.24956514293702506, 0.0, 2.150521828440601]","[-0.3585406477054727, -0.02262939977362917, -0.15539172359535222]","[-0.009293020106199121, 0.0, 0.011151622068226699]","[0.025075102798229443, -0.21359110826322159, -0.013902777078690512, -0.9765022778494313]","[[0.9083710106858588, -0.03786382496452437, 0.41644718036598266], [0.016440548978572223, 0.9983558121833978, 0.054910809127907446], [-0.4178416346236988, -0.04303277087121136, 0.9075000635461747]]","[0.11756208305346828, -0.07579666995879543, 0.002015269111469869]",[0.9061024456225558],"[0.040466161355457955, -0.3318944857503181, 0.0, -0.9424455702264563]",[0.4939131655899999],"[-18.42107452299796, -2.6232205610463017, -13.564638523476102]","[1205.1152866250743, 1581.3382859086662, 1200.2794527968163, 1693.5262361237615]"
3,0.060000000000002274,"[-0.9929105956157869, -0.13675640949730594, 1.9928396152549726]","[0.24935715265239233, 0.0, 2.150771416710045]","[-0.32969768059437815, -0.011690237408553199, -0.11216837123619768]","[-0.011282455910516487, 0.0, 0.013538941489708644]","[0.023916238045562793, -0.21290793160813407, -0.014313873013561854, -0.976674623314777]","[[0.9089306319670113, -0.038143906615649224, 0.41519887981951265], [0.017776079519135075, 0.998446233765815, 0.05281183976175104], [-0.41656821579689784, -0.04062169137527527, 0.9081964330038039]]","[0.08239762203810685, -0.030571383524807462, 0.01300770607267832]",[0.9320522928302892],"[0.03468460715258613, -0.32634164513909886, 0.0, -0.9446118395017696]",[0.4939131655899999],"[-16.257878438513707, -2.0013506138375745, -11.121901506401628]","[1278.5474410591864, 1773.3357659419162, 1293.128880560097, 1888.6049575613602]"
4,0.0799999999999983,"[-0.9987074931602287, -0.13712716337457165, 1.9923309918549192]","[0.24911224582417796, 0.0, 2.151065304729104]","[-0.30049682373336284, -0.016000257011165375, -0.04375882481804399]","[-0.01327189082785575, 0.0, 0.01592625665384167]","[0.023408971962018847, -0.21417976605635827, -0.014503465737253245, -0.9764041731450152]","[[0.9078297665969712, -0.03834994521872972, 0.41757301231571164], [0.01829503266494953, 0.9984797510362469, 0.051925933622722326], [-0.4189310572068935, -0.03950053802827709, 0.9071545076971175]]","[0.05156018949426803, 0.1859789003915596, 0.007875396706730398]",[0.9251976196853336],"[0.040428575449485776, -0.3285972067612016, 0.0, -0.9435995164646437]",[0.4939131655899999],"[-15.717466243014965, -2.72168513825614, -7.1577154750990815]","[1447.3141618758634, 1891.550209167315, 1451.9934083870237, 1999.0]"
5,0.10000000000000142,"[-1.0039914665433904, -0.13744432550561186, 1.9934249154541066]","[0.24882621990616655, 0.0, 2.1514085354664885]","[-0.25629852947455395, -0.01098227686885252, 0.0515387349082886]","[-0.015261324160139244, 0.0, 0.01831356420967564]","[0.023339745223452262, -0.21998294046996422, -0.01472789770907519, -0.9751084435952375]","[[0.9027718154090814, -0.038991286393202006, 0.42832695463792747], [0.01845390325690268, 0.9984673161905137, 0.05199733776746625], [-0.42970193615875496, -0.039037792787533415, 0.9021161499367479]]","[-0.018332602087672376, 0.5858724330156826, 0.005772686691436001]",[0.8764920370082165],"[0.040584088154631104, -0.3351903531100018, 0.0, -0.9412727831543812]",[0.4939131655899999],"[-11.951290230637948, -1.0196818443368925, -2.071387438427678]","[1608.987317952728, 1916.7731934642964, 1624.415971861269, 1992.0446510511654]"
6,0.11999999999999744,"[-1.0079643080052976, -0.1376606452710982, 1.9963585705315532]","[0.24850151676503818, 0.0, 2.1517981785637414]","[-0.18625391881582978, 0.001079038801835384, 0.1575952443946512]","[-0.017250755245528396, 0.0, 0.020700860980503142]","[0.023806773512688065, -0.22772543828866323, -0.014829436823452528, -0.9733164930933529]","[[0.8958329707523627, -0.03971028675193615, 0.4425917678789836], [0.018024655022272833, 0.9984171963097214, 0.053097130614864076], [-0.44400393205409017, -0.039588970614085, 0.8951392702151955]]","[-0.0742535902631021, 0.9087319530974276, 0.004162955796187755]",[0.8006141564747583],"[0.03732761264545703, -0.336326111870015, 0.0, -0.9409862873528693]",[0.4939131655899999],"[-9.596272139914065, -1.7959800934924208, 2.946125960573518]","[1697.633369731277, 1846.8752467859974, 1731.190985583436, 1941.7865569050728]"
7,0.14000000000000057,"[-1.0106505809511526, -0.1376656653981826, 2.0016317373950825]","[0.24813639554826022, 0.0, 2.1522363228093724]","[-0.12050507083492845, 0.0002527669291581512, 0.2719662553841261]","[-0.019240182954385197, 0.0, 0.023088141543808036]","[0.024790370197431646, -0.23727056550185688, -0.014858189906186578, -0.97099396176377]","[[0.886925749175368, -0.0406184756747831, 0.46003989275668], [0.01709037505180315, 0.9982912667734585, 0.055193421785939036], [-0.4615132528696324, -0.04109177730043955, 0.8861381558808932]]","[-0.1391651058342898, 1.1893339512357843, 0.0025924738574331623]",[0.7216343622270005],"[0.04379687487659608, -0.3456745400970882, 0.0, -0.9373031710720887]",[0.4939131655899999],"[-6.97028941880664, 0.30325304497982275, 8.354766323918405]","[1662.4735349327489, 1760.200106068014, 1733.948840059079, 1827.51391473571]"
8,0.1599999999999966,"[-1.0118362388438171, -0.1374668737067682, 2.0091614077029387]","[0.2477315205115482, 0.0, 2.1527221708256032]","[-0.03218400697765894, 0.03426457104937022, 0.3904350594555912]","[-0.021229606046534864, 0.0, 0.02547539994738251]","[0.026413218475178572, -0.2523865004633652, -0.014686398998060474, -0.9671417104718139]","[[0.8721461103128888, -0.04174033764916073, 0.4874111933855697], [0.015074978541462234, 0.9981486853247422, 0.058503948285358154], [-0.48896285364696734, -0.04367735289524152, 0.8711821747235142]]","[-0.16354339477873656, 1.3102402347203876, -0.017522188178892305]",[0.6460305932108381],"[0.030284275345067318, -0.3479343229765419, 0.0, -0.937016058124569]",[0.4939131655899999],"[-6.522492566071909, 0.8855850635057771, 9.314555158803532]","[1557.118705466418, 1680.856308325893, 1644.9875068961555, 1720.2647422199827]"
9,0.17999999999999972,"[-1.0115996618571788, -0.13713377553875913, 2.0182990913331955]","[0.24728785010582016, 0.0, 2.153254572130628]","[0.026469803338194427, 0.03711492615604675, 0.4620481993700058]","[-0.023219023160235622, 0.0, 0.027862629654112975]","[0.02785074987640225, -0.2647406709679139, -0.014365112465449128, -0.963799455517335]","[[0.8593910754035031, -0.04243662756376686, 0.5095136707558955], [0.01294372272681375, 0.9980149925952297, 0.061291134158517044], [-0.511113987372782, -0.046079016107986856, 0.8582524597784373]]","[-0.16899601936125527, 1.3129739745334872, -0.032435850384118704]",[0.6228763722215641],"[0.04116263211411585, -0.3458600913648489, 0.0, -0.9373816019146851]",[0.4939131655899999],"[-9.44303954395122, -2.4340227096023708, 5.009670306423317]","[1473.5119131913336, 1571.9658384288978, 1547.0740549578738, 1621.0324505999674]"
10,0.20000000000000284,"[-1.0100274968299354, -0.1365267031372602, 2.029392755735143]","[0.24680308527238518, 0.0, 2.1538362849890533]","[0.08061039948990315, 0.03542642116838624, 0.5043330192085574]","[-0.02520843194564991, 0.0, 0.030249819385099026]","[0.02898326108892104, -0.27782324332696917, -0.013811562821252968, -0.96008376557856]","[[0.8452243525505742, -0.04262496167973955, 0.5326665629746214], [0.010416067288074003, 0.9979158027693097, 0.0633270632468251], [-0.534267779499799, -0.047978370533166365, 0.8439258122390079]]","[-0.16173720490277377, 1.313788173113626, -0.05038770319561862]",[0.5985967245488553],"[0.038638301812296307, -0.34269479161084454, 0.0, -0.9386491385012082]",[0.4943262787055727],"[-9.968296025987101, -1.24010110574235, 4.439733266545826]","[1335.0710826347643, 1345.3224029989572, 1356.4035909901681, 1383.1552827702533]"
11,0.21999999999999886,"[-1.0076324876068368, -0.1357837012286486, 2.0406354974439505]","[0.24628077120900915, 0.0, 2.1544630547331205]","[0.1261892919543934, 0.0485052972101736, 0.5345377894708707]","[-0.027197831133078502, 0.0, 0.0326369630461742]","[0.030218445794254263, -0.2900230445203542, -0.013268760699588232, -0.9564468807892772]","[[0.8314143638743998, -0.042909820865966855, 0.55398134992509], [0.007853638266275196, 0.99781478764767, 0.0655011691946419], [-0.5555851952289198, -0.05010818369421548, 0.8299401749629651]]","[-0.15521898465204323, 1.2789158126696063, -0.05573358943330548]",[0.5875671164019718],"[0.03267533169532407, -0.3424005838059005, 0.0, -0.9389850608022479]",[0.496637233555],"[-12.334086744849342, -0.39986902686336423, 1.2026198417562917]","[1282.6150162752385, 1247.5471260909546, 1302.44728456381, 1267.0127805371444]"
12,0.240000000000002,"[-1.004374226494024, -0.13473741882674597, 2.0517057887646573]","[0.24570648270673334, 0.0, 2.155152189359003]","[0.15176446298162985, 0.05740646644734687, 0.5156974536779665]","[-0.029187212649210335, 0.0, 0.03502402188609573]","[0.03132809477749466, -0.30118331193836106, -0.01278924877765759, -0.952924820729076]","[[0.8181722112094725, -0.043245383881027256, 0.5732087814752254], [0.005503386513808398, 0.9976320869450173, 0.0674104548073723], [-0.574811432666583, -0.0520028215911381, 0.8165364419332907]]","[-0.15225700454706828, 1.1995453973545296, -0.04417578574851504]",[0.5977108785998501],"[0.02887586949615066, -0.33993933488720446, 0.0, -0.9399977476909699]",[0.496637233555],"[-14.919261893789033, -0.9344302547815335, -2.901528842387137]","[1254.6363919150103, 1199.7708577043427, 1290.6701280907944, 1211.770807987654]"
13,0.259999999999998,"[-1.0009585909536214, -0.13365549422639073, 2.062427691669266]","[0.24511339052583037, 0.0, 2.155863886459877]","[0.17218826104517843, 0.06680049396717191, 0.4864266995424662]","[-0.031176586781787807, 0.0, 0.037411045285112195]","[0.03255654245302739, -0.31206443435213777, -0.01235210446106901, -0.9494204512364247]","[[0.8049223360103352, -0.04377415919242589, 0.5917564285283505], [0.0031352031721644837, 0.997570901472383, 0.0695289994363062], [-0.5933649957814346, -0.05411038946949812, 0.803107628066578]]","[-0.1544791925054313, 1.1457431726911014, -0.03514749956264856]",[0.6116792927925137],"[0.025706018475738755, -0.3373549089536635, 0.0, -0.9410264100190182]",[0.496637233555],"[-17.280447487419423, -0.9919781782224704, -5.922779049015098]","[1225.0793471115737, 1198.6028245287878, 1286.500883662441, 1172.4498349331739]"
14,0.28000000000000114,"[-0.9970236266238817, -0.13231702906173207, 2.0720453867592843]","[0.24446275651545704, 0.0, 2.1566446258181564]","[0.1786263741130646, 0.07559624030019431, 0.42351708481559724]","[-0.03316593286402493, 0.0, 0.03979793404428412]","[0.03350292236387274, -0.321351844308828, -0.012006226562229608, -0.9462701101393908]","[[0.7931384098331856, -0.04425471844553095, 0.6073668028624272], [0.0011898148800670097, 0.9974275339007167, 0.07112207416843089], [-0.608975777568017, -0.05568918197258239, 0.7911818171718734]]","[-0.13428742124039494, 1.0588565381907502, -0.030365815176111213]",[0.6537589064231395],"[0.022942921754153252, -0.3347988976200764, 0.0, -0.9420002842075688]",[0.496637233555],"[-19.415174267622906, -1.330835964905027, -9.691118223854932]","[1240.4340557404882, 1231.4996832514646, 1330.249471455615, 1175.2909633441234]"
15,0.29999999999999716,"[-0.9925644381838269, -0.1307797503624675, 2.0817560256258365]","[0.24378636831790398, 0.0, 2.1574562656728875]","[0.1936954501040341, 0.08244822965291032, 0.3602808854684197]","[-0.03515526388895729, 0.0, 0.04218475052972222]","[0.03455878244437629, -0.3312870480512531, -0.011646718085631691, -0.9428192530498454]","[[0.7802156991168266, -0.044859254132440574, 0.6238826215845166], [-0.0009362539485309844, 0.9973292966417777, 0.07288218460918605], [-0.625492607170566, -0.0574485571928898, 0.7780983723130835]]","[-0.1122565904109314, 0.924306059743113, -0.026693430407017167]",[0.6863242286997931],"[0.02301097292994173, -0.329117994703879, 0.0, -0.9440003876275056]",[0.496637233555],"[-20.655142164880854, -2.1974674206439953, -11.019102027420022]","[1291.5180705436862, 1257.002408198541, 1378.336142898298, 1202.3662634893176]"
16,0.3200000000000003,"[-0.9883899640709928, -0.12922108165597945, 2.088194994410315]","[0.24305293831918734, 0.0, 2.1583363426474818]","[0.2037774444853555, 0.08296431209811007, 0.28852740804771126]","[-0.037144554289388565, 0.0, 0.044571372022034365]","[0.03508172393793526, -0.33914195283709564, -0.01135365824205321, -0.9399999772092189]","[[0.7696845147781535, -0.045140245707949056, 0.636790244066853], [-0.0024504917528639404, 0.9972575884175561, 0.07365464306034833], [-0.6383834676833865, -0.05825263574812869, 0.767480871180193]]","[-0.0726014123800855, 0.796804337790537, -0.03223682575836011]",[0.7230323170914407],"[0.026449330997349994, -0.32588301383818963, 0.0, -0.9450385908977508]",[0.496637233555],"[-22.466906301640357, -2.4230044100366532, -11.923048695038787]","[1361.853430356558, 1313.3254824326589, 1438.7776589808889, 1267.7074968074894]"
17,0.3400000000000034,"[-0.984484937751915, -0.127755044800553, 2.093591056915057]","[0.24229899654861634, 0.0, 2.1592410279458605]","[0.21840304826387735, 0.08807977959450658, 0.2294736656977997]","[-0.039133827542984306, 0.0, 0.04695791121210415]","[0.03534744908478275, -0.3449818305745169, -0.011149991524312971, -0.9378746316666563]","[[0.7617214811431307, -0.04530304377071851, 0.646311167048125], [-0.00347386699491304, 0.9972475236826174, 0.07399604055538869], [-0.6478876620789307, -0.058609862607597346, 0.7594712414515125]]","[-0.038846865038137245, 0.6814430360800857, -0.034859386995178446]",[0.7384756136627139],"[0.02615572261552748, -0.3256271595098534, 0.0, -0.9451307836273671]",[0.496637233555],"[-23.359369898831115, -2.7118705714635714, -9.88476369356043]","[1437.1688928294152, 1372.8690246945537, 1499.647121077427, 1342.5518432073445]"
18,0.35999999999999943,"[-0.9813297169528488, -0.1265919454217621, 2.0965134783775525]","[0.24149793947064385, 0.0, 2.1602022361872746]","[0.23293805172571969, 0.08812490210314279, 0.1830638235834048]","[-0.04112305684511742, 0.0, 0.049344239442071725]","[0.03519305544631573, -0.35073617214450864, -0.010924111042878848, -0.9357470659816031]","[[0.7537259239921665, -0.04513136482028268, 0.6556317823444173], [-0.004242545392958239, 0.9972805465900364, 0.0735265585361574], [-0.6571695937269524, -0.05820063497111387, 0.7514874940930258]]","[0.01404986284745717, 0.5176820809132799, -0.04856930978761865]",[0.7656186479808391],"[0.027770218621620827, -0.3276699614907582, 0.0, -0.9443458282609111]",[0.496637233555],"[-21.769093966562686, -1.3514862919190482, -12.339601861033103]","[1499.7226934788648, 1424.1959247834884, 1545.4593091311767, 1429.6948491319702]"
19,0.38000000000000256,"[-0.9738430000219545, -0.12395455876394697, 2.1011850140568353]","[0.24065246239205393, 0.0, 2.1612167295335314]","[0.28468936080571405, 0.11084246439884743, 0.10941050434450543]","[-0.043112235687478295, 0.0, 0.051730325475197333]","[0.03414103747067953, -0.3556896489779717, -0.010579004778789803, -0.9339198499652678]","[[0.7467448548665403, -0.044047112378958, 0.6636488908183019], [-0.004527342155801112, 0.997443886767537, 0.07129567017715928], [-0.6650936036125225, -0.05624430019194317, 0.744637464671611]]","[0.06195367781645109, 0.292405262928461, -0.05845044467662183]",[0.813994448591993],"[0.010901138222617601, -0.30485105941581686, 0.0, -0.9523360000686519]",[0.496637233555],"[-21.279193770957622, -0.5400570141934908, -13.181146143057788]","[1529.724739852041, 1477.885976731811, 1573.9019245443521, 1505.1134131121205]"
20,0.3999999999999986,"[-0.9677278673878533, -0.12193406331492515, 2.1032181229016804]","[0.23976548346635596, 0.0, 2.1622810039497664]","[0.3304303963729921, 0.12087356120598894, 0.07494122365633066]","[-0.04510136056036888, 0.0, 0.05411615246857259]","[0.03307004028562441, -0.3575140143855523, -0.010363436612192797, -0.9332633186885333]","[[0.7441503782735399, -0.04298963620823763, 0.6666239925537157], [-0.004302375225384441, 0.9975956641087, 0.06913625874436116], [-0.6679948696187666, -0.05431596344014014, 0.742177924781384]]","[0.08123799495353476, 0.1817612042578279, -0.059030314130177876]",[0.8198327070182518],"[0.010019133392735757, -0.30137598723358017, 0.0, -0.9534492961579921]",[0.496637233555],"[-23.313015656139747, -2.1895269839585585, -10.048190717882857]","[1581.7920336027842, 1531.8017008717336, 1640.056960622651, 1536.4985436002462]"
21,0.4200000000000017,"[-0.9621894989347249, -0.12017541836717568, 2.1046262712184802]","[0.23885144820743, 0.0, 2.1633777292798375]","[0.36893921295536947, 0.12396870959796462, 0.0418918617867495]","[-0.0470904448058991, 0.0, 0.05650178446262238]","[0.0326391516896, -0.358248001608, -0.010276708219299999, -0.932999179955]","[[0.7431055426317691, -0.04256214241644657, 0.6678193373646841], [-0.004209501051471741, 0.9976581754979867, 0.06826782388699278], [-0.669161029518442, -0.053541383156301844, 0.7411861356493848]]","[0.0889965516075, 0.137246369145, -0.0592636099205]",[0.8356113824596937],"[0.013581357985735733, -0.3022307832082608, 0.0, -0.9531358714463253]",[0.49717234391995513],"[-22.68142644707538, -2.965581633285904, -9.805907178114456]","[1617.5160866484193, 1575.6376896463153, 1695.6718041861825, 1565.9057854089717]"
22,0.4399999999999977,"[-0.9529157867434127, -0.11760550268435406, 2.1058907699126306]","[0.23788343656000308, 0.0, 2.1645391879788853]","[0.43221649105658677, 0.12317890435255444, 0.024880019153594574]","[-0.04907943909210412, 0.0, 0.05888698468280268]","[0.031076749647992404, -0.3581207663190508, -0.010070867793869495, -0.9331029730883879]","[[0.7432950171080069, -0.041052772157368106, 0.66770116387966], [-0.0034641454372092255, 0.9978644549085273, 0.06520878876460723], [-0.6689530432283325, -0.050782441197253655, 0.7415663331268821]]","[0.11355134900749074, -0.02228348244862574, -0.0618660781619088]",[0.8303052977744433],"[0.01654200119496989, -0.2964223351107773, 0.0, -0.9549013291145476]",[0.49727710365],"[-19.02725353519961, -2.597527031700259, -7.744306698312567]","[1639.4274825458915, 1601.3149461621806, 1714.853797215184, 1595.4445891542173]"
23,0.46000000000000085,"[-0.9422068948242801, -0.11485026834282096, 2.1070778533436054]","[0.23688573638451088, 0.0, 2.1657362471558943]","[0.5151749372643917, 0.1283326910908532, 0.020466575755490806]","[-0.05106837580427924, 0.0, 0.06127190857194844]","[0.02949398459212982, -0.3573907907261278, -0.009871169138351586, -0.9334365553708269]","[[0.7443480807536709, -0.039509977186062445, 0.6666209770123598], [-0.002653536714119574, 0.998064645091123, 0.06211725665116945], [-0.6677855374542513, -0.04800579687618216, 0.7428031704597451]]","[0.13772927289065287, -0.14459033715271874, -0.0654191930271843]",[0.8047565228602974],"[0.01637343348646212, -0.28505363741159395, 0.0, -0.9583468443708215]",[0.49727710365],"[-16.533101899356787, -1.7880105545050695, -3.5195646050598093]","[1657.1515714787179, 1634.9104244339906, 1721.1312537799517, 1657.8646053784903]"
24,0.4799999999999969,"[-0.9301954148853581, -0.11211271143566733, 2.10819290776184]","[0.23584436881462484, 0.0, 2.1669856645104995]","[0.6026163377570607, 0.1352214716348005, 0.04569337005570792]","[-0.053057219912853906, 0.0, 0.0636563880074846]","[0.027746308703814906, -0.3552743682273182, -0.009683590747500158, -0.9342987497561153]","[[0.7473703627934424, -0.03780983804785453, 0.6633274283138713], [-0.0016203711336973958, 0.9982704009387078, 0.058727346234623015], [-0.6644021639068374, -0.04496601989466292, 0.7460181913595977]]","[0.1671763641549771, -0.25272029958179854, -0.07543568437103933]",[0.7580937889274325],"[0.015429327154261974, -0.2769658639626292, 0.0, -0.9607535564931172]",[0.49727710365],"[-14.314178294653187, -1.0718428058344636, -1.3428869744446992]","[1656.0703844390043, 1652.4090150234506, 1702.855453562515, 1701.0875946998904]"
25,0.5,"[-0.9176793738456516, -0.10953232044469433, 2.1094974615229596]","[0.23476404324884134, 0.0, 2.16828178610076]","[0.6929228257731275, 0.14593138806702202, 0.05205604636916824]","[-0.055045969847931274, 0.0, 0.06604041546325765]","[0.02605791342141229, -0.35220087668958433, -0.009539455784756087, -0.9355109917387425]","[[0.7517233717583024, -0.036203771387135486, 0.6584784262604021], [-0.0005067084197552842, 0.9984562571363703, 0.055474538236080645], [-0.6594727395121084, -0.04203531947395016, 0.7505473444878853]]","[0.1777578144685316, -0.365905177960089, -0.07830435742205366]",[0.7114122620625118],"[0.00990439176790638, -0.2545281528608646, 0.0, -0.9670010295209617]",[0.49727710365],"[-12.973374202632236, -0.9209812740757877, 0.05259287798817169]","[1640.5164976603737, 1638.3746662827714, 1670.1558805695386, 1698.2356554361081]"
26,0.5200000000000031,"[-0.90201710769331, -0.10664067328281754, 2.111411685169497]","[0.23364014630176008, 0.0, 2.169630135428308]","[0.7726663302436603, 0.15047370162021648, 0.0762396745201189]","[-0.057034603386344196, 0.0, 0.06842388428940563]","[0.023913952372907697, -0.3481887151642297, -0.009289145913781363, -0.9370694378436386]","[[0.757349338859162, -0.0340622861813919, 0.6521097267789527], [0.0007560127765066441, 0.9986763473584088, 0.0512868193747855], [-0.6529982875508215, -0.038349316252015146, 0.7563781610865896]]","[0.1852676849251683, -0.3956380754735577, -0.08848390993576646]",[0.6814708186492697],"[0.00903656161077328, -0.24240930336339425, 0.0, -0.9701058173318657]",[0.49727710365],"[-13.763784114603071, -1.7726740945692123, 1.5350708473446417]","[1600.136518412914, 1524.7124520098453, 1622.5968881055035, 1600.0454430181308]"
27,0.5399999999999991,"[-0.885486390887652, -0.10383662356768862, 2.1136095018852563]","[0.23248215836480135, 0.0, 2.1710193402762616]","[0.8352743674729657, 0.14709783324622328, 0.08643888537355053]","[-0.05902313351600517, 0.0, 0.07080685683217547]","[0.02173428081193524, -0.34380455462705634, -0.008982203767383711, -0.9387438306205406]","[[0.7634301067237108, -0.03180866621338962, 0.6450983657128029], [0.0019192872746425314, 0.9988884923635039, 0.04698208918198685], [-0.6458792526687642, -0.03462959891872755, 0.7626467087679243]]","[0.19357007131501136, -0.4606513482849076, -0.09594769640355558]",[0.6542044063201922],"[0.011673037639990873, -0.23368832816069474, 0.0, -0.9722342009477009]",[0.49727710365],"[-14.603829675648521, -2.4038836471112757, 1.0354566831010175]","[1534.561360947018, 1439.3461719213396, 1546.1519400316627, 1516.4910539284117]"
28,0.5600000000000023,"[-0.8694627572513365, -0.10136352568017909, 2.115954380300186]","[0.23127972732564975, 0.0, 2.172461798451684]","[0.8867694626506984, 0.1399854984783493, 0.0953758954157759]","[-0.061011516904552573, 0.0, 0.07318912514267983]","[0.019592402254314096, -0.33919855043068614, -0.008593312290310321, -0.9404669527854684]","[[0.7697324498772818, -0.02945488133624062, 0.6376733269634135], [0.0028720235597676277, 0.9990760386536497, 0.042681691836266765], [-0.6383467814877682, -0.03102233554718092, 0.7691124154573298]]","[0.2121113073001463, -0.5537024672743015, -0.11084092114316603]",[0.6319090747663886],"[0.015167382356890797, -0.22550227789627875, 0.0, -0.974111337317779]",[0.49727710365],"[-14.364929978339344, -2.340064666639996, 2.0748019511037583]","[1485.6189236266832, 1360.1429019001932, 1464.2919926242666, 1433.9238551999683]"
29,0.5799999999999983,"[-0.8501468336439616, -0.09860184017680704, 2.1187436331980907]","[0.23004241659613836, 0.0, 2.173946041778382]","[0.933241983815789, 0.1347083890377429, 0.10334499489858956]","[-0.06299977273801237, 0.0, 0.07557078131311497]","[0.01711890773135805, -0.333128974303338, -0.008096937043500967, -0.9426858016252812]","[[0.7779091036779332, -0.026671343522605865, 0.6277946869351911], [0.0038601268276427063, 0.9992728167148918, 0.03767015117996933], [-0.6283491298078083, -0.026880853850768615, 0.7774541104530766]]","[0.21549686270930307, -0.6365810175417514, -0.11659823077128183]",[0.6066658456029262],"[0.01702723493310967, -0.21771985698189997, 0.0, -0.9758582244230947]",[0.49727710365],"[-15.564090543484047, -1.3553148678238462, -0.027436487881292493]","[1437.87015633767, 1292.4954466665836, 1408.0667058619838, 1362.4529125832953]"
30,0.6000000000000014,"[-0.8319767739911317, -0.09614536636981026, 2.121123747581831]","[0.228763057151483, 0.0, 2.1754806475893638]","[0.9525264978301079, 0.1360732552401478, 0.07650477913541585]","[-0.06498786008237041, 0.0, 0.07795162892131298]","[0.01511395094449514, -0.32704199343032775, -0.007714299058637753, -0.9448536174818389]","[[0.7859608141048211, -0.024463560034773, 0.6177804340471471], [0.004691973452789501, 0.9994168820122811, 0.03360674193280776], [-0.6182468081973207, -0.023515142964589394, 0.7856229718984482]]","[0.19803007541748222, -0.6876445480979476, -0.10057707438454853]",[0.6129755061544876],"[0.012415083844532009, -0.21466155471884943, 0.0, -0.9766083420419887]",[0.4975324012972699],"[-17.444161669756404, -1.2397684816070866, -2.337764390492378]","[1386.4751042495002, 1246.225039411449, 1374.0449057707708, 1315.9602710954052]"
31,0.6199999999999974,"[-0.8129117624385543, -0.09362000099339447, 2.123224044728039]","[0.22744406368738762, 0.0, 2.177062711768866]","[0.9708863554849028, 0.13062357262010701, 0.059271083543743934]","[-0.06697577303106421, 0.0, 0.08033163964718384]","[0.013040194243716096, -0.32008354867775013, -0.007396550249695002, -0.9472664120936628]","[[0.794975515056977, -0.022360910531749774, 0.6062158845483804], [0.005665103935846504, 0.9995423779934325, 0.02944010413229011], [-0.606601694356338, -0.019970047924707413, 0.7947448396363418]]","[0.19151296910887983, -0.7750850024815519, -0.08710656989242968]",[0.6133739882736796],"[0.013524885874930863, -0.2106355485482353, 0.0, -0.9774702161326002]",[0.499065002095],"[-17.454727189347366, -1.9553762222204092, -2.1293200539703143]","[1348.8390006165646, 1195.5673147434416, 1301.7681219339786, 1311.6203987827737]"
32,0.6400000000000006,"[-0.7928185139782258, -0.09111562773852251, 2.1247404460338197]","[0.22608405242602386, 0.0, 2.178693876750788]","[0.979365826467426, 0.12235979044889639, 0.03053483743583839]","[-0.06896348724420573, 0.0, 0.08271069672349521]","[0.011309789966096545, -0.31131599361984674, -0.00727569618599319, -0.9502027915332344]","[[0.8060426727481251, -0.02086861065441111, 0.5914620791816004], [0.006784936650702634, 0.9996221458169956, 0.0260232691697162], [-0.5917912255644834, -0.016963106820041804, 0.8058927215599525]]","[0.14904021360526096, -0.8880571560632701, -0.047137810353756054]",[0.6220289568575915],"[0.015636421467959592, -0.20726388735668758, 0.0, -0.9781591787832137]",[0.499065002095],"[-18.741661663012604, -1.8350406844397558, -5.376784534523875]","[1265.9395941692974, 1196.4490238719354, 1268.7757511954019, 1276.6380306386743]"
33,0.6599999999999966,"[-0.7735229985303047, -0.08879568885427137, 2.1255291028499244]","[0.22468562183200053, 0.0, 2.180371018288555]","[0.978162753030788, 0.11730337190403506, -0.01645942176896656]","[-0.07095099856249579, 0.0, 0.08508878022616828]","[0.00981908485168113, -0.30080186036566886, -0.00731748405190571, -0.9536025223689569]","[[0.8189188803234643, -0.019863140479531884, 0.5735471235623402], [0.008048744517635716, 0.99968956986771, 0.023129233795854583], [-0.5738345275495662, -0.014324782531817182, 0.8188331426145151]]","[0.09636741610049697, -0.9511619424690798, -0.007310335168497389]",[0.6418120772247848],"[0.015231150939436923, -0.2037265245634882, 0.0, -0.9789080709980805]",[0.499065002095],"[-19.423143594260065, -0.8551585458697041, -7.036553229445907]","[1262.7366951514705, 1225.727698468585, 1269.250543222921, 1309.6802041708997]"
34,0.6799999999999997,"[-0.7529277360914248, -0.08644820844452548, 2.1255963111153084]","[0.2232457231391798, 0.0, 2.1820977678624702]","[0.976303548328585, 0.11971593486245043, -0.05177028920012718]","[-0.07293827077942652, 0.0, 0.08746571646887527]","[0.009286511742213103, -0.29114221149050945, -0.00761521681175714, -0.9566001997720267]","[[0.8303484026655451, -0.019976826978189366, 0.5568719577470982], [0.009162044715547341, 0.9997034986880377, 0.02220118010268201], [-0.5571548329484657, -0.01333273584846329, 0.8302919071190488]]","[0.07664269903606054, -1.0204040662817409, 0.01680445056326141]",[0.6578499368311559],"[0.01124694070886556, -0.2012133225685428, 0.0, -0.9794823265494979]",[0.499065002095],"[-19.532727093253797, -0.5802706945154761, -7.108746476447951]","[1233.145481015095, 1282.9236000078952, 1239.8182345665264, 1373.2368502026497]"
35,0.7000000000000028,"[-0.733689933164618, -0.08435381162020464, 2.125013946433134]","[0.22176738793025225, 0.0, 2.1838704822570993]","[0.9728558273500848, 0.11706548929349256, -0.08533590693003425]","[-0.07492530229109208, 0.0, 0.0898414978046976]","[0.008790384550341668, -0.28367817088095304, -0.007801656212904088, -0.9588415412038129]","[[0.8389202015246187, -0.019948384555408743, 0.5438676700302613], [0.00997382371308429, 0.9997122690722593, 0.021283490868684894], [-0.5441419882632251, -0.012430852611410272, 0.8388873914828616]]","[0.069449796166252, -1.0117462392285022, 0.01723045964499567]",[0.6721879269854473],"[0.010528527455839647, -0.19864728943283444, 0.0, -0.9800105142560249]",[0.499065002095],"[-18.62274625647978, -1.9846920901683158, -6.382969368234647]","[1280.3561895745086, 1298.7123791490167, 1284.004221720713, 1393.3561895745086]"
36,0.7199999999999989,"[-0.714512944125215, -0.08234946094119805, 2.1239403738523253]","[0.22024938928240145, 0.0, 2.1856906106301297]","[0.9816814525921257, 0.1042277244206734, -0.09760543039824485]","[-0.07691206516075696, 0.0, 0.09221599025240415]","[0.008521541396291951, -0.2745921483833072, -0.008144394059202949, -0.9614836778731987]","[[0.8490563003759898, -0.020341300627272352, 0.5278929319031241], [0.010981507189091973, 0.9997127629479727, 0.02085941924970456], [-0.528170543067617, -0.011913872601717432, 0.8490437293496356]]","[0.04318502561808129, -0.9663503770484152, 0.03136489500487075]",[0.6737938065882346],"[0.014829329837088874, -0.19317546255911622, 0.0, -0.9810502383042924]",[0.499065002095],"[-17.514939917046842, -1.4904921966477982, -5.297325147868008]","[1297.5460158864644, 1346.769212231226, 1323.6423838557225, 1418.0981101621476]"
37,0.740000000000002,"[-0.695271910866774, -0.08050236950335335, 2.1225806653115478]","[0.2186918903436981, 0.0, 2.1875579381200043]","[0.9869274108414815, 0.10605859739593468, -0.10956819737553808]","[-0.07889853881754304, 0.0, 0.09458909518612123]","[0.00837740815627967, -0.2656285035173195, -0.008452459314033156, -0.9639982667290127]","[[0.8587328932746515, -0.020746869040463634, 0.5119892145658388], [0.011845755472838213, 0.9997095351015189, 0.020642042121925504], [-0.5122724533722308, -0.011661185647414878, 0.8587354194767285]]","[0.023907285261690923, -0.9587605688829007, 0.036900522650465235]",[0.6768715782464442],"[0.011924395938214274, -0.18803244419558549, 0.0, -0.982087017318159]",[0.499065002095],"[-16.695668201008164, -0.7515497520706498, -5.102124471290292]","[1286.6767330854302, 1427.4012394109034, 1329.9429155155603, 1463.8440550073328]"
38,0.759999999999998,"[-0.6750210802808079, -0.07862993221221296, 2.1211805762821525]","[0.21709396558795588, 0.0, 2.1894735480630976]","[1.0007189983777611, 0.10064917032966296, -0.1092412271791217]","[-0.08088469243269232, 0.0, 0.09696066478919692]","[0.008358405636203272, -0.2563812383848877, -0.008798302369255585, -0.9664958831695059]","[[0.868375405608033, -0.021292922813398105, 0.49543574328156287], [0.012721169261666027, 0.9996983585100115, 0.02066816858873139], [-0.4957299024020117, -0.011645289960273636, 0.868390499967636]]","[0.024959828895704764, -0.9373594119543633, 0.034563534815279226]",[0.6728719685404431],"[0.012864213059152071, -0.17936124472306336, 0.0, -0.9836972492236018]",[0.499065002095],"[-15.981350925563381, -1.9134917437895824, -4.047540286816087]","[1291.5758022244374, 1423.453073190602, 1345.4309821135757, 1462.0072955330093]"
39,0.7800000000000011,"[-0.6542074780748698, -0.07677417035701083, 2.119902712594442]","[0.21545577573632813, 0.0, 2.1914372238679305]","[1.0057516602866983, 0.09074173014559443, -0.10302921845737185]","[-0.08287050171633543, 0.0, 0.09933058263716635]","[0.008390330292182311, -0.2478518661669533, -0.009149395794506968, -0.9687160832301763]","[[0.87696698854538, -0.021885451757303883, 0.4800426451237021], [0.013567215674605868, 0.9996872883854389, 0.02079108543923795], [-0.4803497109344613, -0.011720306151363446, 0.8769936161473653]]","[0.014735901550387842, -0.8764979037748314, 0.03966737720152428]",[0.6682423579528991],"[0.015977769134253483, -0.17420831392965652, 0.0, -0.9845784431802828]",[0.499065002095],"[-16.127502139504216, -1.44504328165051, -2.576174833604753]","[1296.3482490764354, 1420.5549236452705, 1356.1806345443413, 1459.8193654556587]"
40,0.7999999999999972,"[-0.63408771444127, -0.07508974439974564, 2.118954252300637]","[0.21377889695251168, 0.0, 2.1934470598325384]","[1.0102383696795354, 0.08977529787707395, -0.08007226942436985]","[-0.08485595567332085, 0.0, 0.10169879609235478]","[0.008422689236344021, -0.24153944454010712, -0.009405312087219151, -0.9703051507698146]","[[0.8831332641402032, -0.022320868885013626, 0.46857549826092887], [0.014183222166291727, 0.9996739872897461, 0.0208886652132627], [-0.4688923703444548, -0.011801649784169622, 0.8831683005431751]]","[0.010272254333093275, -0.84129595789201, 0.04045301849869487]",[0.6551168462884954],"[0.014796472828839169, -0.17094585041274582, 0.0, -0.9851684729479112]",[0.499065002095],"[-15.433306356118303, -1.025077158571316, -0.6753928135032545]","[1305.4501213756844, 1413.7190268098923, 1354.201756839248, 1460.6308482177756]"
41,0.8200000000000003,"[-0.6135484561337118, -0.07348347481830084, 2.1185575297697143]","[0.21206080943901373, 0.0, 2.1955060331025473]","[1.0136593354655554, 0.08469224353125018, -0.052708489827407445]","[-0.08684100225360009, 0.0, 0.10406505562667545]","[0.008677134983764163, -0.2329390650641842, -0.0098420547957169, -0.9723949138678254]","[[0.8912696871119639, -0.023183215471834606, 0.45284672254311825], [0.015098240629619607, 0.9996403178348634, 0.021460401935163225], [-0.4531883258950384, -0.012290005765464167, 0.8913128338541147]]","[0.004335063972968061, -0.834417179011295, 0.046864190908512716]",[0.6405517840748309],"[0.015865616873315055, -0.16699533189219046, 0.0, -0.9858286806731547]",[0.499092144877202],"[-14.6221909744965, -1.3884677938256225, -0.037517469722196495]","[1299.663117103633, 1402.9946756554496, 1329.6176131184386, 1471.009667694016]"
42,0.8400000000000034,"[-0.5965488692914479, -0.07216669322151452, 2.1187481727198185]","[0.21030561254736876, 0.0, 2.1976092309803485]","[1.0167092292304858, 0.08074275333883076, -0.02048323996516377]","[-0.08882565814267195, 0.0, 0.10642944139246457]","[0.008848519134281594, -0.22314570118275082, -0.010297560496991409, -0.9746864932481198]","[[0.9001920127026561, -0.02402280427294235, 0.4348119656162283], [0.01612476824634934, 0.9996234280335997, 0.02184477688600952], [-0.43517643826060454, -0.012653351455717742, 0.900247499625295]]","[-0.0014428539476457544, -0.7997922287271051, 0.049416465426119105]",[0.6270448587581235],"[0.016458158945200755, -0.16292556951071735, 0.0, -0.9865003907778344]",[0.499281993625265],"[-13.921869472139344, -1.0336587827117114, 2.9829185727734995]","[1283.4939091676906, 1378.740863751536, 1302.118034725961, 1461.282037828782]"
43,0.8599999999999994,"[-0.5718172227788884, -0.07029427115333138, 2.120018743154056]","[0.20850854294697538, 0.0, 2.1997622935260184]","[1.0164230457099503, 0.07966750193149047, 0.03819356960881166]","[-0.09080983866975337, 0.0, 0.10879154750497033]","[0.009368092050578654, -0.2134901611421849, -0.010880112710199563, -0.9768356219695576]","[[0.9085991677402179, -0.025256154295679074, 0.41688573689263486], [0.017256172369787645, 0.9995797432519138, 0.022947766081281414], [-0.4172934404821942, -0.013656578018298858, 0.908660399148055]]","[-0.017914298744830973, -0.8043063262193464, 0.06041949793449239]",[0.592723025666858],"[0.01588943061732769, -0.16151805964809549, 0.0, -0.9867395384457506]",[0.499295067254],"[-13.102434312597278, -0.9089521525868156, 4.219018228592294]","[1219.7150436130994, 1379.6637649941567, 1266.4900185153654, 1445.6013393408896]"
44,0.8800000000000026,"[-0.5507195638233577, -0.06874227957273595, 2.122025946879409]","[0.2066716152449016, 0.0, 2.2019627886494866]","[1.0103732321129988, 0.07881191011273482, 0.06886076672574272]","[-0.09279353629564374, 0.0, 0.11115133800144325]","[0.009725318552301613, -0.20585427922632119, -0.011335261409114986, -0.9784662250940975]","[[0.9149862630438357, -0.02618633776452392, 0.40262244097193506], [0.018178344001202246, 0.9995490679535247, 0.023698615597846903], [-0.40306339708424405, -0.014364967328985706, 0.9150540757043741]]","[-0.017327505097308515, -0.7887482917277321, 0.058453385102285656]",[0.5767878668964193],"[0.01520126575797961, -0.15707365003553292, 0.0, -0.9874637518584896]",[0.499295067254],"[-13.99753033522985, 0.12092626888553415, 2.0457284057131133]","[1181.0879910498345, 1348.6646211694729, 1232.923440193975, 1421.8138100550539]"
45,0.8999999999999986,"[-0.5314639988908156, -0.06728745651940103, 2.124456842495829]","[0.20479636545405241, 0.0, 2.204208854284583]","[0.98712299093017, 0.0876145344703087, 0.09381205748948448]","[-0.0947767387639887, 0.0, 0.11350875431992598]","[0.009957972825939897, -0.20011838335392526, -0.011683945430089188, -0.9796468219129008]","[[0.9196231749698469, -0.02687782686280009, 0.3918579796958557], [0.018906733169162443, 0.9995195872366198, 0.024186937404583955], [-0.39232337334022604, -0.014834248321924232, 0.9196978816858692]]","[-0.028722818206627993, -0.757854581953903, 0.05915258228149326]",[0.5693789531549054],"[0.009436019925826851, -0.1598409743812078, 0.0, -0.987091701525751]",[0.499295067254],"[-15.230871405642539, -1.400314546695963, 0.8568925281831525]","[1130.284055424816, 1290.1651055150594, 1175.5784814311733, 1377.5360550548587]"
