,t,p,p_d,v,v_d,q,R,w,T_sp,q_sp,hover_throttle,fa,pwm
0,0.0,"[0.08075080196742203, -0.03764516098263874, 2.17898199333744]","[0.24988275695866438, 0.0, 2.150140691652277]","[-0.31999142636268707, -0.006516877765997282, 0.010667723493783482]","[-0.004784582587075747, 0.0, 0.0057414990105266114]","[0.006091222843016022, -0.05344068007067753, -0.005065059603316222, -0.9985392631126597]","[[0.994236201858095, -0.010766359950219805, 0.10666352978251356], [0.009464283585448516, 0.9998738084394815, 0.012706010797839909], [-0.1067869394095414, -0.011623289878640967, 0.9942133055242188]]","[-0.0057950980028848706, 0.20096775050305304, 0.025248809125614807]",[0.4513217215445294],"[0.009745070745161821, -0.09315587638915437, 0.0, -0.9956017288972548]",[0.444015546426],"[-2.8121240160869014, -0.3349868337014553, -0.2742350361864716]","[839.2406775130987, 1059.1464299627764, 835.4446640281752, 1044.7302519850882]"
1,0.019999999999999574,"[0.07289735411954175, -0.03801290660148603, 2.1795175640089535]","[0.24976712778630042, 0.0, 2.1502794466497854]","[-0.32157957112731395, -0.018629503352461843, 0.008095067980673349]","[-0.0067740192781729, 0.0, 0.008128822688633585]","[0.00606278613115227, -0.05609338582446835, -0.005367694144376071, -0.998392351437191]","[[0.9936487647102752, -0.011398293960450454, 0.11194132838349953], [0.010037965153946614, 0.9998681858254364, 0.012708262880740262], [-0.11207150110995868, -0.011503894326227357, 0.9936328742397862]]","[0.016733130449805032, 0.23494330367045158, 0.02362083421623497]",[0.450790097654985],"[0.01568690738933254, -0.09494250158424737, 0.0, -0.995356993739664]",[0.444015546426],"[-2.9477938301226883, -0.33465154873885905, -0.22807465059423748]","[862.9275186775279, 1042.2475820811576, 874.7295322546389, 1010.672185030401]"
2,0.03999999999999915,"[0.06632160334623008, -0.03822712939137099, 2.179792401233102]","[0.24961219864240503, 0.0, 2.150465361607103]","[-0.32846294614102134, -0.007508221359026788, -0.00585607761579564]","[-0.008763455756532689, 0.0, 0.010516145345657285]","[0.006257168737610434, -0.05858028605158259, -0.005562178150344272, -0.9982473654214102]","[[0.9930743669917361, -0.011837952838215881, 0.11688562545877909], [0.010371765900126926, 0.9998593624982847, 0.013144072388867714], [-0.11702483940772052, -0.011840736440399595, 0.9930579383220666]]","[-0.004409169229850105, 0.23575624766851153, 0.02212779933208255]",[0.4547239296174342],"[0.015310932043279817, -0.10087437419608584, 0.0, -0.9947794476676511]",[0.44399659807178266],"[-3.502915615448595, 0.4678916087055307, -0.566475097644652]","[871.5678041506, 1051.2169130046098, 851.7635857636602, 1055.0284225859953]"
3,0.05999999999999872,"[0.06133784364771953, -0.038391031896228514, 2.179901125435469]","[0.2494153542954668, 0.0, 2.1507015747631897]","[-0.32817797124951864, -0.010064491703988035, 0.004086640832156504]","[-0.010752891733721317, 0.0, 0.012903465597139896]","[0.006080618141130799, -0.059629375483800054, -0.005710462273586317, -0.9981854667726876]","[[0.9928229281932204, -0.012125367824717351, 0.1189729057203316], [0.010675033975472974, 0.9998603052004399, 0.012820191913137744], [-0.11911179828231165, -0.01145814671674673, 0.9928141991180199]]","[0.000558357698016919, 0.19561478705701182, 0.020544589882368038]",[0.4576257590774372],"[0.011160261381939133, -0.1078519005239634, 0.0, -0.9941031391434102]",[0.443994508351],"[-3.745574419201007, -0.8503234994485049, -0.9424468323275512]","[876.6707409289883, 1056.1195710833015, 824.3613800845816, 1093.2849896346675]"
4,0.0799999999999983,"[0.053899197160197074, -0.03875135120655752, 2.1801737462288675]","[0.24918063654253195, 0.0, 2.150983235933644]","[-0.33665799043287603, -0.012162130193258736, -0.010124867966205892]","[-0.012742326960056852, 0.0, 0.015290782244416412]","[0.005956715984877782, -0.06145929527009939, -0.005960459400337758, -0.9980737881286058]","[[0.9923739969633493, -0.012630147718473178, 0.1226108137643108], [0.01116576545225428, 0.9998575219828948, 0.01262313544412797], [-0.12275283281945962, -0.011157832907204778, 0.9923740861852264]]","[0.001598956996729318, 0.17696653597509282, 0.018229459585363268]",[0.4635452086715461],"[0.011994882028973097, -0.11142502261174397, 0.0, -0.993699342284436]",[0.443994508351],"[-4.017233882809092, -0.30201196222597665, -1.051368120694928]","[877.7432287963547, 1062.1820490652399, 818.969405364006, 1105.5462695196852]"
5,0.10000000000000142,"[0.04711678432621177, -0.03901688388726476, 2.1802338392969864]","[0.24890678665711735, 0.0, 2.1513118554973945]","[-0.3358578699998039, -0.00978613140928443, 0.004646412058235128]","[-0.01473176083772038, 0.0, 0.01767809241807528]","[0.006173419050973437, -0.0636395394602709, -0.006165119771620079, -0.9979345397822889]","[[0.9918234571087539, -0.01309051901458717, 0.12694006931078522], [0.011519024833390321, 0.9998472168686268, 0.013106026964999407], [-0.1270923087821838, -0.011536645433066157, 0.9918232523067928]]","[-0.019730531059621786, 0.21167740956883158, 0.021196791099851706]",[0.4597331655373607],"[0.011392521552117825, -0.11651659632301328, 0.0, -0.9931216608515621]",[0.443994508351],"[-2.4599020353630934, 0.06815925941464862, 1.1415469893196537]","[867.524711394111, 1089.7875221841261, 853.435468234916, 1095.4714469569244]"
6,0.120000000000001,"[0.04063272611009618, -0.03919440311994371, 2.180405483560069]","[0.24859219402327187, 0.0, 2.151689366078951]","[-0.3266378671995322, -0.008895828893008, 0.009128632662757855]","[-0.01672119261114445, 0.0, 0.020065392491452276]","[0.006516300724122286, -0.0659056117681212, -0.0063973279755655775, -0.9977838156768978]","[[0.9912305295341195, -0.013625222206569431, 0.1314357317431932], [0.011907379063816111, 0.9998327045089257, 0.013846958429047663], [-0.1316024793948717, -0.012160479173403802, 0.991227456794319]]","[-0.03781044541497865, 0.2347806027898182, 0.024000434304652568]",[0.45991931423488625],"[0.011318140948676721, -0.11614231315701366, 0.0, -0.9931679942299633]",[0.443994508351],"[-3.422479771986549, -1.380640268616062, -1.8931945494261768]","[867.2899294356188, 1099.6853023128579, 854.7923560662381, 1109.0601279697512]"
7,0.14000000000000057,"[0.03412130035806865, -0.03943478986637045, 2.180529745613057]","[0.24823786538566556, 0.0, 2.152114559409263]","[-0.3341897654025612, -0.022071642100070423, -0.0090300519522354]","[-0.01871062135824932, 0.0, 0.022452678038356568]","[0.006816775029245075, -0.06841167902705335, -0.006623939224015642, -0.9976115568746716]","[[0.9905512524335615, -0.01414893069442759, 0.13640625543818302], [0.012283542593226204, 0.9998186312445639, 0.014507296707755262], [-0.13658687105217304, -0.012694677491402994, 0.9905460687316497]]","[-0.0492179211934585, 0.2725607278296696, 0.025360502340890656]",[0.46819813821767287],"[0.01683276077286098, -0.12066025810856568, 0.0, -0.992546807184896]",[0.443994508351],"[-4.378537853848635, -1.255492185589819, -2.8468037854982704]","[874.3432566717546, 1085.51492963659, 858.6824024891974, 1099.3836494973202]"
8,0.16000000000000014,"[0.029091221310411586, -0.039705699602492574, 2.1805421827625495]","[0.24784372228385, 0.0, 2.152587529350755]","[-0.3332007819078237, -0.018893940185616458, -0.010739038400355765]","[-0.0207000458090686, 0.0, 0.02483994296319958]","[0.0076121289764901024, -0.07182166387679591, -0.0068296072870503745, -0.9973637406767333]","[[0.989587380786514, -0.014716636879803856, 0.14316067098852073], [0.012529773804858695, 0.9997881945754674, 0.01616515037897394], [-0.14336862239463197, -0.014203095343049747, 0.9895647788427951]]","[-0.06789236837743855, 0.33522006812250016, 0.021714868796321556]",[0.4701361927094094],"[0.015467897269973935, -0.12395359541415894, 0.0, -0.9921669360107551]",[0.443994508351],"[-3.538479745285986, 0.5306055099185785, -0.41870390069842145]","[897.8257935281243, 1072.7777351576865, 878.0353072795928, 1084.158961826237]"
9,0.17999999999999972,"[0.02128624418784142, -0.03991475593560986, 2.1806727881505847]","[0.2474091515784472, 0.0, 2.1531090113480444]","[-0.32957660177113224, -0.011825976067453914, -0.0007606694699347962]","[-0.022689464553273378, 0.0, 0.02722718049624183]","[0.008377956546270458, -0.07640099680321494, -0.007036589079728078, -0.9970154630940133]","[[0.9882233979060593, -0.015311344702472899, 0.15222804594211528], [0.012751007777236567, 0.9997572422193266, 0.017781109291094405], [-0.152463854892291, -0.01563069961195104, 0.9881820447660308]]","[-0.07694462337542769, 0.37854907696276696, 0.021875922650532825]",[0.4675706752045064],"[0.012589939310414168, -0.12418841260359346, 0.0, -0.9921781226327346]",[0.443994508351],"[-3.651687257948293, -0.2612765616933038, -0.1366487326883039]","[898.0769946937204, 1096.1755132283388, 885.1325156840804, 1101.5898056397257]"
10,0.1999999999999993,"[0.014664478108025137, -0.040278208639107735, 2.1808150361349643]","[0.2469360163798381, 0.0, 2.153676769201901]","[-0.325442125533956, -0.015394486040728617, 0.0006820525892366361]","[-0.024678875898302116, 0.0, 0.029614382513506645]","[0.00918160845281732, -0.0801517189918975, -0.007237354250500572, -0.9967132248552789]","[[0.9870448771812873, -0.01589897679008066, 0.15964365552229168], [0.012955289987665281, 0.9997248694284379, 0.01946303390899395], [-0.15990945773414142, -0.0171426883724702, 0.9869810319068201]]","[-0.0691067938975894, 0.36474148748751567, 0.01922534440883592]",[0.46972296911375244],"[0.014669400409408902, -0.12680870353963086, 0.0, -0.9918175678448122]",[0.443994508351],"[-3.532767331914353, -0.8852533620905332, -1.1884684559781213]","[907.3458770542011, 1084.6523492671583, 893.7439083633461, 1090.0056343238966]"
11,0.21999999999999886,"[0.008358496057008521, -0.040428098060248774, 2.180935846876551]","[0.24642230916592234, 0.0, 2.154293211265262]","[-0.3180882736143182, -0.01444634763151249, -0.0009747934800008364]","[-0.026668277414310753, 0.0, 0.03200153735181029]","[0.009829951404289446, -0.08399456858819233, -0.00735622763155246, -0.9963894854610945]","[[0.9857794330447516, -0.016310660784366857, 0.16723798723395705], [0.01300801067458211, 0.9996963522601633, 0.020824686776352627], [-0.16752723267450526, -0.018353154110957472, 0.9856944053254646]]","[-0.07283043909968132, 0.395917506821734, 0.01706963433854425]",[0.47174382218480704],"[0.0145307811262129, -0.12710478615003568, 0.0, -0.9917828193670207]",[0.443994508351],"[-4.177539945091976, -0.00033755709334515327, -1.9889363289520645]","[914.0149674236834, 1081.844193161246, 920.4596617157077, 1067.2346665565303]"
12,0.23999999999999844,"[0.0019596618330862308, -0.04073535880291242, 2.18111430279653]","[0.24586953491646849, 0.0, 2.1549565308692094]","[-0.31826489730954494, -0.007980234539529448, -0.00857689950907058]","[-0.028657666960896493, 0.0, 0.034388634737438174]","[0.010775663310038305, -0.08819018916366043, -0.007529369185307824, -0.9960158317515433]","[[0.984329451154439, -0.016899357394690014, 0.17551538132978267], [0.013098126251985238, 0.9996522402443409, 0.022793495494315447], [-0.17583991711889407, -0.020137429523374113, 0.9842106041155537]]","[-0.08550318787170316, 0.4123699196428953, 0.016813360791558495]",[0.47638395842369524],"[0.012220319552936145, -0.13013982785876851, 0.0, -0.991419128093324]",[0.44408578383741343],"[-4.601434955137107, 0.06635836574714216, -1.8305722918985232]","[923.2285451885518, 1078.7141916168837, 914.9670683951434, 1078.9585148314081]"
13,0.26000000000000156,"[-0.002821333543136347, -0.04085908960844034, 2.181193121462041]","[0.24527640548783652, 0.0, 2.1556682726710257]","[-0.311310848368004, -0.0045752808097452745, -0.005655483562662462]","[-0.030647041079627416, 0.0, 0.03677565806979594]","[0.011086235532408043, -0.09113981292456427, -0.007626780919497451, -0.9957464145637018]","[[0.983269193447629, -0.01720947437542753, 0.18133517930802756], [0.013167884645582228, 0.999636315210918, 0.023468365337247308], [-0.18167338846653808, -0.020687951792368774, 0.9831397197854569]]","[-0.06675842160220141, 0.3879505400203511, 0.01767259979443665]",[0.47724347386982663],"[0.011637262078706157, -0.13217852685174444, 0.0, -0.9911561690765991]",[0.44410103943499996],"[-3.501506315214897, 0.04126091438386148, -0.8603461902707146]","[920.5127527234928, 1095.4794491012588, 912.1204704025889, 1091.6649535956055]"
14,0.28000000000000114,"[-0.01014487889196181, -0.041146383509971164, 2.1813871865912393]","[0.24464288762102013, 0.0, 2.1564284754506247]","[-0.29683101085476354, -1.7443098789894466e-05, -0.001955859127250043]","[-0.032636396651492976, 0.0, 0.03916259237846823]","[0.011702975185511413, -0.09475935513332308, -0.007770061711942689, -0.9954000708868208]","[[0.98191855150539, -0.017686572721166135, 0.18846507195498893], [0.013250707194284762, 0.9996033030195711, 0.024770856732829156], [-0.18882880331260796, -0.021825712584149903, 0.9817653799670194]]","[-0.05623816892926942, 0.371871488397188, 0.014575700711706122]",[0.47579834415772665],"[0.010049174798631544, -0.1276143710307054, 0.0, -0.9917710983015136]",[0.44410103943499996],"[-3.4855788106667407, -1.569183317436483, -1.0621383508286684]","[932.0500887389529, 1090.7020676259306, 943.0158662244853, 1070.945745343818]"
15,0.3000000000000007,"[-0.014346248379819026, -0.041266552524207224, 2.181443331916081]","[0.24397258134546299, 0.0, 2.1572328181574]","[-0.28757694930583244, -0.013866750163931482, -0.0029577276246293104]","[-0.03462573145746894, 0.0, 0.041549427012497184]","[0.01201261178752607, -0.09741354031039581, -0.007824841071434654, -0.9951403467300819]","[[0.9808979865584272, -0.017914012199065146, 0.19369229500520374], [0.01323324802867592, 0.9995881765461218, 0.025432960261014402], [-0.19406828211756466, -0.022383978376475842, 0.9807318371500979]]","[-0.05031537018846475, 0.37623395130569465, 0.01358569128864919]",[0.47942856739986295],"[0.016847486562116598, -0.13048567452980325, 0.0, -0.9913064123778991]",[0.44410103943499996],"[-5.117893363448008, -0.8560388095522935, -2.5987923190370665]","[938.7978177657941, 1082.9792366572574, 961.3821376837658, 1055.3703782857758]"
16,0.3200000000000003,"[-0.020139031935497854, -0.04148891121983982, 2.1817445352661053]","[0.24325974681845766, 0.0, 2.158088185959807]","[-0.28739471312917647, -0.002357852175861205, -0.012630249036809175]","[-0.03661503811307779, 0.0, 0.0439361265278217]","[0.012282098866327766, -0.1018549323740958, -0.007985311743282505, -0.9946911794121055]","[[0.9791231999002387, -0.018387823010681568, 0.20243225284764033], [0.013383853612914474, 0.9995703544929774, 0.026060477589203525], [-0.2028245584008781, -0.022807104038811074, 0.9789490304023889]]","[-0.027484800192468826, 0.34988811413920895, 0.010995886972522932]",[0.48379856823634937],"[0.012135529134885588, -0.13195965114892078, 0.0, -0.9911795265937743]",[0.44410103943499996],"[-4.1184317346383725, -0.3816973592010218, -0.7809554143998554]","[941.5233540257836, 1083.7888588481294, 934.0732876787658, 1086.0429512706778]"
17,0.33999999999999986,"[-0.025844283855768386, -0.04167994918319048, 2.1819116956573437]","[0.24250862654991712, 0.0, 2.158989486665887]","[-0.26356683964271727, -0.010237245928075569, 0.006530740996303304]","[-0.0386043146327734, 0.0, 0.04632268139456028]","[0.012421406670273687, -0.10501144099896628, -0.008073611260996793, -0.9943606283786455]","[[0.9778147646737699, -0.01866494196089858, 0.20863791369981724], [0.013447382706180136, 0.9995609874677921, 0.02639835858916559], [-0.2090390561348994, -0.023007072378834575, 0.9776365483840207]]","[0.009103991405041229, 0.31646693042075186, 0.00548009299141462]",[0.47651710252472984],"[0.016945487973674688, -0.128511164286291, 0.0, -0.9915621778082392]",[0.44410103943499996],"[-3.015162039270103, -0.8741443745452686, -1.0402446137600911]","[953.3371910428186, 1085.9607444017615, 947.0624018551503, 1093.364873512601]"
18,0.35999999999999943,"[-0.03130718681490332, -0.04180470599432981, 2.181998950304129]","[0.24169910455770785, 0.0, 2.159960849215958]","[-0.25012330661239623, -0.0031755252780688433, -0.011623158775565511]","[-0.04059353432305452, 0.0, 0.04870896348949019]","[0.01224385516209553, -0.10782505517239223, -0.008157843815295022, -0.9940579244094473]","[[0.9766082761318047, -0.01885912729812869, 0.21416893417178576], [0.01357834986462577, 0.9995609371992028, 0.026101442417349047], [-0.21456846800422366, -0.02258296257946127, 0.9764415529847734]]","[0.013907649504688322, 0.2861901726678347, 0.003272738866015975]",[0.48099889092784764],"[0.01469565257900176, -0.12299852559219934, 0.0, -0.9922886418742078]",[0.44410103943499996],"[-4.869589886454, -0.5155096121994069, -3.629445728716135]","[949.8116721157983, 1084.442233525079, 946.5248915115635, 1085.6449849844112]"
19,0.379999999999999,"[-0.03528767807610516, -0.041916206151786296, 2.182043919604139]","[0.2408837375259515, 0.0, 2.160939223622367]","[-0.24278702886040243, -0.0077496373765547025, -0.01583426726240566]","[-0.04258274797684961, 0.0, 0.051095216610476044]","[0.012045345315566346, -0.11044408360728084, -0.00820598630815964, -0.9937752598375554]","[[0.9754691235938303, -0.018970486601451494, 0.21931550789121923], [0.013649138101007582, 0.9995747341139919, 0.025753337617417226], [-0.2197108836461656, -0.022128127065822883, 0.9753136193288672]]","[0.022550105475484642, 0.25473163156431855, 0.0006724815334825489]",[0.48420153618074474],"[0.014585667360721095, -0.1184513258305558, 0.0, -0.9928520557573239]",[0.44410103943499996],"[-4.6793976411937335, -0.7332733367489689, -0.3128958084184106]","[944.4095706730195, 1081.863754849868, 938.9355681777984, 1080.0532920310986]"
20,0.3999999999999986,"[-0.04010761726471114, -0.04204447272907197, 2.1821841214242963]","[0.24001310052453617, 0.0, 2.1619838966954483]","[-0.22526970718433195, -0.0022224119051659484, 0.002360673039804663]","[-0.04457189532602372, 0.0, 0.05348115148363982]","[0.012115432418142896, -0.11268699267020042, -0.00824943531740132, -0.9935224174228003]","[[0.9744671661242139, -0.019122501126034325, 0.22371421578745418], [0.013661494549636017, 0.9995703153529644, 0.025933115522682376], [-0.22411399769175747, -0.0222146992941012, 0.9743097050849687]]","[-0.0005877008068346465, 0.21354665062140066, 0.0014054163965632276]",[0.48175996214305],"[0.013984854790689689, -0.12661590985857524, 0.0, -0.9918530012633302]",[0.44410103943499996],"[-3.484818951329643, -0.1968656533465143, -0.2747564232793387]","[962.4549653934937, 1074.9146341042724, 968.6024961420937, 1055.8419386246037]"
21,0.4200000000000017,"[-0.04474332096346935, -0.042111765755276115, 2.182214399191765]","[0.23909955673857455, 0.0, 2.163080033054687]","[-0.20296312185990129, -0.0021606035019523305, -0.0024194406057060883]","[-0.0465609812247719, 0.0, 0.05586679141251386]","[0.012059675946031724, -0.11479348324865106, -0.008294139473001566, -0.99328143694118]","[[0.9735071122099027, -0.019245573965257022, 0.22784442271681563], [0.013708085130477209, 0.9995713282347728, 0.02586153082675071], [-0.228244521253998, -0.022053078184126787, 0.9733538261412513]]","[0.0014631495114819254, 0.18962662796649538, 0.000658662375489115]",[0.484097959864825],"[0.01434525814326834, -0.12162665351608005, 0.0, -0.992470453595098]",[0.4441438103192139],"[-3.8381563655280235, -1.245876520295667, -3.059415269583358]","[973.8395406808456, 1073.434693718494, 969.997338128832, 1062.9892569210149]"
22,0.4400000000000013,"[-0.048325148386735704, -0.042154565333855094, 2.182173104280681]","[0.23815049882406758, 0.0, 2.164218762140471]","[-0.18658659231037789, -0.006827890539882181, -0.013398852031460046]","[-0.048550009596494505, 0.0, 0.05825215523062326]","[0.012073272974076283, -0.11613876433238708, -0.008301806888402043, -0.993124972903658]","[[0.9728858431469318, -0.019293813491505007, 0.23048015439984898], [0.013685113472877711, 0.9995707404676263, 0.025908860977966172], [-0.23088107432281596, -0.022052214602985724, 0.9727321553015434]]","[-0.003318168993215474, 0.12764679793456554, 0.0024074868568207492]",[0.48785371265663435],"[0.016323316910154054, -0.11711676899937482, 0.0, -0.992983663634027]",[0.444455383961],"[-4.4012457122124635, -0.30454215325893735, -2.0174689452056995]","[949.0774937072918, 1097.5224639345988, 935.2100133298509, 1103.6920999969307]"
23,0.46000000000000085,"[-0.052190743778270814, -0.04220912860035546, 2.182150700833818]","[0.23715810546203175, 0.0, 2.1654094585719528]","[-0.16962020777322026, 0.002130919974417856, -0.007619638232849878]","[-0.05053895798125468, 0.0, 0.06063713514197754]","[0.012012060665737019, -0.11655438855301153, -0.008321183447448498, -0.9930768532616584]","[[0.9726917585005823, -0.019327266119123623, 0.23129502171535976], [0.013727032574496987, 0.9995730302796404, 0.02579753971174612], [-0.23169483995688567, -0.02191805791672692, 0.9725416634856398]]","[0.006287972945233391, 0.05163094161863915, -0.0007744080980785146]",[0.48478682940378726],"[0.014958082557729548, -0.12040347739517752, 0.0, -0.9926096001997733]",[0.444455383961],"[-4.519514119229418, -0.7924509833095779, -1.6205893992288587]","[975.6238279626917, 1080.3052156221845, 956.2097787480403, 1093.8461257599622]"
24,0.4800000000000004,"[-0.055349443389865145, -0.04215312588473072, 2.1821052722067797]","[0.2361272444085294, 0.0, 2.1666462793924204]","[-0.15464663147043967, -0.007202537231744991, -0.01553666540713913]","[-0.052527826024104655, 0.0, 0.06302172944976496]","[0.011972702406065485, -0.11698845165737849, -0.00829841205902817, -0.9930264512750543]","[[0.9724897170709398, -0.019282421189670062, 0.23214654514292832], [0.013679749523109377, 0.999575621507513, 0.025720057120936272], [-0.23254396281503092, -0.021836783608933777, 0.9723407531505343]]","[-0.009226254589187627, 0.03875516188762611, 0.0012736461147117954]",[0.4909494454267188],"[0.01694696701781551, -0.11376941642245489, 0.0, -0.9933602913304014]",[0.444455383961],"[-3.9782841369253332, -1.0521489543091143, -2.5869169919075574]","[969.8361520632269, 1087.900126107867, 963.6627611461734, 1084.547384848351]"
25,0.5,"[-0.058092471769022325, -0.042097377985824844, 2.181973158674289]","[0.23505710470353958, 0.0, 2.1679301909913278]","[-0.13117647635779728, 0.0005249509431279507, -0.015550776887939674]","[-0.054516602412069064, 0.0, 0.06540588386303452]","[0.012128502383299081, -0.1172468389525251, -0.008333441699189377, -0.9929938180986153]","[[0.9723675558572145, -0.01939416931290051, 0.2326486282079033], [0.013706055050220574, 0.9995669972058098, 0.026041195172470846], [-0.23305291687794213, -0.02213291638517039, 0.9722122472181987]]","[-0.005558930634422142, 0.01612787721646864, 0.0005827016697021482]",[0.4904126193971681],"[0.013996725624305954, -0.10876306237677562, 0.0, -0.9939684928606651]",[0.444455383961],"[-4.553921680534534, 0.6361469246210244, -1.9918688526095494]","[966.1478221655851, 1099.8614047129247, 953.6153023963329, 1100.8602009220708]"
26,0.5199999999999996,"[-0.060559048918087104, -0.042092886321824584, 2.1818985114469855]","[0.2339470407088803, 0.0, 2.169261960361386]","[-0.12166325578586994, 0.00893962133231691, -0.01638788351209126]","[-0.05650527471113207, 0.0, 0.06778953871423705]","[0.012178565140106684, -0.1169364935626963, -0.00827743140815943, -0.9930302242930316]","[[0.9725146844108852, -0.01928771654384741, 0.23204133038601582], [0.013591241727411562, 0.9995663365666185, 0.02612323415444666], [-0.23244455933640396, -0.02225149893614308, 0.972355081254575]]","[-0.004097611707517988, -0.061852633990372156, -0.005029378031304829]",[0.4923577017285764],"[0.011064704595759704, -0.10927337279744362, 0.0, -0.9939485660418037]",[0.444455383961],"[-4.451002543998445, -0.43383154007830865, -1.0640853801971026]","[974.7230123015931, 1102.9757030712897, 958.0769712062465, 1108.1950732365012]"
27,0.5399999999999991,"[-0.0627654185354043, -0.04198927790132734, 2.181751988926156]","[0.23279818473154085, 0.0, 2.170640222790581]","[-0.09677237773118473, 0.005873077538648916, -0.00488385600914591]","[-0.058493834797391744, 0.0, 0.07017265502381018]","[0.012258557838154712, -0.11596282490830752, -0.00825598601741044, -0.9931436370235791]","[[0.9729690179348596, -0.019241833953522226, 0.2301330704137192], [0.013555685968665042, 0.9995632269757464, 0.02626379235406255], [-0.23053789634214086, -0.022434242510132943, 0.9728047960645562]]","[-0.006248282883437738, -0.0933754356188091, 0.001928319139363082]",[0.4897032252914758],"[0.013074016477605028, -0.10586767136213443, 0.0, -0.9942912943178851]",[0.444455383961],"[-3.7297466006428674, -1.0206247542153977, -1.8189402328595925]","[988.966458575192, 1095.6637629774782, 975.624735435695, 1093.624735435695]"
28,0.5599999999999987,"[-0.06448053900666484, -0.04182743798904701, 2.1816387348014303]","[0.23160648522270805, 0.0, 2.172069823778376]","[-0.08058834791333068, 0.006828688296920382, -0.015261966554395061]","[-0.06048225604376304, 0.0, 0.07255510501676184]","[0.012351952434878707, -0.11514756427645705, -0.008251524016170034, -0.9932371680615524]","[[0.9733455935404957, -0.019236035165895095, 0.22853383643794156], [0.01354684621815535, 0.9995583752001903, 0.026437122296961182], [-0.22894152616659352, -0.022636550728838512, 0.9731766273797675]]","[-0.01363392279160712, -0.08926741749438938, 0.002019416495121145]",[0.49524959472113883],"[0.013093280606952005, -0.10417091795157439, 0.0, -0.9944682115450012]",[0.444455383961],"[-4.218905158624027, -0.5645236005331153, -2.8804265360239327]","[966.8102078558643, 1110.6955719440257, 967.0309105479225, 1094.148818925827]"
29,0.5799999999999983,"[-0.06614252100232049, -0.041553447052893815, 2.181727806853868]","[0.23037635756167574, 0.0, 2.1735454636061387]","[-0.061008202649003127, 0.008150544483064983, -0.010578609906496485]","[-0.062470540402131784, 0.0, 0.07493689807579904]","[0.012805619637618141, -0.11339858156779753, -0.008229567097664637, -0.993432765931613]","[[0.974145680244635, -0.019255321414510817, 0.22509696366716755], [0.013446765002500295, 0.9995361890592052, 0.027309486743718712], [-0.22551850249130737, -0.02357660180054997, 0.9739531640052582]]","[-0.010436024344833886, -0.18227458557559437, 0.007438504990993156]",[0.4916641833562937],"[0.012362840936349156, -0.09544751475526676, 0.0, -0.9953515141312139]",[0.444455383961],"[-4.726080261251472, -0.5637717233161446, -0.7507131884813276]","[950.8431211024091, 1139.3634720659816, 933.9716945832497, 1142.05586337976]"
30,0.6000000000000014,"[-0.0671888144544495, -0.041342949009152696, 2.1817726854991184]","[0.22910696331103073, 0.0, 2.1750681352837216]","[-0.05214506746520399, 0.00904502990751805, 0.0008145914398437308]","[-0.06445866944414264, 0.0, 0.07731794578420645]","[0.012712618174668327, -0.11144262499584649, -0.00822505427768755, -0.9936551736366006]","[[0.975025104571802, -0.019179190552842066, 0.2212619578325365], [0.013512280393022286, 0.999540800582022, 0.027097160918329356], [-0.22168020573052916, -0.023430674360574087, 0.974837186285834]]","[0.0047641580111279815, -0.21034094417347923, -0.00030687953823136695]",[0.49054926335306065],"[0.01258550397782965, -0.09727213397642537, 0.0, -0.9951771653053447]",[0.444455383961],"[-4.020714894337663, -1.2783979219687964, -0.47397661477010544]","[972.0993997564813, 1125.6273047760887, 938.1058050504206, 1144.0844061924954]"
31,0.620000000000001,"[-0.06793417928771217, -0.0410803547939029, 2.1818788419804775]","[0.2277978231063926, 0.0, 2.1766384019582614]","[-0.026492495321777023, 0.0036512979687908413, 0.009632679840553928]","[-0.06644662693756802, 0.0, 0.07969817026717069]","[0.012608883179784291, -0.10943256445984637, -0.008176008642472, -0.9938803109708538]","[[0.9759147231889823, -0.01901159286683775, 0.21731956171568056], [0.013492303181484085, 0.9995477276474163, 0.026852884657021514], [-0.2177319230670799, -0.023273998285855205, 0.975730449553543]]","[0.008384920472635877, -0.21232953231164792, -0.0002699885051911438]",[0.48829817046510116],"[0.015169823928270067, -0.0911812807602842, 0.0, -0.9957119654659219]",[0.444455383961],"[-3.4884316792863106, -0.18117822074288725, -1.289978378283358]","[961.9729640887364, 1125.10341748294, 965.3166354013564, 1105.68470462344]"
32,0.6400000000000006,"[-0.06843378721128679, -0.04077166605241525, 2.182146857538011]","[0.2264492623308998, 0.0, 2.178255861212118]","[-0.014461196463432097, 0.01646297192364085, 0.010667616423736145]","[-0.06843439809374202, 0.0, 0.08207750058663342]","[0.012543469373655624, -0.10683924455643942, -0.008134768899492249, -0.9941633408726818]","[[0.977037288316621, -0.01885484763668921, 0.2122272441599815], [0.013494308468696405, 0.9995518594235466, 0.02667873996502122], [-0.21263539705819168, -0.023202289709569338, 0.9768549599988616]]","[0.014956976011892432, -0.2202930901733705, -0.001131416432060195]",[0.48980631717928247],"[0.01018291158175159, -0.08963965428503216, 0.0, -0.9959182430944483]",[0.44479879594627264],"[-4.809081161123661, 0.14501263436597156, -1.6269360663812371]","[958.9986522941011, 1121.0010277994372, 950.9673543043178, 1114.8086847210914]"
33,0.6600000000000001,"[-0.0686404101327169, -0.040452901021728105, 2.1825463712819873]","[0.2250603240436013, 0.0, 2.179921644198569]","[-0.005015860822892668, 0.014480974859066457, 0.015868638073113117]","[-0.07042196064452833, 0.0, 0.08445582992145337]","[0.012426742495178675, -0.1048542115323498, -0.008121072472972593, -0.994376541740572]","[[0.9778787731987989, -0.018756800494293097, 0.2083272995481322], [0.013544815349303074, 0.9995587366928574, 0.026416779756813977], [-0.20873097345375743, -0.02301066515301153, 0.9777018289769385]]","[0.012161818040946147, -0.23351913657277376, -0.002805514610364205]",[0.4892309280381092],"[0.0114670343008783, -0.08843599229187693, 0.0, -0.9960146618568797]",[0.444884103266],"[-4.5647997022601015, -1.2392438082431885, -1.4194352164836133]","[970.4496459969151, 1098.696023259886, 951.686953815958, 1105.80970979502]"
34,0.6799999999999997,"[-0.06858207225454971, -0.0400423611367769, 2.1832181320337916]","[0.22363332671086905, 0.0, 2.181632961678285]","[0.005968463325489143, 0.013351243224288495, 0.020155469377481704]","[-0.07240930923727504, 0.0, 0.08683313262695341]","[0.012307094791028175, -0.1022966565281536, -0.008089071687146171, -0.9946445253356837]","[[0.978939157344844, -0.01860945103473012, 0.20329851280769537], [0.01357355243994117, 0.9995654400541314, 0.02613733888939018], [-0.2036967246957959, -0.02282739893734376, 0.978767094341973]]","[0.006452905461387086, -0.2524203023539444, 0.001313474692393179]",[0.48945080411604164],"[0.012234585846322041, -0.08707858297728015, 0.0, -0.9961262220015837]",[0.444884103266],"[-4.791584223036305, -0.07824127234544709, -0.5820419607397014]","[949.3487135787126, 1127.0281586463307, 952.3067690874252, 1107.509288763685]"
35,0.6999999999999993,"[-0.06832846810816767, -0.03962639249339716, 2.183954625592603]","[0.2221643089137435, 0.0, 2.1833945354434303]","[0.01192048999312385, 0.022850120945348586, 0.0374211313436816]","[-0.07439640102818398, 0.0, 0.08920920317783113]","[0.012171043294253463, -0.09969179843450027, -0.008091622753362698, -0.9949105678054994]","[[0.9799912431920439, -0.018527588365688547, 0.19817188059033622], [0.013674175586375376, 0.9995718839525128, 0.025831536038414555], [-0.19856581455374397, -0.022604862340269555, 0.9798259233198682]]","[0.0051642421761791835, -0.27616331952573103, 0.000461272836142461]",[0.4846813681960011],"[0.008646696947730263, -0.08670575896477573, 0.0, -0.9961950653672739]",[0.444884103266],"[-3.902581772482436, -0.016602165601064645, 0.9401359839762655]","[939.2604821710383, 1136.8530293872461, 943.8197189952115, 1115.7428804951546]"
36,0.7199999999999989,"[-0.06795635635802079, -0.039201924659190736, 2.1848247650678165]","[0.22065661283882249, 0.0, 2.1852023495956225]","[0.02937432411082761, 0.022815867686153735, 0.055064717716572814]","[-0.07638323538459336, 0.0, 0.09158403859853978]","[0.012384690691776572, -0.09681703379894284, -0.008045597445459206, -0.995191948444511]","[[0.9811221251404332, -0.018411925630883823, 0.19250378054639086], [0.013615729561703083, 0.9995624400806224, 0.026208190680482874], [-0.19290234948956111, -0.023092387161244027, 0.98094482728988]]","[0.0024372920879816243, -0.29780883916015444, 0.003221891296491345]",[0.4799097113908243],"[0.009252361216323158, -0.08221051479805977, 0.0, -0.9965695545063056]",[0.444884103266],"[-4.182590786708735, -0.6826101430549845, -0.6764086118437866]","[940.7047865878853, 1133.4539854869151, 925.556407882758, 1134.0163038497792]"
37,0.7399999999999984,"[-0.06740688361217927, -0.03872446178814466, 2.186014889357171]","[0.2191098339270825, 0.0, 2.187056869303886]","[0.02816086835726851, 0.025446731543190385, 0.050938113962697124]","[-0.07836978927941757, 0.0, 0.09395752847220412]","[0.012139450883057986, -0.0936583414918756, -0.008050477024648351, -0.9954972361730198]","[[0.9823254183845301, -0.018302376928482248, 0.18627778345857024], [0.013754533583165066, 0.9995744557110633, 0.025677568258178726], [-0.18666869694027385, -0.022661590952790668, 0.9821603062096945]]","[0.01166289438174286, -0.306368276531972, 0.0018227362686160085]",[0.4837305965448684],"[0.008481442136302888, -0.08401143759331317, 0.0, -0.996427910346622]",[0.444884103266],"[-5.76842390378833, -0.1494708398203235, -2.404648594026728]","[931.0946962253319, 1127.3338553923527, 917.0806184932178, 1124.9888570956355]"
38,0.7600000000000016,"[-0.0669261251721003, -0.03832281033649531, 2.1869460155912686]","[0.21752246080386184, 0.0, 2.188959878136352]","[0.026638123228533168, 0.029523166166092456, 0.05272429298622356]","[-0.08035602768794256, 0.0, 0.09632950484869171]","[0.012193989568142853, -0.0911596713687946, -0.008045382297770938, -0.9957279539117001]","[[0.9832480377223849, -0.018245224271006562, 0.1813442554870042], [0.013798823944180914, 0.9995708223273422, 0.02575062137801723], [-0.18173667671824714, -0.022816963752812766, 0.9830801073118435]]","[0.015391320118784064, -0.3039056284588535, 0.0017151631338626638]",[0.4850521229277625],"[0.007373035127923799, -0.08660419936139588, 0.0, -0.9962136267027145]",[0.444884103266],"[-4.4134411283134956, -0.7115542658509126, 0.2166035509856279]","[922.9813310932321, 1123.3875590745872, 920.3684569358059, 1109.4444322589181]"
39,0.7800000000000011,"[-0.06635915779760038, -0.03790548171341364, 2.188231448556816]","[0.21589784626003145, 0.0, 2.1909073524212364]","[0.03677192824742361, 0.024342096125138418, 0.07705868411935184]","[-0.08234195694755993, 0.0, 0.09869999820445485]","[0.01187612740077896, -0.08664163857679244, -0.008031382418976558, -0.9961364342463325]","[[0.9848575613962061, -0.01805863956571645, 0.17242302237666673], [0.013942771013915523, 0.99958902366267, 0.025052190668968178], [-0.17280454925991529, -0.022268782137700293, 0.9847044827992466]]","[0.019000539256065017, -0.27825898396818916, 0.002053095599937038]",[0.4766001563514951],"[0.00958005049264319, -0.08146519380073355, 0.0, -0.9966301376296118]",[0.444884103266],"[-4.1982032190012335, -2.3222187059534813, 0.20439430849569007]","[918.89979163378, 1120.4841572690148, 922.1689459363162, 1101.2147883006323]"
40,0.8000000000000007,"[-0.06561050207363293, -0.03729131282715089, 2.189973892221734]","[0.21422987189951403, 0.0, 2.1929065673455717]","[0.033371419900883784, 0.012466452418311916, 0.07522501134726062]","[-0.08432749558921543, 0.0, 0.10106861785332365]","[0.01166707747341232, -0.08436107468709761, -0.008040896277027617, -0.996334336967188]","[[0.9856367847813167, -0.01799133650981786, 0.16791604330877813], [0.0140543477333591, 0.9995981252324996, 0.02460529710038922], [-0.16829129834805717, -0.02189194249487909, 0.9854938554136513]]","[0.035560302760224885, -0.2860263577763601, 0.00025869395525062177]",[0.48062688144480226],"[0.014597275247773456, -0.08403707673054667, 0.0, -0.9963520042425891]",[0.444884103266],"[-5.514633278145346, 0.48382994654123224, -1.661939400360673]","[928.8600906757378, 1130.5121751662293, 897.0, 1146.3722658419672]"
41,0.8200000000000003,"[-0.06493500331718678, -0.0367424643680197, 2.191686223450787]","[0.21252427485147715, 0.0, 2.1949506516991737]","[0.028211311191485722, 0.036596629841184114, 0.08312315657843874]","[-0.08631267023330946, 0.0, 0.10343549160347848]","[0.011214705628244193, -0.08165862887897204, -0.008001301836410436, -0.9965651672807324]","[[0.9865357497581313, -0.01777919237589942, 0.1625768258078999], [0.014116082436364573, 0.9996204738542623, 0.023659120655246845], [-0.16293575478685218, -0.021045619306414538, 0.9864122521756297]]","[0.04240545492112251, -0.2629692515648827, 0.00017109957927594053]",[0.4785737717296504],"[0.004495880620337608, -0.08526871508004531, 0.0, -0.9963470748872156]",[0.44489900752519285],"[-4.564921266823842, 0.04350795214406267, 0.39066962550622364]","[922.579344159622, 1138.9025657764762, 897.36857299101, 1148.276592967386]"
42,0.8399999999999999,"[-0.06428864143588353, -0.036183175615795815, 2.1936650679960628]","[0.2107773872713574, 0.0, 2.1970439494674125]","[0.031621070089009835, 0.021056470084915867, 0.09983742937962074]","[-0.08829741591105993, 0.0, 0.10580030798598707]","[0.010756528990081017, -0.07949898223655373, -0.008061025124885764, -0.9967442338470185]","[[0.9872297023204825, -0.017779826838470507, 0.15830688698109174], [0.014359294410032801, 0.9996384728419493, 0.022724703080566507], [-0.15865372158287416, -0.02016132990771968, 0.9871282567407816]]","[0.051407564323262406, -0.18682705776674444, -0.0017287080805941804]",[0.47511803679510584],"[0.011604324379534332, -0.08450349388946289, 0.0, -0.9963551036711951]",[0.445431865939],"[-4.34496062944689, -1.484356613834822, -0.5219415796268478]","[934.6450768414236, 1094.3995621867068, 909.1328225511579, 1109.9118164769725]"
43,0.8599999999999994,"[-0.06374097240564014, -0.03547670047170592, 2.1955365290821067]","[0.2089916412349137, 0.0, 2.1991835317055517]","[0.025391031632150455, 0.029193711692926998, 0.09470232300104148]","[-0.09028172918383955, 0.0, 0.10816305067140258]","[0.010436416902354124, -0.07776940775900473, -0.008007522786017419, -0.9968844360196889]","[[0.987775296371698, -0.01758841759615186, 0.15488708469454135], [0.01434188174966327, 0.9996536203425512, 0.0220532837649099], [-0.15522136407914125, -0.01956232254616866, 0.9876856996185157]]","[0.030175895626197224, -0.18398411927115976, 0.0015665444414559248]",[0.4783156969786164],"[0.007873520732466001, -0.08533560347601238, 0.0, -0.996320342210978]",[0.445431865939],"[-6.2295045433428236, 0.3413203550327528, -2.72076973997822]","[955.036753998976, 1081.3002503936323, 889.3358020836658, 1136.8107844512735]"
44,0.879999999999999,"[-0.06333414807758728, -0.034914010753662635, 2.197552534376379]","[0.2071669766862694, 0.0, 2.2013694393542083]","[0.007650217431559473, 0.030911675225634195, 0.0906498297619033]","[-0.09226558094975947, 0.0, 0.11052358026669616]","[0.010013024570342194, -0.07549756282527141, -0.008081515526079554, -0.9970629396024283]","[[0.9884695733039278, -0.017627477156891884, 0.15038980301971178], [0.014603641350610298, 0.9996688159669468, 0.021187500877140653], [-0.15071348467382473, -0.018746961972526264, 0.9883996737682318]]","[0.03593561375894276, -0.20046677678982788, 0.007311396779392417]",[0.4811451577659134],"[0.007229437732112031, -0.09040218568494561, 0.0, -0.9958788250815873]",[0.445431865939],"[-5.132426479229465, -0.7427495228423193, -0.09512501792565331]","[892.4580609806876, 1141.480976985411, 884.791645186105, 1135.803864008245]"
