,t,p,p_d,v,v_d,q,R,w,T_sp,q_sp,hover_throttle,fa,pwm
0,0.0,"[0.3043516972096203, -0.03818751640369307, 2.1993852792701807]","[0.24989774290319697, 0.0, 2.150122708514814]","[-0.07307074531308692, 0.0057092414763082995, -0.05680121635039878]","[-0.004400835055229178, 0.0, 0.005281001994653687]","[0.006389325152004358, 0.005793220532956632, 0.009348285946907842, -0.999919122126588]","[[0.9997581224160158, 0.01876908929416547, -0.011466045502142025], [-0.01862103021551616, 0.9997435982725066, 0.012885930158138206], [0.011704962456256853, -0.012669303429755899, 0.99985125636451]]","[0.018170640283817836, 0.05916738824744021, 0.006820416896066473]",[0.48970851477558536],"[0.0068215710090115, 0.0008112030579820761, 0.0, -0.999975163298416]",[0.48254382005900004],"[0.3018179162904168, -0.33919319342196524, -0.38120050520435456]","[1024.7945385515236, 1088.6144681521187, 951.4993754905944, 1048.7619730657677]"
1,0.020000000000003126,"[0.3029506940513216, -0.038026997174957965, 2.199345531972357]","[0.2497898319420019, 0.0, 2.150252201662918]","[-0.07221657563407816, 0.005743566661699895, -0.049410902526726946]","[-0.006390271757515846, 0.0, 0.007668325726487918]","[0.006182632985836968, 0.005097391035698504, 0.009308019580451013, -0.9999244927648652]","[[0.9997745935578295, 0.018677664111173862, -0.010078916153808168], [-0.018551602919337783, 0.999750110447296, 0.012459225535767702], [0.01030910842937182, -0.012269439073489714, 0.9998714221135745]]","[0.012919506259691058, 0.0605145646933784, 0.004105793219576868]",[0.48829393880152905],"[0.007092432109990343, 0.001726587362913636, 0.0, -0.9999728945144479]",[0.48254382005900004],"[0.26453848739355557, -0.3270138005942064, -0.30570497455157764]","[1042.5386041470438, 1085.7943984842086, 962.8262825543422, 1049.8345837805953]"
2,0.03999999999999915,"[0.30153722883073497, -0.037870084378147865, 2.1994388876334012]","[0.24963102898325742, 0.0, 2.15044276518505]","[-0.0727448892703272, 0.00852818062281912, -0.04656901561837281]","[-0.008379708127877026, 0.0, 0.010055647865038682]","[0.0060662324188939035, 0.00446418312238861, 0.009293342019008907, -0.9999284668719106]","[[0.9997874428997372, 0.018639516019129592, -0.008814976425539842], [-0.01853119292960594, 0.9997537024101175, 0.012214571325810214], [0.009040478716082163, -0.012048622603442838, 0.9998865769599816]]","[-0.001341739919692634, 0.050471760861321505, 0.0005832703244544825]",[0.48831954420231966],"[0.0060162426035409305, 0.0018527222589772713, 0.0, -0.9999800568250597]",[0.4825288565211795],"[0.12552944410095615, 0.05452258597152443, 0.15876727593099105]","[1039.2085622332954, 1096.6626748985013, 971.7401028262475, 1038.2757249740284]"
3,0.060000000000002274,"[0.3001137414984865, -0.037726861576372644, 2.1996149830177654]","[0.24944586351588163, 0.0, 2.150664963698895]","[-0.07395569776512685, 0.00986319785454228, -0.04230234646785135]","[-0.010369144270847622, 0.0, 0.012442968912076365]","[0.0060100078878689645, 0.0041402452207994845, 0.00928889493910128, -0.9999302161974684]","[[0.9997931322598501, 0.018626259262251657, -0.008168259933781959], [-0.018526727636512794, 0.9997551751312023, 0.012096093579086854], [0.008391565261196297, -0.011942260367574363, 0.9998934590086049]]","[-0.006055126465556724, 0.027814864881447673, -0.0017880073560478916]",[0.487427904858124],"[0.005531671929699907, 0.0015593998245182297, 0.0, -0.9999833739351965]",[0.4825020522892722],"[-0.11535016045653357, -0.679957375220583, -0.05440666346625278]","[1035.339842890735, 1096.4035476624942, 961.0761049896818, 1042.1010293185823]"
4,0.0799999999999983,"[0.2986642327430358, -0.03759672135575322, 2.1999181584248237]","[0.24923111818068905, 0.0, 2.1509226580016167]","[-0.07737518266188004, 0.004614088013520552, -0.04232853880610266]","[-0.012358579858070255, 0.0, 0.014830287291512815]","[0.006181048686595375, 0.00399032536023479, 0.009293306231500976, -0.9999297473124923]","[[0.9997954166860977, 0.018634635494178698, -0.007865205301755713], [-0.018535977912870826, 0.9997508513533266, 0.012435395533699024], [0.008094974814861102, -0.012287062271555078, 0.9998917370417905]]","[-0.026163141200273, -0.001659387817419473, 0.00017882102864222711]",[0.48946078993807246],"[0.008902541465586044, 0.0009648869317946899, 0.0, -0.9999598405345651]",[0.482490218676],"[-0.2222245950658956, -0.5094584037953303, 0.03851041121630416]","[1038.0817312159677, 1090.9578661225264, 951.8394357514238, 1049.1747896965906]"
5,0.10000000000000142,"[0.2972520905749957, -0.03751601567729375, 2.200320546920588]","[0.24896503863541, 0.0, 2.1512419532084492]","[-0.07936072533942926, 0.007381831648921217, -0.03433112597150058]","[-0.014348014092827594, 0.0, 0.017217599179316343]","[0.0063183584908639906, 0.004149074144725749, 0.009248456759488098, -0.9999287035981325]","[[0.9997945851647704, 0.01854802543129974, -0.008180686530748896], [-0.018443164079893534, 0.999749171489249, 0.012712561094914577], [0.008414426791923696, -0.012559070963636954, 0.9998858097615965]]","[-0.01167874946981802, -0.020703802966071733, 0.002347758646716328]",[0.48698917254311946],"[0.007557300673568561, 0.00036095445256281613, 0.0, -0.9999713605488191]",[0.482490218676],"[0.3380658390396633, -0.21820533700299333, 1.5503769566563186]","[1039.4616574251852, 1083.9538016355057, 948.9315122704498, 1048.091714796439]"
6,0.11999999999999744,"[0.29575292425405886, -0.037385764492425394, 2.2008335806249484]","[0.2486581840078378, 0.0, 2.1516101782576325]","[-0.07702806915641677, 0.005220709026019854, -0.020050512841408824]","[-0.01633744638324286, 0.0, 0.01960490173442051]","[0.006258594427560974, 0.004489379301507275, 0.00924435166439833, -0.9999276090326188]","[[0.9997887807456906, 0.018543559322236305, -0.00886239532636696], [-0.018431170505117823, 0.9997507497902988, 0.012599285525747841], [0.00909382191761983, -0.012433279921675823, 0.9998813568126633]]","[-0.009275290710706709, -0.03867086301703222, 0.0004441891546929187]",[0.482989219341664],"[0.008851003010073242, 0.0018974658043875428, 0.0, -0.9999590114395002]",[0.482490218676],"[-0.0005797166219351779, -0.5337297441102099, 0.4095685738064603]","[1025.1522354691476, 1106.8052188830468, 940.8000142379842, 1053.22554371417]"
7,0.14000000000000057,"[0.29419251234370336, -0.03734038579491009, 2.2014812388475726]","[0.24831154076192805, 0.0, 2.152026149235075]","[-0.08242534985472277, 0.004313465676815592, -0.02649038966830868]","[-0.018326875861073167, 0.0, 0.021992190788956038]","[0.006727390598075028, 0.005030798417243687, 0.00926734819820028, -0.9999217717815858]","[[0.9997776147917432, 0.018600934752068577, -0.00993611959141729], [-0.01846555816817667, 0.9997377170886549, 0.013546972973883032], [0.01018549987596793, -0.013360484331292824, 0.9998588667084785]]","[-0.024637304148461343, -0.06459310232421832, -0.0002730114584906597]",[0.4865794913716139],"[0.0092822124800145, -6.32746553565152e-05, 0.0, -0.9999568818828196]",[0.482490218676],"[-0.013147030787472369, -0.8913853686864008, -0.33476123127562474]","[1038.336107277445, 1089.4293916703368, 923.1808270934259, 1072.8530416483163]"
8,0.1599999999999966,"[0.2926257176243144, -0.03722352988099044, 2.2022261723214798]","[0.2479251090174425, 0.0, 2.152489865744445]","[-0.08095235381744556, -0.001179795879501146, -0.018935169391672554]","[-0.020316301374953924, 0.0, 0.02437946081657402]","[0.006688493647237613, 0.005758987647016624, 0.00924464639180057, -0.9999183838701406]","[[0.9997628809231153, 0.018564821663663487, -0.0113933697241409], [-0.018410745854497125, 0.9997397409060139, 0.013482375125285904], [0.011640700758790964, -0.013269415907800241, 0.9998443360023959]]","[-0.010636505895778437, -0.062389453711250466, 0.000809124498868231]",[0.4842329281049364],"[0.011832158801547425, 0.001202440736345944, 0.0, -0.9999292321673906]",[0.482490218676],"[0.09987577881226645, -0.30464614402521223, 0.8435573441442941]","[1020.2472582451624, 1094.06754149943, 935.9792460401375, 1049.5269376508793]"
9,0.17999999999999972,"[0.2909967274857134, -0.0371831795794637, 2.203068363857918]","[0.24749888241340484, 0.0, 2.1530013350928825]","[-0.0859697572810574, 0.004924916968734057, -0.014640839562125354]","[-0.022305721493751034, 0.0, 0.0267667049475664]","[0.007040319803691108, 0.0062082596306785864, 0.009257217790326053, -0.9999131253722884]","[[0.9997515858258565, 0.01860024341240239, -0.01228509303339624], [-0.0184254108795051, 0.9997295385952639, 0.014194358780058546], [0.012545788128341498, -0.013964473934058221, 0.9998238457824151]]","[-0.031199755339488624, -0.04523539444153941, 0.0030872849668314535]",[0.4836482430366167],"[0.009148249401581189, -0.000433972904241536, 0.0, -0.9999580595450702]",[0.482490218676],"[-0.1949563558615508, 0.32596543281895285, 0.4594575843840225]","[1012.8150250548896, 1092.6399713658404, 936.570658254569, 1041.9042013516373]"
10,0.20000000000000284,"[0.28934303685164253, -0.0371221225498736, 2.203998281131939]","[0.2470328738216599, 0.0, 2.153560541375144]","[-0.08752777120408199, 0.0059079681800767525, -0.009961179564922736]","[-0.02429513448090432, 0.0, 0.029153914846838425]","[0.007192891029250233, 0.006770299226374773, 0.009171827089191552, -0.9999091728755422]","[[0.9997401323182409, 0.018439384126163492, -0.013407424693545283], [-0.01824459202788057, 0.9997283308587528, 0.014508667466975808], [0.013671312504712005, -0.014260283411590222, 0.9998049017798316]]","[-0.013019598240231044, -0.05751150896140221, 0.007544805968887439]",[0.48270919910843363],"[0.008990672852711249, -0.0003769094597713831, 0.0, -0.999959449016963]",[0.482490218676],"[0.3055538389401914, -1.016355155852597, 1.011264890411045]","[995.0367888194057, 1112.9761557374657, 930.8658939815732, 1052.368203512654]"
11,0.21999999999999886,"[0.2876164673245473, -0.03708099453534992, 2.2049639074335885]","[0.24652716496605326, 0.0, 2.1541673859567214]","[-0.08833875317572167, -0.002072219818596543, -0.0016392124589810779]","[-0.026284538286317497, 0.0, 0.031541080674487035]","[0.007129684506138499, 0.007289980240502999, 0.00914381440838596, -0.9999062405284869]","[[0.9997265690951274, 0.018389864696700373, -0.014448208447787665], [-0.01818196366001729, 0.9997311919166271, 0.014391348514094217], [0.014708978495445568, -0.014124715608654376, 0.9997921229766833]]","[-0.018797602825862923, -0.04818637067596017, -0.00012419429357710636]",[0.480500675617134],"[0.012716314918093722, -5.709071960779192e-06, 0.0, -0.999919115863117]",[0.482490218676],"[-0.21378530363463838, -0.7868520730072615, 0.31398901904399423]","[997.4264704249761, 1112.3081951150823, 915.7813890607353, 1066.159271720279]"
12,0.240000000000002,"[0.28579448419824677, -0.03705718901821816, 2.2059747860287686]","[0.2459716332324435, 0.0, 2.1548340142255813]","[-0.0960591517885462, 0.0009245410497659217, -0.007325250147990757]","[-0.028273926666805435, 0.0, 0.03392817246244636]","[0.007440939019997837, 0.007509956295594877, 0.009175530959261616, -0.9999020368845783]","[[0.9997188611274819, 0.018461026445003137, -0.014881892061071022], [-0.018237501937649656, 0.9997209248676067, 0.015018235837845416], [0.015154990326446896, -0.014742604491873687, 0.9997765067172519]]","[-0.01575703145916568, -0.024741413373197498, -0.00036834962081321184]",[0.483401851731573],"[0.01135910834851325, -0.0025021912323341267, 0.0, -0.9999312246430229]",[0.48251210134553063],"[-0.5791119340183072, 0.06285705572963124, -1.0538338572669481]","[1016.2002306336524, 1088.9179130007935, 913.7037940117324, 1062.9964148724798]"
13,0.259999999999998,"[0.283953861410456, -0.0370253065088319, 2.2070764752255143]","[0.24539620795905287, 0.0, 2.155524512966709]","[-0.1009385829990657, 0.0027380138968046783, -0.011858926979323718]","[-0.0302633080365618, 0.0, 0.03631523059960363]","[0.007605606213784205, 0.007710306394337016, 0.00918116192162052, -0.9998992385213071]","[[0.9997125898824434, 0.018477756736784257, -0.015279402380605423], [-0.018243190519892455, 0.9997157970400742, 0.015351258866254925], [0.015558715589248769, -0.015068100580368067, 0.9997654868591471]]","[-0.01468235524277301, -0.016038219603488797, -0.001736213049615735]",[0.4856278908295177],"[0.010185020370186183, -0.004155484367012559, 0.0, -0.9999393498551484]",[0.482554726874],"[0.1596455576301104, -0.30701359392071137, 0.4363017060328751]","[1017.8916522746696, 1080.8807637006203, 914.2514730543031, 1054.876604559487]"
14,0.28000000000000114,"[0.2819984084170263, -0.037005473125920146, 2.208121550072398]","[0.24476616262576098, 0.0, 2.1562805491693577]","[-0.10065698067635644, 0.0032600688175892702, 0.00012490432152069972]","[-0.03225266524813548, 0.0, 0.03870217277880403]","[0.007880798500427121, 0.0077638657280368565, 0.009190026567367572, -0.9998965842653916]","[[0.9997105520112498, 0.018500523270812134, -0.01538127614913639], [-0.01825578142526401, 0.9997068932633272, 0.015902667268334062], [0.015670975139500373, -0.01561726673910953, 0.999755251217859]]","[-0.03234096247204529, -0.008493355589992722, 0.0005329145511233941]",[0.48167021920232184],"[0.010749301565721977, -0.0025146792612090515, 0.0, -0.9999351560702135]",[0.482554726874],"[0.29354158979330836, 0.057497767426938684, 1.2974485758196757]","[1005.5345742936538, 1099.8259042992208, 917.5355813661087, 1058.0277888208566]"
15,0.29999999999999716,"[0.2799924740939314, -0.036962377936122864, 2.209258326575483]","[0.24410121590391226, 0.0, 2.157078461302786]","[-0.10340973498509598, 0.00810692298982973, 0.003919826047654629]","[-0.03424200306056161, 0.0, 0.04108902184366585]","[0.00832021620380626, 0.007801309439694766, 0.009179581835392482, -0.9998928331918143]","[[0.9997097787143849, 0.018487013340235517, -0.015448194585462894], [-0.018227379015391294, 0.9996930475769765, 0.016781874622434363], [0.015753699007586885, -0.01649542358873477, 0.9997398561643741]]","[-0.04499829732890502, 0.0002637167728835755, 0.0024163065527289668]",[0.48110027125523097],"[0.00867869041442502, -0.0030568026124005005, 0.0, -0.9999574884282494]",[0.482554726874],"[0.0035256920376001144, -0.56020615254578, 0.4300690453934095]","[993.5150358403017, 1116.700683348275, 934.9760209195427, 1046.5899576200134]"
16,0.3200000000000003,"[0.2779099574728524, -0.036903588410041065, 2.2104306721577425]","[0.243396482676273, 0.0, 2.1579241092154864]","[-0.10632629715928865, 0.001284040650106108, 0.006024066725361963]","[-0.03623131506842418, 0.0, 0.04347574704902451]","[0.008750487888025862, 0.007793365261591096, 0.009158855287645084, -0.9998894253129422]","[[0.9997108127186437, 0.018452076596832716, -0.015424718120806896], [-0.01817929360351866, 0.9996791437262879, 0.01764179722040143], [0.015745295929857777, -0.017356284001862735, 0.9997254399024468]]","[-0.04563310074265543, -0.0004825228319680423, 0.0025794757368871653]",[0.48110150476951347],"[0.011982544186350206, -0.003473953461380161, 0.0, -0.9999184799412151]",[0.482554726874],"[-0.06168306112616645, -1.3205748396688022, 0.12515895732919446]","[981.2278223923155, 1125.8167003385745, 952.0401638178255, 1026.7162340860252]"
17,0.3400000000000034,"[0.27572641367280776, -0.03684839682386918, 2.211667177901023]","[0.2426469015936002, 0.0, 2.1588235628183945]","[-0.11035154366453219, -0.0016115818339871584, 0.004003307071380159]","[-0.038220591736993485, 0.0, 0.04586230263040384]","[0.009211748274272865, 0.007698521927735108, 0.009158270831623386, -0.999885941046606]","[[0.9997136102444283, 0.018456286189839397, -0.01522656031370564], [-0.018172618805510334, 0.9996624321116347, 0.018562405481446324], [0.01556401505581976, -0.018280384886176768, 0.9997116454811418]]","[-0.04373611568198398, 0.007178145937411502, 0.0024051192342571847]",[0.4824959087128324],"[0.01317457079854576, -0.0044820277601728496, 0.0, -0.9999008889016523]",[0.482554726874],"[-0.07360926803946888, -0.18991784915838483, -0.7437376101953035]","[978.4470039140876, 1123.1059921718247, 956.0117769079806, 1017.5294422699513]"
18,0.35999999999999943,"[0.2734959236195619, -0.036792290569087845, 2.212944755833223]","[0.24187245452071648, 0.0, 2.1597528483495054]","[-0.11438579233803163, 0.003971904767180768, -0.0028333262093874403]","[-0.04020984712211123, 0.0, 0.04824875605425103]","[0.009756428175832851, 0.007529232419336281, 0.00916690083874579, -0.9998820887428916]","[[0.9997186578677862, 0.018478556746525026, -0.014877816856896901], [-0.0181847230852514, 0.9996416607679347, 0.019648595020203354], [0.015235561695409723, -0.01937251611228365, 0.9996963462282606]]","[-0.042254615110499105, 0.02137159396445336, 0.003455498963900044]",[0.48562200195696625],"[0.010393487669313828, -0.005548073365032137, 0.0, -0.9999305314344886]",[0.482554726874],"[-0.7434997569349222, -0.15320893978930045, -0.4950134579736414]","[982.8036235673161, 1114.6588424803674, 954.734324679052, 1015.6376893641506]"
19,0.38000000000000256,"[0.27114943064467534, -0.03678292878800599, 2.2142545953781707]","[0.2410483652014304, 0.0, 2.1607416862323094]","[-0.1253590245039673, 0.0031509745268012966, 0.0015366991971369815]","[-0.042199051762186544, 0.0, 0.05063496591121132]","[0.00996474964701262, 0.007477096470403461, 0.009091595300041772, -0.9998810757549038]","[[0.999722897811584, 0.018330042966696256, -0.014771223582586668], [-0.018032013389039724, 0.999636119283784, 0.020063086663623112], [0.01513360546681416, -0.019791171723109995, 0.9996896195507281]]","[-0.011458873108124384, 0.004371094021756236, 0.0068928401797943096]",[0.4841053287488514],"[0.01166075520126485, -0.009055831262532585, 0.0, -0.9998909819214448]",[0.482554726874],"[-0.19256513153649796, -0.34893718851781635, 1.5376495445639158]","[1011.0259139287367, 1087.8140264280942, 914.2728674996144, 1058.5670728572163]"
20,0.3999999999999986,"[0.2686895092255825, -0.03673901408150468, 2.2155847436332845]","[0.2401845815428235, 0.0, 2.1617781389722337]","[-0.12364652888293695, 0.00673680584385781, 0.016978479810235286]","[-0.04418820838162459, 0.0, 0.053020945279559535]","[0.009775867679176271, 0.007376602683068694, 0.008999411806003778, -0.9998845607332886]","[[0.9997292987016844, 0.01814097122451119, -0.014575548148916458], [-0.017852520457505048, 0.9996469920582105, 0.019682248490908254], [0.014927456384940098, -0.01941670814981142, 0.9997001423496309]]","[0.012291118950167945, 0.011303871039725667, 0.007720010943471832]",[0.4793847929235625],"[0.010405593268266086, -0.0073029480895548775, 0.0, -0.9999191712945815]",[0.482554726874],"[0.0344012399240321, -0.33504134195557167, 1.2440325823569935]","[1003.301935184015, 1110.0274724155333, 932.1450789913301, 1055.231825106945]"
21,0.4200000000000017,"[0.26614760512335206, -0.03666766661349064, 2.2169380899963027]","[0.23927604240489797, 0.0, 2.162868272893853]","[-0.13206887941639434, 0.004792881865598544, 0.016090581612788948]","[-0.04617730187378315, 0.0, 0.055406621654036474]","[0.00992509488197677, 0.007181096419222465, 0.008933408180157766, -0.9998850822956858]","[[0.9997373113783712, 0.018007309273430815, -0.014183212520600032], [-0.017722217020161187, 0.9996434326531031, 0.019976211956703634], [0.014537872215830007, -0.019719605294727702, 0.9996999079249653]]","[-0.006277124626419168, 0.018003514554186542, 0.009330472584999696]",[0.48082560902047383],"[0.01172708523753933, -0.0099789624125826, 0.0, -0.9998803750069983]",[0.482554726874],"[-0.6366392079535942, -0.9788615413854966, -0.07943288386633185]","[990.5829186240084, 1114.008510381996, 929.28577931499, 1054.3476979912687]"
22,0.4399999999999977,"[0.26349171157849505, -0.03661852207579355, 2.2184110947164304]","[0.23833260588493396, 0.0, 2.16400025992243]","[-0.13709604371010423, 0.0014839120946524098, 0.01684251378154157]","[-0.04816633896928462, 0.0, 0.05779202734351681]","[0.010045128501325816, 0.006969757965508521, 0.008828973028429669, -0.9998863215003152]","[[0.9997470322392054, 0.017795962956817422, -0.013760554970549042], [-0.017515914499270736, 0.9996423780781846, 0.020211044782561603], [0.014115307644970303, -0.019964901562192973, 0.9997011245554625]]","[-0.009620498156636813, 0.019207484324800298, 0.010362001142196911]",[0.48126528767789734],"[0.01311642078506451, -0.011341391819953259, 0.0, -0.9998494455912129]",[0.4826794341988098],"[-0.22597312477415926, -0.6689981231319275, 0.14339268544436834]","[976.8791147723152, 1116.7004333126217, 927.5766838388947, 1047.7682341685027]"
23,0.46000000000000085,"[0.26075011193847347, -0.03651346653680401, 2.219921891024641]","[0.2373493896866646, 0.0, 2.1651799512564858]","[-0.1418931101760226, 0.003117146264154107, 0.016799644193611882]","[-0.050155304388342994, 0.0, 0.06017708901328601]","[0.010251694120462125, 0.006638576357175819, 0.008766026771066537, -0.9998869912818401]","[[0.999758178645589, 0.017666185575653765, -0.013095919030125061], [-0.01739395895881737, 0.9996361255730101, 0.020617459055438752], [0.013455385530560087, -0.020384683303163665, 0.9997016706316121]]","[-0.013792317259352628, 0.039057092996564596, 0.006914458863411445]",[0.48202528241701964],"[0.012471452660887788, -0.012415274930956628, 0.0, -0.9998439486527415]",[0.482799764348],"[-0.5185196763447066, -0.1124733539010534, -0.017802722604173482]","[989.4283619004075, 1101.6917253083282, 917.1317399353064, 1056.2016128084756]"
24,0.4799999999999969,"[0.2579352451862583, -0.03641711874602515, 2.221471712236222]","[0.23632639426191882, 0.0, 2.1664073408729707]","[-0.1494255103869367, 0.006611452730960957, 0.017234497329026367]","[-0.05214418888953, 0.0, 0.06256176231330032]","[0.01057852249452288, 0.0061502736777757925, 0.008681571327021171, -0.999887411395793]","[[0.9997735450589291, 0.017491309378941923, -0.012115486058952445], [-0.01723106614515063, 0.9996253865152179, 0.02126145102610992], [0.012482838849235237, -0.021047874867652673, 0.9997004741440072]]","[-0.025938236155754572, 0.056509252298146434, 0.006629674929970348]",[0.4824497709186727],"[0.011111335189804334, -0.014706791248878668, 0.0, -0.9998291772020622]",[0.482799764348],"[-0.44948040700132663, -0.24526446054828893, 0.606165257596917]","[1002.5593462267842, 1092.0049127739362, 919.8398090031181, 1058.1515025452381]"
25,0.5,"[0.2549866816754555, -0.036321692928752765, 2.223061905307908]","[0.23526362238827653, 0.0, 2.1676824192615056]","[-0.15285420278815098, 0.007558711059979058, 0.025320495164568017]","[-0.054132982473498015, 0.0, 0.06494599925829997]","[0.010667889047324752, 0.0054948974371150676, 0.008523606667364483, -0.9998916111572529]","[[0.9997941921509087, 0.017162603519374698, -0.010806745922660727], [-0.016928127694632405, 0.9996269722331454, 0.02142713822321567], [0.011170461483502652, -0.02123979284548976, 0.9997118881786965]]","[-0.01498203980644552, 0.062028835085313, 0.01276274728245062]",[0.4801485749978893],"[0.011038261386643185, -0.015227034162109406, 0.0, -0.9998228097090426]",[0.482799764348],"[-0.023905264122864422, -0.3868598254985585, 1.3264893506024613]","[993.2194437223189, 1100.4272993734933, 931.3532569041879, 1047.3818004176712]"
26,0.5200000000000031,"[0.25194860771701144, -0.03616319705436694, 2.224693368949656]","[0.23416107564148836, 0.0, 2.1690051775934327]","[-0.15548072554298298, 0.009257795678666497, 0.032398211513151635]","[-0.05612167434584581, 0.0, 0.0673297480490983]","[0.010641610651489832, 0.004654642667759952, 0.00838153081931066, -0.9998973224387981]","[[0.9998159835402962, 0.016860406238318217, -0.009129943505519987], [-0.016662274658349765, 0.9996328271825095, 0.02135906205566717], [0.009486715456090254, -0.02120300993177634, 0.9997299959035305]]","[0.0021822991206847347, 0.08562714536534977, 0.015171564886500807]",[0.4784844657841712],"[0.010579040697635208, -0.015511609632556978, 0.0, -0.9998230395853662]",[0.482799764348],"[-0.4477467823515069, -0.4034565715210142, 0.6531726914045635]","[988.6570335299065, 1105.8520602344643, 939.9853449694049, 1041.5636841952787]"
27,0.5399999999999991,"[0.2488231832977341, -0.03603523419114849, 2.226380985124851]","[0.23301875617064205, 0.0, 2.1703756055539447]","[-0.16286122763200372, 0.009232729256208012, 0.03130513073671638]","[-0.05811025289032556, 0.0, 0.06971295294526127]","[0.010734381864974494, 0.00363442160703944, 0.008241267094018526, -0.999901702966875]","[[0.9998375150463471, 0.016558940542604535, -0.007091198892279799], [-0.016402887465051436, 0.9996334791791364, 0.02152655789256124], [0.007445058524433572, -0.021406748935777705, 0.9997428981049308]]","[0.0004617460651409537, 0.10518810002141857, 0.014651824230532509]",[0.47971281610790034],"[0.01082344976764501, -0.017875783716324468, 0.0, -0.9997805078824206]",[0.482799764348],"[-0.670732936928282, -0.7742626440981406, -0.29388402776466194]","[990.6635841407649, 1104.6488926854124, 938.3285563934585, 1046.113084513168]"
28,0.5600000000000023,"[0.2455666568562624, -0.03591385964847544, 2.2280922890129387]","[0.23183666708909506, 0.0, 2.171793690813373]","[-0.16753562566836755, 0.006787679986876385, 0.027495888958325332]","[-0.060098705640406536, 0.0, 0.07209555412958926]","[0.010812827479370778, 0.0024870380657221994, 0.0080836511709486, -0.9999056164745439]","[[0.9998566283208424, 0.01621956024198362, -0.004798792409573464], [-0.016111992587826494, 0.9996351645613258, 0.02166382254953059], [0.005148420911632988, -0.021583405156841918, 0.9997534846771523]]","[0.000740438361934491, 0.11298617594113153, 0.01549842924990586]",[0.4816841080374192],"[0.0120655041842476, -0.01898193447780167, 0.0, -0.999746874699948]",[0.482799764348],"[-0.430857105918782, -0.7184377039015477, -0.17184322829318432]","[992.1986100323331, 1095.519757574219, 939.9911577826527, 1038.080854320792]"
29,0.5799999999999983,"[0.24223755727528898, -0.035740424176768364, 2.229821325142307]","[0.23061480889893718, 0.0, 2.1732594232362854]","[-0.17182115987428348, 0.007720738134191147, 0.028433351644436812]","[-0.06208701923668054, 0.0, 0.07447748750354524]","[0.010860955960905697, 0.0012674853535786543, 0.00793303346993606, -0.9999085992635591]","[[0.999870627706441, 0.015892148974882017, -0.0023624183546610855], [-0.015837084564456774, 0.9996379200159146, 0.021740036530530023], [0.0027070596632745515, -0.021699816515599653, 0.9997605730177418]]","[-0.0021461857518457663, 0.1247717054074988, 0.01510719213788949]",[0.4818717062384603],"[0.011772719589150686, -0.020090309591691138, 0.0, -0.9997277554308756]",[0.482799764348],"[-0.5843445953994749, -0.1874582201549948, 0.32558509313241757]","[1001.2784525386608, 1079.4967865328233, 937.8543253281696, 1037.5489502112448]"
30,0.6000000000000014,"[0.23881280954064008, -0.035593358795339716, 2.231603914916876]","[0.22935318664441612, 0.0, 2.1747727862459416]","[-0.1767784438662397, 0.011488136109402261, 0.031042071148402368]","[-0.0640751794215199, 0.0, 0.07685868466308711]","[0.011015358962507058, 9.723291813064448e-05, 0.007750673412180878, -0.999909154901858]","[[0.9998795737970382, 0.015502080713980529, -2.3695270320644947e-05], [-0.015497796491995803, 0.9996369164393731, 0.022030223783468767], [0.00036520106966597216, -0.022027209301095394, 0.999757043407577]]","[-0.01277430801818596, 0.11438543138407906, 0.014943003976564395]",[0.48164067485542755],"[0.010314744519601819, -0.021591338962840833, 0.0, -0.9997134069770981]",[0.482799764348],"[-0.4013116049567362, -0.18279965694036526, 0.5226258369974666]","[1003.3026551025417, 1078.813430131257, 921.2562210090223, 1059.3714727481567]"
31,0.6199999999999974,"[0.23527992318974217, -0.035389595838089635, 2.2334287756239015]","[0.22805180284603427, 0.0, 2.1763337652302255]","[-0.17821051762519863, 0.012765900452338046, 0.03520907249213595]","[-0.06606317098425067, 0.0, 0.07923907263665962]","[0.010933272112094184, -0.0011168297003441288, 0.007524587333208242, -0.9999111103343142]","[[0.9998838982859636, 0.015023415744278078, 0.0023979975731412404], [-0.015072258156345001, 0.9996473200249686, 0.021847793149149457], [-0.002068924129760509, -0.021881407879615695, 0.9997580642368795]]","[-0.004622016071918977, 0.11649934833785053, 0.018865372819866937]",[0.4809029917400633],"[0.010053782971722056, -0.021633274964196484, 0.0, -0.9997153207537149]",[0.482799764348],"[-0.3543775214888385, -0.6025426635233229, 0.809490405708658]","[992.4851758007504, 1094.6144560830016, 927.2089230222177, 1059.178945778352]"
32,0.6400000000000006,"[0.23170116526999246, -0.03512858798646346, 2.235311530479134]","[0.226710661037223, 0.0, 2.177942343240067]","[-0.1821671537417892, 0.011998552220636408, 0.040485102467629666]","[-0.06805097774323679, 0.0, 0.08161857380005752]","[0.010707335566250701, -0.0024942046674635526, 0.0073131070452517166, -0.9999126040784776]","[[0.999880160238352, 0.014571523246353729, 0.005144581150627193], [-0.014678348391735492, 0.9996633082823418, 0.021376318806131823], [-0.004831365585965503, -0.021449280349035534, 0.9997578292378061]]","[0.0163242557734947, 0.14136348434316132, 0.021498288077420637]",[0.4799274026547666],"[0.010641698261584367, -0.02296046658811092, 0.0, -0.9996785791257194]",[0.48290284466221545],"[-0.8645945013714523, -0.3781026077081613, 0.5405803230696122]","[991.3790633322516, 1095.6428514443085, 941.7931963438242, 1046.8914602235272]"
33,0.6599999999999966,"[0.22803150524409338, -0.03490086665114289, 2.2372644665190133]","[0.22532976797826546, 0.0, 2.1795984982592183]","[-0.18838710373219542, 0.01526144522543784, 0.040315989908453885]","[-0.07003858252950478, 0.0, 0.08399710579923764]","[0.010692886295923342, -0.0038656641673306923, 0.007108941557229131, -0.9999099169123482]","[[0.999868699347478, 0.014133932108848455, 0.00788266208024498], [-0.014299272538446423, 0.999669910431712, 0.021328884534128935], [-0.007578601665221718, -0.02143880765671065, 0.9997410978129311]]","[0.016654559995022813, 0.13375607701796355, 0.020705168351441736]",[0.4809277300431668],"[0.009347041276038739, -0.025217621965457345, 0.0, -0.9996369282350067]",[0.483002260417],"[-0.8591390195013519, -0.2562992624723981, -0.18552206335104415]","[999.0457726568436, 1084.282915910138, 932.5778409211763, 1056.5312550063986]"
34,0.6799999999999997,"[0.22428151079978706, -0.03462139534404763, 2.2392437507634084]","[0.22390911930951202, 0.0, 2.181302220300281]","[-0.1917483129733244, 0.015755154408125957, 0.03790155766678905]","[-0.07202596707664614, 0.0, 0.08637458102316824]","[0.010585877446979086, -0.0051273178958562565, 0.006879929521811108, -0.9999069713048844]","[[0.9998523892463991, 0.01365002466413594, 0.010399341997849415], [-0.013867133299644887, 0.9996808464213645, 0.021099234141708258], [-0.010108021634802433, -0.0212403364847459, 0.9997229345042044]]","[0.012240277792773898, 0.12585866020669015, 0.021338014984922413]",[0.48247452623069476],"[0.009336269755023125, -0.026191023975659183, 0.0, -0.9996123571613375]",[0.483002260417],"[-0.722590483274228, -0.5688286596671521, 0.10253956419743204]","[997.2694465923694, 1082.8383320445785, 932.2994388598394, 1055.8083397771084]"
35,0.7000000000000028,"[0.22047586705989078, -0.034342741021635696, 2.2412778666579647]","[0.22244872810182115, 0.0, 2.1830534771758763]","[-0.19535363151390986, 0.016082360181916628, 0.04210010392273918]","[-0.07401311214861636, 0.0, 0.08875090721931848]","[0.010525323773735714, -0.006376422816146531, 0.006649582015208553, -0.9999019771554474]","[[0.9998298706510075, 0.013163632579212317, 0.012891573569428204], [-0.013432088237845028, 0.999689623305784, 0.020963783010159925], [-0.012611617554747883, -0.021133385196078377, 0.9996967396518776]]","[0.005281869334379161, 0.13148890757963322, 0.02094663838650618]",[0.4815698330943414],"[0.009388378473051115, -0.02751219468084729, 0.0, -0.9995759521870883]",[0.483002260417],"[-0.65936270983243, -0.1204957422225485, 0.9334363105701797]","[1013.2549281554873, 1063.4050721392207, 932.6437081264819, 1053.5483293255782]"
36,0.7199999999999989,"[0.21658111031089808, -0.03408416194696839, 2.2434056616026328]","[0.2209485964362821, 0.0, 2.184852248421765]","[-0.19676617090672457, 0.020577575468065844, 0.04867439510554078]","[-0.07599999735271191, 0.0, 0.09112598659803718]","[0.010556436647443448, -0.007543505251558626, 0.006393427368545117, -0.9998952628081854]","[[0.9998041945559445, 0.012626250407257459, 0.015220413953956433], [-0.012944780548408402, 0.9996951267895221, 0.021014204285966696], [-0.014950446710052124, -0.02120711969768701, 0.9996630696735952]]","[0.0034674782523324236, 0.11050188759368895, 0.02343356299051652]",[0.4799960945772749],"[0.007624151850914794, -0.027970657683444183, 0.0, -0.9995793740360485]",[0.483002260417],"[-0.5787007817893632, -0.5667698218709327, 0.6716556572829013]","[1000.9708909559708, 1076.6289830556502, 931.3758280568297, 1059.591378081255]"
37,0.740000000000002,"[0.21261825955941147, -0.033775933000663706, 2.245611122860664]","[0.21940873008009343, 0.0, 2.18669850765035]","[-0.19894049348382317, 0.015567646436425657, 0.04946348291003707]","[-0.07798660119095659, 0.0, 0.0934997160804705]","[0.010382702125964241, -0.008585438209035156, 0.006124363507585427, -0.9998903578361512]","[[0.9997773106195288, 0.012069103943145948, 0.017296168650045424], [-0.012425664133327085, 0.9997091291111382, 0.020657966799145017], [-0.017041818882003883, -0.020868288177001194, 0.999636725269402]]","[0.012350636864523389, 0.10025298065687137, 0.026251333851287074]",[0.4806748823139479],"[0.010084821765688137, -0.028750701263219797, 0.0, -0.9995306847458431]",[0.483002260417],"[-0.9344553031063275, -1.14026012838142, 0.24775922403252082]","[964.0045070700223, 1113.9969952866518, 945.5105732987332, 1047.0060094266964]"
38,0.759999999999998,"[0.20859977547203384, -0.0334883215266919, 2.247907479762512]","[0.21782913441139304, 0.0, 2.1885922273468505]","[-0.20352554592701183, 0.013916115294164737, 0.0512832799740091]","[-0.07997290100528139, 0.0, 0.0958719870384881]","[0.01020504584348692, -0.009727548727909041, 0.005897796117420317, -0.9998830169492627]","[[0.9997407813409307, 0.01159567218904962, 0.019573196098672935], [-0.01199275251190188, 0.9997217458281031, 0.020292961853943515], [-0.01933244697965768, -0.02052244625042143, 0.9996020634176808]]","[0.01830355348788534, 0.11809011489844701, 0.021653962872950797]",[0.48070864173685174],"[0.010823371216670336, -0.030664281368713603, 0.0, -0.9994688597258273]",[0.483002260417],"[-0.8890379840321074, -0.3198217131169159, 0.21840740143500526]","[966.5367564245, 1109.1148045377654, 946.7538002341973, 1041.4390732641427]"
39,0.7800000000000011,"[0.20453389645283315, -0.03318161691261382, 2.250271915681879]","[0.21620981622104, 0.0, 2.1905333766506323]","[-0.20513254506264456, 0.017891111558389374, 0.05267769574752705]","[-0.08195887296076898, 0.0, 0.09824268521641004]","[0.010170827239508889, -0.01084689087872412, 0.005718893473360514, -0.9998730059433559]","[[0.9996991129566437, 0.011215690709331016, 0.021807358531136318], [-0.011656978122184249, 0.9997275315866416, 0.020215006782891457], [-0.0215746950210615, -0.020463135636701813, 0.999557632988291]]","[0.014358930589735662, 0.10936414484374045, 0.01772644798225575]",[0.4809109128819131],"[0.009088937181361232, -0.03124176443255192, 0.0, -0.9994704939337444]",[0.483002260417],"[-1.136808585609922, -0.031239496043648618, 1.2060588199703908]","[989.4101280526185, 1085.3078259044175, 939.0256776992518, 1047.974322300748]"
40,0.7999999999999972,"[0.20045887441416949, -0.032859158825873494, 2.2527353506877428]","[0.21455546806199544, 0.0, 2.192516333870348]","[-0.21146751965958663, 0.020645143113526936, 0.06667564078249341]","[-0.083944536609879, 0.0, 0.1006119044874145]","[0.010062355918664017, -0.01178472909992623, 0.005516548538409733, -0.9998647058883603]","[[0.9996613689401159, 0.010794440086534834, 0.02367728834061561], [-0.011268768640968811, 0.9997366266067654, 0.01999196702213449], [-0.02345525044127135, -0.0202520111425015, 0.9995197315424014]]","[0.014450062493745953, 0.0902059554220769, 0.01743285350153951]",[0.47614888932238014],"[0.00853499206791682, -0.03493111264156493, 0.0, -0.9993532319759569]",[0.483002260417],"[-0.9728201826129448, 0.036596739306554715, 2.007327315460408]","[1005.232232672685, 1070.6989044194167, 930.5273470055921, 1057.6188914212935]"
41,0.8200000000000003,"[0.1962601304839346, -0.03251865951728133, 2.255214429431977]","[0.2128471686288339, 0.0, 2.1945636391094774]","[-0.21040733083184493, 0.02484739254530495, 0.07435782751999881]","[-0.08592968313412921, 0.0, 0.10297864337184628]","[0.009702193303246126, -0.01276737316364879, 0.0052847687484539295, -0.9998572037418723]","[[0.9996176258311849, 0.010320285161686364, 0.02563364775699071], [-0.010815771251319956, 0.9997553723563974, 0.019266670503303378], [-0.02542855236514889, -0.019536560962083782, 0.999485218282847]]","[0.019553062535546825, 0.09069047682675262, 0.01926845448623864]",[0.4745322707366523],"[0.006278911054049948, -0.03378405760144782, 0.0, -0.9994078440973724]",[0.483002260417],"[-0.566716855181794, -0.555932390676561, 1.154381019909927]","[978.6919989196025, 1100.5194366294108, 924.9870127525047, 1063.791993860898]"
42,0.8400000000000034,"[0.19203630084719805, -0.032168447592889296, 2.257747180865558]","[0.21111359540127028, 0.0, 2.1966410654032504]","[-0.21237425261261436, 0.019843201326249494, 0.07703764080856373]","[-0.08791456488036065, 0.0, 0.10534411236533753]","[0.00949250989803613, -0.013764508339692672, 0.005070662832871187, -0.9998472544435804]","[[0.9995694666511319, 0.009878457159998461, 0.02762107837867623], [-0.010401096086622994, 0.9997681745424701, 0.01884252955695822], [-0.027428545110153697, -0.01912171028036152, 0.9994406744059325]]","[0.013980083990677052, 0.09475571486089862, 0.020517727539536575]",[0.4744931474195887],"[0.00867495042227853, -0.03467295989007279, 0.0, -0.9993541275054697]",[0.48297572804688627],"[-1.4618862359074054, -1.1353816823274308, 0.2845840151839738]","[968.5844338697073, 1105.4069916208143, 920.4851244703389, 1063.1384289954037]"
43,0.8599999999999994,"[0.1877584516582161, -0.03183974821203078, 2.2603898296069143]","[0.20933545865643924, 0.0, 2.198771583568602]","[-0.22023815896326765, 0.017372441804742778, 0.0732665410439557]","[-0.08989896226303316, 0.0, 0.10770725842214819]","[0.00934419359829333, -0.014814891724908871, 0.004849121346286896, -0.999834690423249]","[[0.9995137271331047, 0.00941977304734845, 0.02971550762013907], [-0.00997350591300966, 0.9997780612587416, 0.018541619411796665], [-0.029534263105573787, -0.018828976242621403, 0.999386127180762]]","[0.013313142963630517, 0.10775219042173023, 0.021898344998374238]",[0.47645737669365024],"[0.009933048762403727, -0.03835323630524513, 0.0, -0.9992102011718886]",[0.482950166731],"[-1.4374811592764747, -0.4000448636072802, 0.10985826434772505]","[974.914926729012, 1083.8307994852548, 925.5063840312788, 1049.6023204892392]"
44,0.8800000000000026,"[0.18354310593921042, -0.031520065954397644, 2.2630275859355606]","[0.20751713495140578, 0.0, 2.20094994158294]","[-0.22130536891570707, 0.020322202027173025, 0.07475766915555217]","[-0.09188288739465957, 0.0, 0.11006813984435056]","[0.009223419632273881, -0.01582881851633031, 0.00463999629139649, -0.999821289486741]","[[0.9994556013194354, 0.008986342479637026, 0.03173757274587343], [-0.00957032582147391, 0.9997865613712553, 0.018296651302008866], [-0.03156638621432246, -0.018590433938860708, 0.9993285175111778]]","[0.01714088598853361, 0.10490347330895713, 0.021175108031125957]",[0.47629509306469087],"[0.008506609313819757, -0.038668187760275884, 0.0, -0.9992138098359804]",[0.482950166731],"[-0.6846594463469377, -0.04645637112586748, 0.8672030891758311]","[983.7320867130676, 1068.0543930784909, 926.9992638702768, 1047.786183175062]"
