,t,p,p_d,v,v_d,q,R,w,T_sp,q_sp,hover_throttle,fa,pwm
0,0.0,"[0.08820547449757205, -0.03262344582030695, 2.2526954976278755]","[0.24971759508485702, 0.0, 2.150338885886261]","[-0.3262728835678741, -0.007888272336478683, -0.05482538482413263]","[-0.007478169969089356, 0.0, 0.008973803256900344]","[0.006704982601167313, -0.05683354512533635, -0.0016529339737183211, -0.9983596943438809]","[[0.9935342520398542, -0.0040625811760001546, 0.11345847569255062], [0.002538309451088004, 0.9999044421595176, 0.01357585295573392], [-0.11350280726668925, -0.013200084565395833, 0.9934498028379333]]","[-0.021121583335977155, 0.1787049428296496, 0.019758622696108896]",[0.4600176780321195],"[-0.0001420921531327256, -0.09707423110473161, 0.0, -0.9952754436883144]",[0.45354668326700004],"[-2.984832253190097, -0.3571495520232981, -0.19774561430451243]","[886.0576537790612, 1081.4722638821881, 865.5561018191463, 1077.9461032639636]"
1,0.020000000000003126,"[0.08253861026087461, -0.03288826644837953, 2.252915136563464]","[0.24954055938570496, 0.0, 2.1505513286922047]","[-0.327743494115025, -0.01820381819746171, -0.05373633542214305]","[-0.009467606202919816, 0.0, 0.0113611247402054]","[0.006783007754453367, -0.05841675249012684, -0.0018615060779455456, -0.9982671842817338]","[[0.993167398231607, -0.004509043432169094, 0.11660580082608042], [0.00292407829164704, 0.9999004137861985, 0.01375999438362708], [-0.11665630726672709, -0.013325021824370233, 0.9930823102529696]]","[-0.006315020493862541, 0.16882055867428644, 0.020122049356602098]",[0.46368387405597355],"[0.00620697531328406, -0.1025460407159995, 0.0, -0.9946993227020323]",[0.45354668326700004],"[-3.0920792126272794, -0.3648788679299153, -0.3962914700223834]","[861.119252902481, 1105.637708318219, 878.8706653827662, 1064.885477162956]"
2,0.03999999999999915,"[0.07799724371896244, -0.03310305960053072, 2.253099424169373]","[0.24933948961740296, 0.0, 2.150792612344483]","[-0.32968445531626267, -0.00826624861232084, -0.057239617798990824]","[-0.011457042126334992, 0.0, 0.013748444733578263]","[0.006965250140594921, -0.05965259082158818, -0.0020070721505229235, -0.9981928688639135]","[[0.9928750582299457, -0.004837880649108519, 0.11906162201557528], [0.0031758997826808457, 0.9998948919943592, 0.01414478014787954], [-0.11911754105388973, -0.013665871932901344, 0.9927860854881384]]","[0.00591113210293828, 0.16863151471175397, 0.021253624066867503]",[0.46688652035293093],"[0.0015311870810929436, -0.10683305748980591, 0.0, -0.9942753852430049]",[0.45354668326700004],"[-3.470658275806688, 0.517506872848599, -1.0933573356078803]","[863.034658783299, 1104.00887582124, 869.0356720466414, 1076.093804624255]"
3,0.060000000000002274,"[0.07158507008991023, -0.03316876830072771, 2.25336797350263]","[0.24909040558023787, 0.0, 2.1510915130129193]","[-0.33237610110292043, -0.009465684665210873, -0.06093526213392724]","[-0.013446476943245246, 0.0, 0.016135759415451038]","[0.006684012682716222, -0.06143266470687021, -0.0021768917062297034, -0.9980864595277069]","[[0.9924425455676082, -0.005166685691759616, 0.12260112088971895], [0.0035242188516245204, 0.9999011381024963, 0.013609909624444999], [-0.12265932237681229, -0.013074980591277097, 0.9923626712315241]]","[0.025119272216563796, 0.18157830534586736, 0.015855055305422316]",[0.4705828981772375],"[0.0033019221500434444, -0.11135757108320535, 0.0, -0.9937734313906458]",[0.45354668326700004],"[-3.8095434171031455, -1.4773774185575757, -1.3439128292937497]","[904.1058618021061, 1069.1813832206801, 847.9883713446421, 1107.2712718319822]"
4,0.0799999999999983,"[0.06507119413943774, -0.03354842245307765, 2.2535933338101373]","[0.24880132640904273, 0.0, 2.1514384076418076]","[-0.3368601710405187, -0.019240080929314674, -0.06493530449903451]","[-0.015435910167517813, 0.0, 0.01852306645282316]","[0.006535144961495214, -0.06348709982114771, -0.0024038884301558396, -0.9979582488401509]","[[0.9919269840244833, -0.005627755377363077, 0.1266835304041802], [0.003968165775298608, 0.9999027914725486, 0.01334883545282901], [-0.1267463694416295, -0.012738371833932186, 0.9918531251443171]]","[0.035477739797719655, 0.20439920133629147, 0.010857821071684978]",[0.47477212401322594],"[0.00959187571796311, -0.11650400101757279, 0.0, -0.9931418104625531]",[0.45354668326700004],"[-3.968123378226123, 0.20229907061503316, -1.1881929753349532]","[875.20000410648, 1111.071414561057, 875.8672143170188, 1095.2131179397832]"
5,0.10000000000000142,"[0.05785015185657029, -0.03387434805464372, 2.253807626143519]","[0.2484735964464347, 0.0, 2.151831682894866]","[-0.33884551622637293, -0.0051374098208896045, -0.06309248497197235]","[-0.017425341107785004, 0.0, 0.020910362527152285]","[0.005913664279831446, -0.06596690111470074, -0.002640513291964598, -0.9978006555445942]","[[0.9912825152773147, -0.006049624000939339, 0.13161240413471742], [0.004489199573846622, 0.9999158365122389, 0.012149689148619098], [-0.13167486457125788, -0.011452943231726773, 0.9912265170477756]]","[0.03857232934359242, 0.22393966265682322, 0.013519710434726245]",[0.476399964077178],"[0.0021673380329007784, -0.12063304870345819, 0.0, -0.992694751682806]",[0.45354668326700004],"[-3.252688137015141, -0.7509123056833621, -0.3498532872093101]","[885.3272659519807, 1117.7401577727503, 883.2865925403067, 1104.0541268456439]"
6,0.11999999999999744,"[0.050939726183254805, -0.03421571677458555, 2.2540542412091074]","[0.24809907746981186, 0.0, 2.1522811043042687]","[-0.3334691215153322, -0.0249023659358744, -0.05674771847250023]","[-0.01941476789655967, 0.0, 0.023297638674216845]","[0.005250258667888541, -0.06871931374476564, -0.002854832840557995, -0.9976174211826775]","[[0.9905375901111564, -0.006417650297889786, 0.1370811919052598], [0.004974473607330554, 0.9999271478421, 0.010867863332920263], [-0.13714114634872587, -0.0100831347182836, 0.990498759820092]]","[0.06014930399900131, 0.26239911545849687, 0.015359639770400961]",[0.47523986656408773],"[0.013648016905750395, -0.12128681382810483, 0.0, -0.9924982442360861]",[0.45354668326700004],"[-3.478058383807408, -1.317744512513364, -0.8282752879525255]","[898.7901213635389, 1116.5187824325892, 887.4067320653157, 1115.3768063732296]"
7,0.14000000000000057,"[0.04355506621038863, -0.03472579449051925, 2.2543318955850826]","[0.24769558425267954, 0.0, 2.1527652941590185]","[-0.3354779994758794, -0.016649071133554204, -0.0606140841488183]","[-0.02140419112934614, 0.0, 0.025684897752514504]","[0.0048565198383003685, -0.07136068437848003, -0.003034743748950135, -0.9974338202895475]","[[0.9897962546977543, -0.006747041260947872, 0.1423256434897661], [0.005360782943512755, 0.9999337776778048, 0.010121237052932617], [-0.14238459666264983, -0.009254991489579032, 0.9897675024671183]]","[0.060308149665891354, 0.29757630272685726, 0.010961472851096679]",[0.47909861884914395],"[0.009509497759372054, -0.1251485193573752, 0.0, -0.9920839947821739]",[0.45354668326700004],"[-3.8921863304648756, 0.49185577489738747, -1.4303938659742705]","[909.6237620621749, 1115.0440540014947, 883.3848544686508, 1128.0067614546833]"
8,0.1599999999999966,"[0.03789692318676437, -0.03512406701180849, 2.254595463151574]","[0.2472325658143869, 0.0, 2.153320912291436]","[-0.3323920919470651, -0.018530789091367142, -0.05909578141245547]","[-0.02339360437984062, 0.0, 0.028072108915945866]","[0.004391641526019148, -0.07465399393601489, -0.0031905973561556803, -0.9971898922618684]","[[0.9888235690224421, -0.0070189700273769395, 0.14886039242026153], [0.005707555707966601, 0.9999314336130531, 0.009234982751724985], [-0.14891644025962994, -0.00828221940901014, 0.9888053558148342]]","[0.04784964665957056, 0.33918288225188387, 0.009382234945208888]",[0.4805739279486321],"[0.010758938569309859, -0.12679730856551497, 0.0, -0.9918652861315091]",[0.4535375542666662],"[-3.9281696280987655, -0.956122716238273, -1.3242761270211538]","[929.9966019226097, 1088.9220848951056, 877.8769244654716, 1134.5766062630255]"
9,0.17999999999999972,"[0.03191169935790505, -0.035560580316897954, 2.254901250234214]","[0.24676127348419083, 0.0, 2.1538864587659536]","[-0.3308993578164544, -0.023983254905685862, -0.059231558339305566]","[-0.0253830160376454, 0.0, 0.03045931243443727]","[0.003908508898789078, -0.07843577657488227, -0.003367924973679432, -0.9969053822433712]","[[0.9876721036220808, -0.007328138927958498, 0.15635976852641717], [0.006101871205053061, 0.9999458928322666, 0.008321158737010859], [-0.15641242278533748, -0.007264495493984915, 0.9876642365757137]]","[0.03262333635947359, 0.38090144708236173, 0.010003645784392466]",[0.4818632672267837],"[0.013913102583116564, -0.12831672741660466, 0.0, -0.9916353550309444]",[0.45352769962899997],"[-2.668148438554813, -0.16828092949806675, 0.4796599945614908]","[949.9974712720598, 1062.3111433701915, 874.4844323134236, 1138.9120394173035]"
10,0.20000000000000284,"[0.023824909384837535, -0.03621380463518068, 2.2553031969313255]","[0.24623261214181036, 0.0, 2.1545208448241184]","[-0.3116435192598794, -0.019826069515642652, -0.03790403046316068]","[-0.027372413430503492, 0.0, 0.03284644748176018]","[0.0038352593915893336, -0.08261534688200614, -0.0035033024778527984, -0.996567654543731]","[[0.9863242306287083, -0.007616258437059258, 0.16463669279557566], [0.0063488532969847595, 0.9999454032803752, 0.0082230440117668], [-0.16469043709049472, -0.007065337814005197, 0.9863193584560095]]","[0.0012253461313221567, 0.38450817487923084, 0.011668038283830982]",[0.4737706307153774],"[0.012051852223024122, -0.12476970510901964, 0.0, -0.992111509195486]",[0.45352769962899997],"[-3.6054329163245553, -0.9187640405348448, -0.06986943058391404]","[922.8953520519464, 1111.7487301974234, 927.7525495317681, 1098.3255675234377]"
11,0.21999999999999886,"[0.01821216305290794, -0.03669883167940075, 2.255734359536216]","[0.24566315070618325, 0.0, 2.1552041875604875]","[-0.3184311585367783, -0.032551558727265374, -0.05086020289198025]","[-0.02936179709887676, 0.0, 0.03523351665181649]","[0.003918916128698304, -0.08605436418464422, -0.003668238689879206, -0.9962749876149243]","[[0.985160399280432, -0.007983628582152144, 0.17143887018500184], [0.006634669239159824, 0.9999403906636312, 0.008439972131435795], [-0.17149637226406458, -0.0071773003388955255, 0.9851565954233563]]","[-0.02307860082537498, 0.3931852394217458, 0.016852113610932785]",[0.4829330126098252],"[0.018809832392388082, -0.13055101422350784, 0.0, -0.9912546954282092]",[0.45352769962899997],"[-4.969682228064178, -0.47460200150007203, -3.133745492603577]","[948.5392654126048, 1086.7231224107027, 907.6350270483748, 1125.9800192176644]"
12,0.240000000000002,"[0.012649283268111114, -0.03723193685324515, 2.256152874705549]","[0.24505508595385597, 0.0, 2.1559338499691134]","[-0.310297572644849, -0.023904047552908116, -0.0572226198800915]","[-0.03135116468954863, 0.0, 0.037620508650012194]","[0.004488961250862622, -0.09040127062885424, -0.003838018271711001, -0.9958856832407991]","[[0.9836213247415396, -0.008456070499390506, 0.18002420490150214], [0.006832839295863818, 0.9999258026579387, 0.009634907941632458], [-0.1800931197627094, -0.008247061027794721, 0.9836104839638241]]","[-0.06044422614368079, 0.3868580531492058, 0.01774288041832403]",[0.48773143929925394],"[0.013961276356505792, -0.1293319741026025, 0.0, -0.9914959109317955]",[0.45352769962899997],"[-3.602540997740423, -0.4277414489023007, -0.9277786756073816]","[936.0785020128998, 1081.1983095173598, 912.5903841311774, 1102.9155644802581]"
13,0.259999999999998,"[0.006072315852882565, -0.037956226858648995, 2.256668687322996]","[0.2444109734417755, 0.0, 2.156706764633877]","[-0.2988321317512732, -0.034686164220766945, -0.04476403484310704]","[-0.03334051447404663, 0.0, 0.04000741517984467]","[0.005159485277794053, -0.09415916217825204, -0.003965133550852484, -0.9955354303681266]","[[0.9822357433003964, -0.00886648749408628, 0.18743664798809653], [0.006923236249973824, 0.9999143983679536, 0.011019608099159726], [-0.187518480180817, -0.009526193486867136, 0.982213947291885]]","[-0.08064614939442093, 0.39258943417906966, 0.019160586013325473]",[0.4837226636582574],"[0.02012914020169403, -0.12899517943016195, 0.0, -0.9914363281134427]",[0.45352769962899997],"[-3.2314479549210366, -0.24603901184444266, 0.31439605425237005]","[947.9482964470809, 1075.3505678509732, 935.441833502966, 1076.0517035529192]"
14,0.28000000000000114,"[0.00015300900780251554, -0.038529810651128926, 2.257138994770804]","[0.24372435601436926, 0.0, 2.1575306776416387]","[-0.28365749057343737, -0.022471376387157224, -0.04098313661314403]","[-0.03532983920085061, 0.0, 0.04239420143497774]","[0.006459736150826838, -0.09892685665478465, -0.004142003791410124, -0.9950642289898349]","[[0.9803908688432686, -0.00952120240278613, 0.19682364018390594], [0.006965036833903822, 0.9998804583961847, 0.01367521557547335], [-0.19693066519041888, -0.012036193914127736, 0.9803417248518081]]","[-0.10587384065642491, 0.373939393141882, 0.021214094151896644]",[0.4830998975581466],"[0.01357165541090041, -0.1260824075934811, 0.0, -0.9919239842224445]",[0.45352769962899997],"[-4.55609147478361, 0.4656910316822401, -2.8274961893648296]","[967.1687759681216, 1098.7152411243387, 949.5578674420287, 1104.4028350779042]"
15,0.29999999999999716,"[-0.005334195527488827, -0.039230440999228344, 2.257753073626217]","[0.2429979112369729, 0.0, 2.1584023744075065]","[-0.28266870425445173, -0.026428747304260966, -0.06157031524178577]","[-0.03731913561991098, 0.0, 0.04478085181603905]","[0.007461424664631437, -0.10223516619731007, -0.004341492023790084, -0.9947224678822254]","[[0.9790575832073467, -0.010162799301705546, 0.20332644621694027], [0.007111519339076332, 0.999850295906078, 0.015731799829831927], [-0.20345602107961072, -0.013956387195446026, 0.9789839345972801]]","[-0.10519865936398709, 0.3121790836508831, 0.02280918849367716]",[0.4950459396381549],"[0.015810109958645083, -0.12770533641439993, 0.0, -0.9916856535013765]",[0.45352769962899997],"[-4.311453750114353, -1.5837573788000237, -1.5758827793851573]","[955.0066153098238, 1093.5892496223482, 934.7229024820937, 1108.3552790787774]"
16,0.3200000000000003,"[-0.010474605090000887, -0.039850621669877226, 2.2583266276820204]","[0.24223126659779973, 0.0, 2.1593222995962242]","[-0.2610442309950006, -0.03441253566338454, -0.03923353973411787]","[-0.03930839832877745, 0.0, 0.04716734039278938]","[0.008247232515143414, -0.10448311237104194, -0.004437238660644757, -0.9944823735066524]","[[0.9781267982019123, -0.010548904313366636, 0.20774003728631307], [0.007102118226847275, 0.9998242060550742, 0.017330687744236677], [-0.20788641704215116, -0.015476221721847566, 0.9780301426874577]]","[-0.09924232860637507, 0.28789141439838584, 0.024674203649378355]",[0.48542105588922807],"[0.020821955511727337, -0.12388995527547854, 0.0, -0.9920755240097604]",[0.45352769962899997],"[-3.2378713030083226, -0.44641056267655965, 0.12983023253906723]","[950.7153899705626, 1093.8211525073593, 954.349965191343, 1084.3654247792194]"
17,0.3400000000000034,"[-0.015423184745107028, -0.040486215852286074, 2.258578465404139]","[0.24142477325587838, 0.0, 2.1602900292680194]","[-0.24910418459527098, -0.026884997245576962, -0.04924581836490219]","[-0.04129762190851088, 0.0, 0.04955364115601443]","[0.00919366241117992, -0.10729993114807494, -0.0046256128752429505, -0.9941729394286197]","[[0.9769296854018195, -0.011170276985114807, 0.21326432325350078], [0.007224359610241806, 0.9997871889935213, 0.019272836652936737], [-0.21343442854637992, -0.01728752488081187, 0.9768034311337013]]","[-0.11204406977610877, 0.2929694066734274, 0.024509670515044202]",[0.49121946974840053],"[0.016815779239574412, -0.12156632741728335, 0.0, -0.9924392796017634]",[0.45352769962899997],"[-5.20233710406646, -0.03910429721984898, -3.8380003287469293]","[980.707788342161, 1067.074399436893, 971.6922210901589, 1067.7549265768562]"
18,0.35999999999999943,"[-0.020183478028171137, -0.0411565210582877, 2.2587615855221936]","[0.24057937888257624, 0.0, 2.16130442363358]","[-0.24473297607515512, -0.029272773733935196, -0.0643768111901832]","[-0.04328680129928666, 0.0, 0.05193972982160187]","[0.010534716060438286, -0.11032573636499172, -0.004821578254933749, -0.9938275239653899]","[[0.9756091119123055, -0.011908134970940263, 0.21918791888679837], [0.00725913374388443, 0.9997306876363127, 0.022003269898881614], [-0.219391094718314, -0.01987549321321362, 0.9754336466610942]]","[-0.10338053658889987, 0.2223669184212202, 0.023487027857037122]",[0.5006355461804285],"[0.01830787662968284, -0.12265086356616293, 0.0, -0.992280662245957]",[0.45372594732590266],"[-4.628325505617953, -1.1158738626137168, -1.949260422872932]","[962.3004442152261, 1102.5140415512733, 952.141168503551, 1128.054321624372]"
19,0.38000000000000256,"[-0.02442573696405582, -0.04177672106014669, 2.258970985583971]","[0.23969298939524095, 0.0, 2.16236799111996]","[-0.22379324931502645, -0.030908165330473365, -0.05085177909794403]","[-0.04527592710151036, 0.0, 0.0543255612755256]","[0.011326800008307754, -0.11162490591314453, -0.0049318178211534116, -0.9936735183906489]","[[0.9750309151021399, -0.012329939503263145, 0.2217257025692037], [0.007272527562365714, 0.9996945615455203, 0.02361130983325883], [-0.22194914942575417, -0.021409255032190756, 0.9748229679593257]]","[-0.08579604820571819, 0.1566196443231304, 0.02317354363707607]",[0.4950494885389356],"[0.019921093376591273, -0.11852003503604869, 0.0, -0.9927502485884255]",[0.453747689551],"[-3.6569899845614775, -0.11945212745326772, -0.759690951503945]","[949.7757271004888, 1104.7538606043574, 962.2785859987279, 1101.643928060786]"
20,0.3999999999999986,"[-0.02853413375517888, -0.04240745836354216, 2.258975444830373]","[0.23876763204603718, 0.0, 2.1634782960269576]","[-0.20784621871745818, -0.02246870813574391, -0.05474053320655731]","[-0.047264994440559205, 0.0, 0.0567111121231229]","[0.012123271319572785, -0.11320513837947666, -0.00507684767062655, -0.9934845103629262]","[[0.9743172683007639, -0.012832372259167515, 0.22481200694348505], [0.007342705829790804, 0.9996541275968208, 0.02523801502801495], [-0.22505819895052162, -0.022939114055675742, 0.9740748696503294]]","[-0.09701386818522674, 0.15164629365910776, 0.01936680287269419]",[0.4976364284019381],"[0.015932161115704658, -0.1151870603729412, 0.0, -0.9932140023840214]",[0.453747689551],"[-4.22535006591856, 0.06119166565029832, -1.8268537470136046]","[1002.0762713283697, 1082.4618046686942, 991.4612079974833, 1101.9230126661773]"
21,0.4200000000000017,"[-0.03234847619991836, -0.04302667713539224, 2.2590007894716204]","[0.23779421150699478, 0.0, 2.164646240716332]","[-0.1916076393116274, -0.022260135321092635, -0.05283109144869558]","[-0.049253978254726875, 0.0, 0.05909626208208438]","[0.013112609306125738, -0.11423590229918884, -0.005211606603724881, -0.9933529676694514]","[[0.9738450566830193, -0.01334979128343567, 0.22681646960408974], [0.0073580682611076136, 0.9996008583856089, 0.02724160390186998], [-0.22708982064909722, -0.02486019357065029, 0.9735554973241731]]","[-0.0885783436723688, 0.09095630977661961, 0.02067175370295795]",[0.497647098887249],"[0.016671329308556217, -0.1124127236136543, 0.0, -0.9935189942848821]",[0.453747689551],"[-4.963002850157024, -1.552674675403519, -3.3188797019047875]","[992.634922504292, 1099.2550559221977, 980.9424721858708, 1117.3387964372141]"
22,0.4399999999999977,"[-0.03603037706854221, -0.04366081472914974, 2.2590043708204006]","[0.2367989885315977, 0.0, 2.1658403296416355]","[-0.1842001580566879, -0.03081081474794388, -0.0751722165218396]","[-0.05124292017812737, 0.0, 0.06148121098240376]","[0.01390146351596954, -0.11487867744396396, -0.005347643743936935, -0.9932679073204332]","[[0.9735486785757123, -0.013817249307771087, 0.2280619269322048], [0.007429322334770695, 0.9995563982624892, 0.028844415631886763], [-0.22835928722981577, -0.02638709466890691, 0.9732193717871647]]","[-0.06643288207018347, 0.025151692800681566, 0.020250778114106104]",[0.5100874347082723],"[0.021491407420022587, -0.11153947927195888, 0.0, -0.9935252167039121]",[0.453747689551],"[-5.38561427998018, -1.2860969432804634, -4.090760587067333]","[986.817207919168, 1106.5125424550656, 966.6403896576204, 1131.2042928699818]"
23,0.46000000000000085,"[-0.03936292160521306, -0.044235945292986065, 2.259045697525497]","[0.23575342870736676, 0.0, 2.1670947736413164]","[-0.16980727326715456, -0.02704917057250393, -0.07254544749719147]","[-0.05323175544786044, 0.0, 0.0638656479957093]","[0.014588752577950455, -0.11508677757250385, -0.005430640001478437, -0.9932335012423872]","[[0.9734511614691431, -0.014145732211308533, 0.2284576335434407], [0.007429842119313029, 0.9995154308096278, 0.030230065319366246], [-0.22877453859672667, -0.027730085887660284, 0.9730844817672332]]","[-0.07930044239710242, 0.01900032009267778, 0.018772810971247063]",[0.5103073912479903],"[0.02015890216435637, -0.1096694312340617, 0.0, -0.9937630666177901]",[0.453747689551],"[-4.110386198425541, -0.02093073225273756, -1.207776782214399]","[1010.9271184440553, 1088.0169493007, 996.2677963286703, 1097.4864409965046]"
24,0.4799999999999969,"[-0.04231166896572244, -0.044734260895375064, 2.259113838471046]","[0.2346685941737313, 0.0, 2.168396301049876]","[-0.14820215673533607, -0.020383488744781096, -0.06258436798818047]","[-0.055220494912792566, 0.0, 0.06624962520038132]","[0.015375819727026249, -0.11500164789147285, -0.005542519825991272, -0.9932308109209266]","[[0.9734877610511437, -0.01454649213520972, 0.22827591841362507], [0.007473513710048779, 0.9994656874220962, 0.03181827361901683], [-0.2286168015563367, -0.02926867796517621, 0.9730763684386307]]","[-0.055143707519627994, -0.021316886778811463, 0.014582943288710863]",[0.5061042933086437],"[0.01762753237447695, -0.10483092088614161, 0.0, -0.9943321626489021]",[0.453747689551],"[-4.3542081559197445, -0.2488737745365709, -1.7755399891957317]","[1000.5938146710996, 1117.7625509774998, 989.19167423116, 1103.8425323691877]"
25,0.5,"[-0.044892343980528236, -0.04523103780787136, 2.2591950828792586]","[0.2335434581126762, 0.0, 2.169746135393168]","[-0.13544500613109228, -0.016987083529475616, -0.0647037925026149]","[-0.05720912473384768, 0.0, 0.06863307618590855]","[0.01572445367976994, -0.11387281618272112, -0.005673321796114374, -0.9933545714118234]","[[0.9740013581427085, -0.01485241592942141, 0.2260537452577017], [0.00769006463562079, 0.9994408777864215, 0.03253199015157459], [-0.22641058480087542, -0.029947841631437162, 0.9735712144160585]]","[-0.03135727781021068, -0.12802474250156295, 0.013411683018126187]",[0.5083374295147534],"[0.016706738105198068, -0.10310368259768499, 0.0, -0.9945301376349635]",[0.453747689551],"[-4.300701274192033, -0.39740079970130715, -1.5599322291123912]","[987.9084118107158, 1154.3848824181664, 983.1962671293428, 1149.2175347061527]"
26,0.5200000000000031,"[-0.04724631354080178, -0.04570111491022562, 2.2592673379874166]","[0.2323795279046239, 0.0, 2.1711424618754465]","[-0.11353167548073714, -0.011280384446351089, -0.052234429796895805]","[-0.05919763722563898, 0.0, 0.07101596407992544]","[0.015963444054800918, -0.11256381851275833, -0.005737284689040599, -0.9934995738354236]","[[0.9745927050834828, -0.014993792225915036, 0.22348103779710682], [0.0078061673482223105, 0.9994242684676478, 0.033010971075767066], [-0.22384738508974666, -0.030427728385794293, 0.9741488748625076]]","[-0.01625244366998191, -0.1757728135091351, 0.014584426912171827]",[0.5028464179910225],"[0.014885278537917926, -0.0979409927101281, 0.0, -0.9950781930535679]",[0.453747689551],"[-3.770332992982533, 0.2346746795984268, -1.9348777983975367]","[980.7395014697229, 1153.664817215153, 1001.7379703751216, 1136.6040451612619]"
27,0.5399999999999991,"[-0.04934213125364811, -0.04614913916252332, 2.2594832839447236]","[0.2311763384151929, 0.0, 2.172585829308962]","[-0.0983137498505902, -0.003959797199445566, -0.06169297651753335]","[-0.06118601873591072, 0.0, 0.07339822337538876]","[0.0163201819934903, -0.11070763561905084, -0.005845154876222954, -0.9937016645931609]","[[0.975419000135632, -0.015230217783359, 0.21982993561292768], [0.008003142737871324, 0.9993986646237517, 0.033728990579136905], [-0.22021151157836805, -0.03114057747444167, 0.9749546351260847]]","[-0.024424729855758817, -0.15076127100428707, 0.009480898457503205]",[0.5079318213859442],"[0.012052952593440016, -0.0940581894464158, 0.0, -0.9954926294281572]",[0.453747689551],"[-5.202037641032759, -2.104831216597642, -2.4158579220729273]","[1015.1399890606016, 1125.25447646422, 1009.2702116021917, 1129.5838307182466]"
28,0.5600000000000023,"[-0.051100631525667004, -0.046527775060552556, 2.2597118102229214]","[0.22993277107058432, 0.0, 2.174077567808186]","[-0.09201152301157056, -0.02359798321953912, -0.05017900410635022]","[-0.06317425151117591, 0.0, 0.07577976888929493]","[0.016455988170298776, -0.10871193464349209, -0.005923232104017754, -0.993919283551816]","[[0.9762929723503273, -0.015352353839200084, 0.2159068311139157], [0.008196504597345684, 0.9993879427248671, 0.03399969998746146], [-0.2162967216636503, -0.03142399590198062, 0.9758215426141215]]","[-0.021574905313694957, -0.20637224725971506, 0.011078085639147037]",[0.5053608536382643],"[0.023411738133475635, -0.09618902999438006, 0.0, -0.9950780533837739]",[0.45410466931282417],"[-4.377691736942187, -1.7347377510773678, -0.7828417167586004]","[957.2541793634805, 1168.4167940008276, 994.3297567052181, 1120.2959709865295]"
29,0.5799999999999983,"[-0.05254360315920705, -0.04685622270816053, 2.2601468471394677]","[0.2286494445598034, 0.0, 2.1756169249221813]","[-0.0704594896601343, -0.013363502271543332, -0.04411079526764576]","[-0.06516232278187427, 0.0, 0.07816053936126502]","[0.016447234767511816, -0.10673661447102498, -0.0059516462945526085, -0.994133333603697]","[[0.9771434695511456, -0.015344504255456045, 0.21202507647558594], [0.008322415629478658, 0.9993878562256228, 0.03397200580799743], [-0.21241662897102476, -0.03143097150395917, 0.9766732906753812]]","[-0.005230910905103855, -0.2625396689911456, 0.00799653970646725]",[0.5026157632113941],"[0.018704754158927632, -0.08973869497450786, 0.0, -0.9957841409557271]",[0.454152214048],"[-3.752879290689423, -0.4713112696480696, -1.8328370182130058]","[978.9796051359956, 1163.8362422231107, 973.2972316407908, 1157.447574099023]"
30,0.6000000000000014,"[-0.053644791530242125, -0.04714039388893474, 2.260678064468116]","[0.2273258594354331, 0.0, 2.177204486365588]","[-0.05903561781711942, -0.018129433568095286, -0.042914408714195995]","[-0.06715021442171236, 0.0, 0.08054044783297186]","[0.016388966630787212, -0.1037818868725534, -0.005964412856133165, -0.9944466008025702]","[[0.9783863858114655, -0.015264335942798371, 0.2062155881240324], [0.008460824419460729, 0.9993905494426704, 0.03383390035389902], [-0.20660659037711804, -0.031357908272713356, 0.9779203377984522]]","[0.017038599196381288, -0.2574717384058988, 0.004459322725024176]",[0.5033333712961581],"[0.021851532874823755, -0.08777912281398774, 0.0, -0.9958989413341494]",[0.454152214048],"[-4.396737435343342, -0.65506342027696, -0.928676652281073]","[1013.8431743970292, 1114.9323031751162, 953.2123189113515, 1171.6711486949325]"
31,0.6199999999999974,"[-0.054533777825401294, -0.047351293013856835, 2.2614228971384054]","[0.2259633257617314, 0.0, 2.1788386704008174]","[-0.04631347072305337, -0.0059486619077245804, -0.027668697559373418]","[-0.0691379158684332, 0.0, 0.08291944364967864]","[0.016366093979494338, -0.10094906501070228, -0.005917400882478815, -0.9947389808965227]","[[0.9795477597874592, -0.015076822417000793, 0.20064225062449162], [0.008468254876571846, 0.9993934891762378, 0.033754695465597305], [-0.20102962958031959, -0.03136527112007834, 0.9790820929895758]]","[0.013808526554128727, -0.2810533340069609, 0.001338140951692269]",[0.49713077888220414],"[0.016277261924528122, -0.08598677555636612, 0.0, -0.9961603610157727]",[0.454152214048],"[-4.277260024013136, 1.1066862085335862, -1.2202171933828723]","[978.6425860804767, 1141.558408492861, 967.789775247178, 1145.4890772240656]"
32,0.6400000000000006,"[-0.05522026235939931, -0.04756263869956374, 2.2623701956603077]","[0.22456130229095117, 0.0, 2.1805201108642778]","[-0.037836036971854975, 0.00689693149708279, -0.03169416955370739]","[-0.07112540738949161, 0.0, 0.08529743215878564]","[0.016293216254782143, -0.09779871595154073, -0.006001623305033133, -0.9950543987806831]","[[0.9807981171046463, -0.015130794595872691, 0.19443451351258903], [0.00875697208211883, 0.9993963569963363, 0.03359917511492596], [-0.19482565649814362, -0.03125137090349763, 0.9803392182773871]]","[-0.0039427597989199585, -0.3059095142665166, 0.004637564707049452]",[0.4999937930518345],"[0.010362785825191088, -0.08438933023068056, 0.0, -0.9963776385706883]",[0.454152214048],"[-4.485681330448442, -0.6757924243350317, -1.0854358308369925]","[974.5678128226915, 1144.3144136419962, 960.2379723186006, 1152.682937495975]"
33,0.6599999999999966,"[-0.055648824325857625, -0.047721638454390834, 2.2634166905253283]","[0.22311836412529076, 0.0, 2.182250496295333]","[-0.029706092998982095, -0.0006010835780309084, -0.01248603963051877]","[-0.07311266176525254, 0.0, 0.08767428279583052]","[0.016524281269703473, -0.09496151676814539, -0.005971687039641368, -0.9953255061212533]","[[0.9818925642940031, -0.015025886476006542, 0.18883788380599703], [0.008749203224508551, 0.999381839884856, 0.034028238154013145], [-0.18923259515118773, -0.03175991631821707, 0.9814177826432413]]","[-0.004147738822518717, -0.2898072070239056, 0.005286191661676807]",[0.49257862171975125],"[0.015650275620034525, -0.08438664612024703, 0.0, -0.996308105905746]",[0.454152214048],"[-4.343447094919071, -1.6375237041189732, -0.18330063014382603]","[952.0505455929097, 1155.5683768728393, 963.6102405788156, 1128.545097188263]"
34,0.6799999999999997,"[-0.05592199743136113, -0.047846621330388014, 2.26461187299888]","[0.22163545752295824, 0.0, 2.184028676548212]","[-0.02298835253037955, -0.0010968277330090084, -0.009615016351506628]","[-0.0750996636132084, 0.0, 0.09004992180724777]","[0.016612017217547514, -0.09216128728091476, -0.005950767860371865, -0.9955871708885526]","[[0.982940659442505, -0.014910986059648098, 0.1833114820225979], [0.008787046495240503, 0.9993761469569833, 0.03417428330138364], [-0.18370689905521442, -0.03198056159609658, 0.9824595644866888]]","[-0.010070187814328202, -0.2991804045133958, 0.0012534642857597502]",[0.4924311550110182],"[0.016718376227953635, -0.08335465878997438, 0.0, -0.9963795831766793]",[0.454152214048],"[-4.167148927356391, -1.5735908214183052, 0.2452947287396654]","[947.1679985114209, 1159.4024439435677, 949.7633622273978, 1141.1488819573715]"
35,0.7000000000000028,"[-0.056109985266545995, -0.047904394529951586, 2.2660807185357936]","[0.22011460833472388, 0.0, 2.1858522116422945]","[-0.015488623011596285, -0.008152967108016773, 0.013845889680772189]","[-0.0770864062342303, 0.0, 0.09242431710859755]","[0.01646140480035234, -0.08891947881302911, -0.005977387975067294, -0.9958843728127804]","[[0.9841142589813209, -0.014833053619972347, 0.17691024637089295], [0.008978095478461845, 0.9993856507100802, 0.03385032403724487], [-0.1773038311833183, -0.03172429914361986, 0.9836437616193278]]","[0.008321463718899644, -0.32137282296945263, 0.004991549990067084]",[0.48274602661534805],"[0.021570631379132496, -0.08315860190631115, 0.0, -0.9963013468972938]",[0.454152214048],"[-4.186301086955978, -0.7671119995096098, -0.36415823678245474]","[926.4549795056497, 1157.4901865913548, 940.5461323967398, 1132.9191318837761]"
36,0.7199999999999989,"[-0.056194131125761694, -0.0479864398111089, 2.267706228174004]","[0.21855298400002698, 0.0, 2.1877244673441094]","[-0.013803355734625171, 0.0020775282904296564, 0.0030291368831717545]","[-0.07907284833481254, 0.0, 0.09479727065419877]","[0.016373007887077656, -0.08644036115288024, -0.0059843585918024364, -0.9961043049084763]","[[0.9849841130604734, -0.014752668140656768, 0.1720112678236095], [0.00909151328098497, 0.9993918343584135, 0.03365302751712447], [-0.17240319562530024, -0.03158386704534949, 0.9845195873814434]]","[0.029378240695382543, -0.2991948043370164, 0.0015856273260614947]",[0.48879340737502336],"[0.016254157084237858, -0.08290454895422014, 0.0, -0.9964228464229717]",[0.454152214048],"[-5.266405925089764, 0.6062549767828372, -1.9955049551218842]","[949.0926225503847, 1130.8527263271212, 910.9953295732212, 1156.1091998984566]"
37,0.740000000000002,"[-0.05616509075743568, -0.04808182929619, 2.2694708861109643]","[0.21695164436432687, 0.0, 2.1896441546476395]","[-0.018970827459685164, 0.009710709050843418, 0.014421050640370652]","[-0.0810589736534921, 0.0, 0.09716870451538505]","[0.01613757991569521, -0.08322987344159621, -0.005937807922852283, -0.9963815580623233]","[[0.9860741613362056, -0.014518902087366645, 0.1656657782543771], [0.009146387151218818, 0.999407742031343, 0.033146780043390306], [-0.1660490656538934, -0.031169968035632295, 0.985623833490992]]","[0.027445738352606507, -0.2643111753786101, -0.0022436258106348643]",[0.48533288977544814],"[0.012960533392521893, -0.08757554816451797, 0.0, -0.9960718567244702]",[0.454152214048],"[-4.048196596459007, -1.1277487721554307, 1.4338647397624058]","[937.7117976136769, 1116.3237288874923, 896.0302884399504, 1148.843582898454]"
38,0.759999999999998,"[-0.056175347183916244, -0.04805694088031936, 2.271205301358868]","[0.2153095898710069, 0.0, 2.191612442526778]","[-0.008680202144579739, 0.0015055834227130725, 0.035762848157360444]","[-0.08304474856948017, 0.0, 0.09953845750692536]","[0.015887611158628415, -0.08082319364283831, -0.005885996794612554, -0.9965841254685175]","[[0.9868653017352836, -0.014299956882530784, 0.16090719465153383], [0.009163606989747011, 0.9994252466198835, 0.03261813226203531], [-0.1612812523649488, -0.030715232027186925, 0.9864297592751605]]","[0.014851837222671268, -0.25226165308117465, -0.0013941497847756912]",[0.47640560534521137],"[0.01849500980120261, -0.08431745802651358, 0.0, -0.9962628475491825]",[0.45445955368240526],"[-4.639147825577233, -1.3026900638090897, -0.7151426400080503]","[916.9612037368751, 1149.060805805092, 922.8750109539632, 1131.655543315713]"
39,0.7800000000000011,"[-0.05624099543193929, -0.04803476057462963, 2.273148956669391]","[0.2136290905617809, 0.0, 2.1936265963353745]","[-0.023864961246640375, 0.006240171692982246, 0.02008676911479251]","[-0.08503016742470529, 0.0, 0.10190650259801917]","[0.015830994635782147, -0.0788897943188827, -0.005857956153823155, -0.996740205973244]","[[0.9874837432967672, -0.014175528668048224, 0.15707978513228435], [0.00917991302532747, 0.9994297018098022, 0.032483043620269915], [-0.15745073422207564, -0.030634511795853348, 0.9870511338150512]]","[0.0012234326081358542, -0.23537497977998492, -0.001276454583305949]",[0.485940032674433],"[0.016036386710443218, -0.09132426034094945, 0.0, -0.9956852291290106]",[0.454515367984],"[-5.994254766657013, 0.05207038386935403, -1.8519484401491084]","[905.0575531467513, 1155.8530319180893, 908.7029786211458, 1135.3833510989812]"
40,0.7999999999999972,"[-0.056328670885772154, -0.0479425699714741, 2.275204951400113]","[0.211908643811596, 0.0, 2.195688382157209]","[-0.028987993355086644, 0.012055786920079435, 0.03306712873712035]","[-0.08701519006646395, 0.0, 0.104272647317275]","[0.01589900031395925, -0.07663052944083906, -0.005775449914472975, -0.9969157548232974]","[[0.9881882065617903, -0.013951971645139477, 0.15260471644003906], [0.00907857639858442, 0.9994271262245903, 0.032585079367263285], [-0.15297201196005292, -0.030814776228442833, 0.9877493617832529]]","[-0.002114185736050113, -0.18362222816733859, -0.0034635118427420253]",[0.48149984986902905],"[0.013601964535786031, -0.0948317332873637, 0.0, -0.9953996951258817]",[0.454515367984],"[-4.601221240279438, -0.9600542201430814, -0.19180733021745766]","[917.5184053252406, 1120.471241906881, 892.8635942923651, 1130.2656515822148]"
41,0.8200000000000003,"[-0.056580239184140256, -0.04791663922118574, 2.2771593267719554]","[0.21014847143041668, 0.0, 2.197797505804058]","[-0.0327234806631627, 0.007620143759890264, 0.030773692486761137]","[-0.08899979005651562, 0.0, 0.10663676500849671]","[0.015898302854990325, -0.07543952348597498, -0.0057303124220193236, -0.9970071380830201]","[[0.9885520312379183, -0.013825045559630501, 0.15024528233351944], [0.009027603993165758, 0.9994287625781624, 0.03256602693674783], [-0.15060969130287535, -0.030836858782576224, 0.9881121921314883]]","[0.00020436238498538475, -0.14078116284854383, -0.0037011548575078203]",[0.4841009089831141],"[0.01659404111873363, -0.09581651737944738, 0.0, -0.9952596076327981]",[0.454515367984],"[-5.074123050020052, -0.3738913569107467, -1.8250237870594113]","[915.0347037474774, 1148.7084123745271, 911.9387242071721, 1129.567756379149]"
42,0.8400000000000034,"[-0.056747931643732395, -0.04782428482122063, 2.2790364679093638]","[0.20834857548750155, 0.0, 2.1999539332409337]","[-0.04251200291087425, 0.01841791666359537, 0.02944395181988745]","[-0.09098393764775518, 0.0, 0.10899871317740052]","[0.01572959423836256, -0.07420818972791625, -0.005706961399790507, -0.9971022731128556]","[[0.9889209383506141, -0.013715377795763971, 0.14780677294828531], [0.009046318941429784, 0.9994398089261959, 0.03221503488907946], [-0.14816584569689611, -0.030521021791777268, 0.9884912368976445]]","[0.008197970548798734, -0.12906546679939307, -0.004435432159224036]",[0.4865257444750425],"[0.011231600140947314, -0.09980393784913502, 0.0, -0.994938797560447]",[0.454515367984],"[-5.236389681771127, -0.8291490203274952, -1.3340000667448741]","[901.1394505314731, 1147.2128931017814, 874.6175796032226, 1152.8436608771426]"
43,0.8599999999999994,"[-0.05725410083576059, -0.04771016861107092, 2.2811569384313954]","[0.20651083692890623, 0.0, 2.202155393704448]","[-0.048234131726362414, 0.00941159020937199, 0.03331833415079238]","[-0.09296762578083291, 0.0, 0.11135845815065401]","[0.015631598322472937, -0.07321886166481739, -0.005696886794290752, -0.997177152802409]","[[0.9892131647145955, -0.013650666377083266, 0.14584624912059824], [0.009072555036390716, 0.9994464743893485, 0.032009184550131554], [-0.14620245490482603, -0.030340706285686355, 0.9887893800206592]]","[0.018768915862716687, -0.07204868008426062, -0.0042684936894935134]",[0.4865868805000336],"[0.01680505668407508, -0.10181085422536489, 0.0, -0.9946602505798618]",[0.454515367984],"[-4.330239270449345, -0.7672182655488197, -0.6487104785671605]","[930.1276965479188, 1125.4822458026163, 872.3049711752674, 1168.6099423505348]"
44,0.8800000000000026,"[-0.05782395234731022, -0.0474779404538283, 2.282976652034064]","[0.20463044158281643, 0.0, 2.204407577310387]","[-0.050262720624644625, 0.020461709635251506, 0.0377035960141584]","[-0.09495076098135531, 0.0, 0.11371555193875667]","[0.015478579672385313, -0.07312718735435572, -0.0056357582535986415, -0.9971866397368592]","[[0.9892414335969109, -0.013503615661914284, 0.1456684413963102], [0.008975995679186912, 0.9994574318002802, 0.031694320002199856], [-0.14601737552888072, -0.0300458114034208, 0.9888257842817482]]","[0.008230425122566231, 0.00905010131041499, -0.0052633168832075024]",[0.485883397154926],"[0.011307015408402236, -0.10183521910494925, 0.0, -0.9947348692353543]",[0.454515367984],"[-5.499281584440707, -0.5870876885595168, -2.718905230030696]","[912.585946616866, 1153.012148135608, 921.9126799586702, 1125.635069996112]"
