,t,p,p_d,v,v_d,q,R,w,T_sp,q_sp,hover_throttle,fa,pwm
0,0.0,"[-0.7923297105221679, -0.08984709742362607, 2.202890965435695]","[0.24969346168154793, 0.0, 2.1503678459720037]","[-0.036526938259700686, 0.0076431615355633245, -0.024589432349182316]","[-0.00776906387132167, 0.0, 0.009322875723650275]","[0.010473974970800002, -0.1449455649801344, 0.0002233172268332843, -0.9893841645563224]","[[0.9579814625485068, -0.0025944193836578183, 0.2868183714661176], [-0.003478205495263753, 0.9997804878599497, 0.02066083226891129], [-0.28680901538994, -0.020790307635363877, 0.9577621539862965]]","[0.04339502733196243, 0.03952235368086719, -0.0078091144722351805]",[0.5403533676528092],"[0.014150822647867866, -0.18669592036490346, 0.0, -0.9822932866722519]",[0.497016372926],"[-8.088064213098898, -0.5826200645127115, -1.070538599996624]","[1023.8363614167498, 1200.57373383834, 954.0654322417698, 1233.0153882528912]"
1,0.020000000000003126,"[-0.7934684098311751, -0.08968860024774658, 2.2030914548173075]","[0.24951871369691112, 0.0, 2.1505775435216212]","[-0.05386865989324939, 0.0030024842789900664, -0.042665243824617616]","[-0.009758500159361222, 0.0, 0.011710197467148076]","[0.010090026713692567, -0.14533384166665902, 0.00022310359725093563, -0.9893312233209717]","[[0.9577561027680487, -0.0024913979800491558, 0.28757111697453674], [-0.003374291399231466, 0.9997963365570617, 0.019899907938241243], [-0.287562112489512, -0.02002960594975376, 0.9575525850403128]]","[0.03841589094457859, 0.04351869470132747, -0.0074812729735481125]",[0.5545338008569636],"[0.016493916265040386, -0.20102674693112044, 0.0, -0.979439339799144]",[0.4970176436054754],"[-8.32208102069862, -0.575887620108772, -1.77317559971301]","[1008.4435911299423, 1243.7842980674955, 939.234215766228, 1271.4878029040515]"
2,0.03999999999999915,"[-0.79455197062712, -0.08945122382110539, 2.203235948790443]","[0.24930476113003297, 0.0, 2.1508342865168504]","[-0.04996956067179707, 0.004549801950836209, -0.048160976395467035]","[-0.011747935858378826, 0.0, 0.014097516383354169]","[0.009762569734554588, -0.14590539557208695, 0.00026889080747466356, -0.9892503884081514]","[[0.9574231819741869, -0.0023168225263731574, 0.28867918861158187], [-0.0033808238693079267, 0.9998093353526372, 0.019236786564279], [-0.2886686883505461, -0.019393717042800154, 0.9572327110430755]]","[0.029907436344962776, 0.058259831352059914, -0.009256933687042727]",[0.5609808494981751],"[0.016246261197010125, -0.20678112764438789, 0.0, -0.9782519759457933]",[0.497020094794],"[-8.317686642673536, -0.9845217166179492, -2.485688322578529]","[1006.0, 1259.878709273184, 941.0503216374295, 1300.1075257588445]"
3,0.060000000000002274,"[-0.7956702561967519, -0.08937913649878164, 2.203246792252539]","[0.2490430537191327, 0.0, 2.151148335167255]","[-0.05432155206959865, -0.002623849848753717, -0.049131425837282146]","[-0.013737370205002894, 0.0, 0.016484828808110093]","[0.009591240460503607, -0.14747605054948484, 0.00028988084455016446, -0.989018506163267]","[[0.9565003279104132, -0.0022555614862862887, 0.29171864705238987], [-0.0034023515656556877, 0.9998147150946192, 0.018886327660831512], [-0.29170752578485, -0.01905732958916834, 0.9563165121850788]]","[0.010152916541311934, 0.1488463391750669, -0.004894445122094465]",[0.5634228700654497],"[0.018938454657293893, -0.20896488998284704, 0.0, -0.9777369645366712]",[0.497020094794],"[-8.94323147958563, -0.8912541231592964, -1.648280278586686]","[1016.7266581474221, 1293.970808812925, 970.9962741917392, 1298.9651677502864]"
4,0.0799999999999983,"[-0.7966399268090594, -0.08930387346279701, 2.2032055386392484]","[0.24874877021330924, 0.0, 2.151501474929423]","[-0.05227219251814903, 0.0008795275343899487, -0.040024100875074034]","[-0.015726802982399875, 0.0, 0.01887213370044128]","[0.00969954728096742, -0.149383751152817, 0.00030936076101541595, -0.9887307972985884]","[[0.9553670699315908, -0.002286160490846699, 0.295406632080214], [-0.0035096585384133804, 0.9998099177136528, 0.0190880552912126], [-0.2953946294429006, -0.01927290917497249, 0.9551790989048402]]","[-0.008350984055311369, 0.22735977470788837, -0.0022099035558379846]",[0.5626865039107347],"[0.017593130959962257, -0.2118936506756614, 0.0, -0.9771258464127524]",[0.497020094794],"[-7.57535106817012, 0.17526261235984109, -0.29682122765189334]","[1040.536086719712, 1307.4989883537355, 997.8990156556192, 1294.6251264054324]"
5,0.10000000000000142,"[-0.7974760740864597, -0.08921433040658511, 2.2031312852640323]","[0.24842026603166567, 0.0, 2.1518956792262514]","[-0.039081741166206135, 0.004134111404768015, -0.025916194442418057]","[-0.017716233767659257, 0.0, 0.0212594290304151]","[0.010118912369582275, -0.15209148796299057, 0.00034355990829391237, -0.9883130973146176]","[[0.953733231966949, -0.002398911363555593, 0.30063497199299566], [-0.003757090391871923, 0.9997920886134555, 0.019896802175560408], [-0.3006210661825727, -0.02010581232618781, 0.9535286832586836]]","[-0.02922506051378726, 0.30912922243790175, -0.0004594508501345677]",[0.5622645597415371],"[0.01683593840167108, -0.21588034426780162, 0.0, -0.976256883822598]",[0.497020094794],"[-6.969781682656535, -1.3212167524058287, -1.1635962186227182]","[1074.5302864273488, 1292.4209879681391, 1016.1929384848644, 1291.3553362895962]"
6,0.11999999999999744,"[-0.7984084402477223, -0.08916673939575896, 2.203172609676997]","[0.24804331624257606, 0.0, 2.1523480175509855]","[-0.02782035718653091, -0.008173890153943974, -0.02709157637394648]","[-0.019705660242250754, 0.0, 0.02364670366927733]","[0.010786932476341542, -0.15710403774199397, 0.0003414185273646088, -0.9875201530541444]","[[0.9506306153588813, -0.002715025940969766, 0.31029417250999763], [-0.004063656646564242, 0.9997612568840587, 0.02119734996162523], [-0.3102794410755942, -0.021411902878460853, 0.9503981326676046]]","[-0.05927115330005785, 0.4478323049483434, 0.004051406695037091]",[0.5684165430662995],"[0.022144630062380537, -0.21916707384761988, 0.0, -0.9754292424877432]",[0.497020094794],"[-8.625848535150816, -1.6358457744719161, -2.5947345439298104]","[1095.8485242747468, 1270.2516349366977, 1020.3314047369425, 1284.9375432068066]"
7,0.14000000000000057,"[-0.7989449812077938, -0.08916475334102791, 2.2034588511081608]","[0.24762915623431955, 0.0, 2.1528450072741117]","[-0.02677968299500108, -0.00811672627525275, -0.0253401633078673]","[-0.021695081973406524, 0.0, 0.026033955539923957]","[0.011288577724959701, -0.16211824417885928, 0.00034429058540575905, -0.9867032239055914]","[[0.9474282404210966, -0.002980743538933686, 0.3199329614724553], [-0.004339594061254509, 0.9997380266382642, 0.02216532049866658], [-0.31991741526832196, -0.02238858363943975, 0.9471736135190061]]","[-0.05469476575920164, 0.5162089262979291, 0.0006899758977213025]",[0.5708048006935171],"[0.022028139292428472, -0.2219810889492881, 0.0, -0.9747923988142891]",[0.497020094794],"[-8.230252449532935, -0.4725333125973199, -0.6940640090403747]","[1091.0563704507401, 1277.4230062785937, 1038.4451732870261, 1268.8882540122552]"
8,0.1599999999999966,"[-0.7991906709037713, -0.08914583738144098, 2.203963671993151]","[0.24717480973865028, 0.0, 2.1533902194497534]","[-0.006374351934416735, -0.0057150420257104356, -0.004536653279873629]","[-0.023684496995438547, 0.0, 0.02842117520680738]","[0.011882280788422652, -0.16744798935218477, 0.00037181085156674944, -0.9858048525932072]","[[0.9439134286116511, -0.003246262170436303, 0.33015091684259584], [-0.00471239393732156, 0.99970870969436, 0.02330270216317583], [-0.33013324499884183, -0.02355173808123253, 0.9436313279047999]]","[-0.059024098169866854, 0.5539105825731044, -0.0005143657051329326]",[0.5645356382080958],"[0.02147075631566016, -0.2221806843687384, 0.0, -0.9747567719060631]",[0.497020094794],"[-6.625200137961416, 0.4753957338668938, 0.9327188625440321]","[1104.724943128156, 1280.9774255146285, 1060.9685932916218, 1265.310792589844]"
9,0.17999999999999972,"[-0.79921323169501, -0.08913855308812192, 2.2045645584916227]","[0.2466796493384382, 0.0, 2.1539844063644353]","[0.014485847598352815, 0.006764217073465897, 0.010842312180129137]","[-0.025673903053264183, 0.0, 0.030808351845539168]","[0.012527877434218706, -0.17195049307518465, 0.0003868667803864346, -0.9850238130190743]","[[0.9408617381929381, -0.0035462034217054544, 0.33876035391807274], [-0.005070495386292089, 0.9996817869045227, 0.02454747133129574], [-0.3387409674396405, -0.024813559065863165, 0.9405481420987359]]","[-0.07856197393728764, 0.5757159680335375, 0.0032092204105426906]",[0.557694824791889],"[0.02021113617397768, -0.2216985137588328, 0.0, -0.974892896073671]",[0.497020094794],"[-8.306721317759774, 0.15392343057262703, -0.8433084097229866]","[1130.4249294663412, 1265.9007672629448, 1072.5656908378671, 1270.5810298763586]"
10,0.20000000000000284,"[-0.7989192644617245, -0.08915109626926712, 2.2053883965208483]","[0.24615121348368743, 0.0, 2.1546185217762477]","[0.02078636105024926, 0.0054046165496313674, 0.008623021054461916]","[-0.027663300281152096, 0.0, 0.03319548610103268]","[0.013328761283157436, -0.176685288781153, 0.00042543657543181137, -0.9841711118604025]","[[0.9375525610299252, -0.0038725872978818306, 0.3477884553033574], [-0.005547396847757062, 0.9996326318185973, 0.026085226855157413], [-0.3477657731331372, -0.026385900391910348, 0.9371976112677979]]","[-0.09732213407082782, 0.5836742685516503, 0.006495903202291726]",[0.5605972720325656],"[0.02424664364967482, -0.2252459399240784, 0.0, -0.9739970992925753]",[0.497020094794],"[-7.784809649681431, -1.133955974069258, -0.2590088118714071]","[1125.3164495734993, 1257.6812385062967, 1085.1524957907927, 1251.6950084184145]"
11,0.21999999999999886,"[-0.7982266919283254, -0.08909881558997704, 2.206534491233808]","[0.24557893906750178, 0.0, 2.155305239824286]","[0.04957681539959147, 0.002018717969677901, 0.02612851948077694]","[-0.029652682922046727, 0.0, 0.03558255033953216]","[0.014670963899864681, -0.18421085100592127, 0.00043323665507999506, -0.9827763960676866]","[[0.9321308565272165, -0.0045535519730945705, 0.36208886453497535], [-0.006256651007190319, 0.9995676574203657, 0.0286769402708578], [-0.36206344053766826, -0.02899616784253478, 0.9317007575517129]]","[-0.1150149769089288, 0.5967115887133666, 0.011846511336101019]",[0.5621002720357566],"[0.019942497398229786, -0.22705043137371178, 0.0, -0.9736783850680643]",[0.49743901818609887],"[-8.195135080722636, -2.089246475488326, -1.7969212988478809]","[1104.9087032856762, 1251.9307850514165, 1116.229726611491, 1189.540546777018]"
12,0.240000000000002,"[-0.7971969981297805, -0.08902439408045666, 2.207688658719287]","[0.24496432045664898, 0.0, 2.156042766102523]","[0.05741710950662445, -0.010019154629653134, 0.006872485526400154]","[-0.031642047693585106, 0.0, 0.03796952880599568]","[0.015782967597789983, -0.1896602406343173, 0.0005008470043280714, -0.98172029008333]","[[0.9280525723023014, -0.00500341953228832, 0.37240242260967377], [-0.006970186197793604, 0.99949638192485, 0.03079893753023268], [-0.3723708032015108, -0.031178900583680034, 0.9275548698653592]]","[-0.103310584608524, 0.5918441885019494, 0.0058530689770359395]",[0.5684033152234913],"[0.02454317131058422, -0.22223896022627393, 0.0, -0.9746781442887935]",[0.497553169996],"[-8.70670914218278, -1.2397647199086022, -0.9890748500254745]","[1114.5990962087603, 1248.6663976864133, 1091.118752899827, 1203.702838705526]"
13,0.259999999999998,"[-0.7955495589250181, -0.08893144877973636, 2.209132036529427]","[0.2443138085745076, 0.0, 2.1568233590107613]","[0.08809970261369154, -0.00327520111677374, 0.03560925481541945]","[-0.03363139407891269, 0.0, 0.040356419019960274]","[0.01711521234685217, -0.19583051810459973, 0.0005113786064705601, -0.9804874720931211]","[[0.9232987600960417, -0.00570056116842696, 0.38403624401700914], [-0.00770616243699025, 0.999412082750918, 0.03336221550169864], [-0.3840012346032516, -0.0337627896515096, 0.9227134221248444]]","[-0.11245115246162204, 0.5470917781993359, 0.009618539738704208]",[0.5568158611647199],"[0.02277759687690326, -0.22316720643744037, 0.0, -0.9745137235597213]",[0.497553169996],"[-6.807836569519099, -0.7885746994698617, 1.4747689674381022]","[1124.0610013301025, 1238.4069446390347, 1068.277768901204, 1225.619965711378]"
14,0.28000000000000114,"[-0.7935116247753842, -0.08879864938711839, 2.210524156467817]","[0.24362183867331333, 0.0, 2.1576536939191486]","[0.11765518503244886, -0.007250025166816267, 0.03384171276421002]","[-0.03562071534882878, 0.0, 0.04274318868219139]","[0.017894271357752012, -0.20129205629774757, 0.0005812673242147291, -0.9793675821480026]","[[0.9189622361095717, -0.006065400607307943, 0.3942986316743111], [-0.008342498102899217, 0.9993588100718731, 0.03481612955798394], [-0.39425702625338754, -0.03528414753778343, 0.9183225019581264]]","[-0.0805073594850123, 0.5161332869387659, 0.0003429162305660394]",[0.5563142819523207],"[0.02493421001514617, -0.21721835856233088, 0.0, -0.9758041866239673]",[0.497553169996],"[-8.219913592990766, -0.25207954813554867, -1.2943327117905667]","[1152.9954688183268, 1223.868468337352, 1101.5257562185632, 1225.9751137731464]"
15,0.29999999999999716,"[-0.7909747169619064, -0.08861726014223015, 2.211866920477839]","[0.24287966468400599, 0.0, 2.158544261518542]","[0.13756971951132843, 0.007848192315343333, 0.031223654983513316]","[-0.03760999912303833, 0.0, 0.045129778369631036]","[0.019132488640310894, -0.20607945776426448, 0.00053802279575984, -0.9783415175990375]","[[0.9150491447986174, -0.00683288569233932, 0.4032527663402108], [-0.008938365846365556, 0.9992545263803008, 0.03721446505158621], [-0.40321159148009833, -0.03765796683564622, 0.9143176194925318]]","[-0.10307923854815201, 0.48541885206251334, 0.012041310185614551]",[0.5531122818888285],"[0.01903883126987755, -0.21055791814058974, 0.0, -0.9773749339565536]",[0.497553169996],"[-8.833793762291847, 0.30649204971403576, -1.0128230917855987]","[1147.0783574554066, 1214.1848244639887, 1106.0761431140586, 1196.9158825229042]"
16,0.3200000000000003,"[-0.7880450233331552, -0.08836374013812624, 2.213195325821829]","[0.2421132889198056, 0.0, 2.1594638636921966]","[0.1613381935889861, 0.010197750806607037, 0.0262335938645245]","[-0.03959926110388792, 0.0, 0.04751626345225941]","[0.020331561158114714, -0.21061176574758975, 0.0005308663798605872, -0.9773559798993857]","[[0.9112804861337838, -0.007526441130062735, 0.41170692406568876], [-0.009601822853599869, 0.9991683731181666, 0.03951873234587005], [-0.4116637506966131, -0.03996595916842393, 0.910454305013758]]","[-0.11016757637500432, 0.4309379969999624, 0.015249325939763135]",[0.5548490650534564],"[0.019343556606755446, -0.21024010550370537, 0.0, -0.9774493640533217]",[0.497553169996],"[-8.781493023437216, -1.1128850196091642, -0.4763648589028264]","[1135.122078212908, 1218.4504824702328, 1116.6320039450266, 1170.6571459304503]"
17,0.3400000000000034,"[-0.7847554062799166, -0.08803971779177061, 2.2143872292758906]","[0.24129970258998212, 0.0, 2.160440101901895]","[0.18398619780154649, 0.011084703337397717, 0.028033306135995438]","[-0.04158847655820739, 0.0, 0.049902525215451195]","[0.02153911534045226, -0.21422127268103758, 0.0004802988103556473, -0.9765457749125364]","[[0.9082145996331448, -0.008290205853414036, 0.41841444788905546], [-0.010166340949207337, 0.999068239992013, 0.041862083717301754], [-0.4183730670431589, -0.042273644606988056, 0.9072871940277406]]","[-0.11428354287333678, 0.36354995951786473, 0.021291958069194143]",[0.5544125894345582],"[0.020338145388651058, -0.21176043996822808, 0.0, -0.9771076707037875]",[0.497553169996],"[-9.203349216408327, -0.8897156495446821, -0.999991283647212]","[1133.0359935829765, 1221.1247737517356, 1123.8569659465759, 1162.216443926515]"
18,0.35999999999999943,"[-0.7816339424260162, -0.08774923407576485, 2.2153589644085048]","[0.24045233933338483, 0.0, 2.1614568578722366]","[0.20515135857215427, 0.015903081530468946, 0.01554177876558627]","[-0.04357765328105799, 0.0, 0.0522886010753794]","[0.022345408937086007, -0.21678099651203012, 0.0004450154986188884, -0.9759642113859889]","[[0.9060112607192979, -0.008819481633372404, 0.42316087671526453], [-0.01055675843402891, 0.9990006270156644, 0.04342369701625334], [-0.4231211005020646, -0.04380958062926894, 0.9050130221957547]]","[-0.1004065988665501, 0.29989148817903555, 0.023160040870252127]",[0.5602383490648972],"[0.019648130005888623, -0.21273059351109425, 0.0, -0.9769122134089496]",[0.497553169996],"[-9.691325615827095, -0.27011198403767456, -1.8802039351446993]","[1130.9161920050972, 1221.2148993700243, 1116.5739428127977, 1169.010946247983]"
19,0.38000000000000256,"[-0.7773342346010225, -0.08733713987586622, 2.216422453123207]","[0.23956074624484602, 0.0, 2.1625266667502596]","[0.22578536768693708, 0.024428366569951097, 0.010631592231425076]","[-0.04556677178841276, 0.0, 0.05467439751579775]","[0.02313366899669055, -0.21905662858238342, 0.0003465937823783325, -0.975437486697079]","[[0.9040275304420322, -0.00945900593833577, 0.4273681304291469], [-0.010811328210287591, 0.998928810211296, 0.0449790485575171], [-0.4273360584857955, -0.04528274321933876, 0.9029574374140353]]","[-0.05381346915145068, 0.21723353932348777, 0.013034497299894181]",[0.558967097715375],"[0.017012371390826477, -0.20867875840338426, 0.0, -0.977833778631696]",[0.497553169996],"[-9.094554525324762, -0.6279830154395175, -0.22717951353332566]","[1122.7318030643194, 1219.0985537417973, 1088.2518404898076, 1191.8576636677449]"
20,0.3999999999999986,"[-0.7731253947499171, -0.0869186909541366, 2.2172822614952215]","[0.23862688540632218, 0.0, 2.163647170037515]","[0.2536188323697745, 0.026348299115026282, 0.012878092376483583]","[-0.04755582534683764, 0.0, 0.05705988222113123]","[0.02342909575328222, -0.22029924557432265, 0.00030779639183824874, -0.9751507578777617]","[[0.9029360707781551, -0.00972252846832706, 0.42966437534567353], [-0.010923120007419495, 0.9989017409237535, 0.045558186334582675], [-0.429635529781126, -0.04582941558623254, 0.9018384151997598]]","[-0.0320813331591758, 0.1391758688525916, 0.010284609867800564]",[0.5543963156267139],"[0.017119328193877247, -0.20176552843115494, 0.0, -0.9792782164164917]",[0.497553169996],"[-9.748293640266295, -0.7029653171342742, -1.2993490795458875]","[1124.3043735355568, 1238.167234152413, 1095.179855457235, 1209.957693938041]"
21,0.4200000000000017,"[-0.7679589845865664, -0.0863455197450249, 2.218079566636757]","[0.2376575647450852, 0.0, 2.164810198390547]","[0.26686073305709984, 0.03267949582012162, -0.006584428077912768]","[-0.049544817038288724, 0.0, 0.059445069987784586]","[0.023449339529908887, -0.22110142365884194, 0.00022490709721858414, -0.9749688077784242]","[[0.9022281575381017, -0.00993080989897261, 0.43114453069131753], [-0.010807919516717047, 0.9989000935772572, 0.04562529465056147], [-0.4311234349997761, -0.0458242037681055, 0.9011285156557286]]","[-0.009064206056506204, 0.06399650283751676, 0.009063604015846894]",[0.5632882696408328],"[0.015655165580776224, -0.2024361579059738, 0.0, -0.9791691485435218]",[0.49780884637113887],"[-10.363687922689358, -1.398191503744764, -2.809780295266318]","[1128.5321518509172, 1224.4146160772752, 1107.4318239686481, 1192.916079413994]"
22,0.4399999999999977,"[-0.7630241293636983, -0.08573213545018364, 2.2186548198894505]","[0.2366466131581115, 0.0, 2.1660231472506126]","[0.2914494583889976, 0.02620496990418839, -0.01570667106824828]","[-0.05153372721936954, 0.0, 0.061829866539198024]","[0.023531917845934672, -0.2213956885547179, 7.139303533304552e-05, -0.9749001379392831]","[[0.9019679741039579, -0.01028052814903934, 0.4316807346523985], [-0.010558932469015701, 0.9988925736101776, 0.04585092768752404], [-0.4316740145922296, -0.045914152128386315, 0.9008604819828733]]","[0.01447021106962201, 0.02503401534530789, 0.008189755517668023]",[0.5663975610140612],"[0.01970231078350519, -0.20210496161046201, 0.0, -0.9791537270155279]",[0.49787430053000004],"[-9.029411008944635, -1.8228496380356103, -0.6004329616190986]","[1127.149755096984, 1213.9551420347054, 1124.9568542628906, 1171.33079451448]"
23,0.46000000000000085,"[-0.7553425243879793, -0.08487944094626393, 2.219370839058383]","[0.23559852537218867, 0.0, 2.167280622086029]","[0.3205520891637571, 0.02864801600645263, -0.009282828404874453]","[-0.05352255673199344, 0.0, 0.06421427592126848]","[0.023100421921327264, -0.22140854078063826, -7.092162409496759e-07, -0.9749075644713721]","[[0.9019566468253313, -0.010230644258592572, 0.4317056897248362], [-0.01022787857747998, 0.9989328717006677, 0.045041866200230526], [-0.43170575525761384, -0.045041238094098504, 0.9008893878404506]]","[0.03865281798172286, -0.02110429550109119, -0.0009798717321660398]",[0.5569679189209435],"[0.018738877964458476, -0.18990595823646947, 0.0, -0.981621410688385]",[0.49787430053000004],"[-8.795560734942551, -0.5056913812265809, -0.0009243609834328481]","[1119.9190945682603, 1260.5922183128062, 1110.7241264641343, 1221.2146504354123]"
24,0.4799999999999969,"[-0.7496676704213673, -0.08422859794163877, 2.219703107972738]","[0.2345051939996775, 0.0, 2.1685923349202336]","[0.34653246230563794, 0.03675040613864163, -0.012707580880813791]","[-0.055511274273926214, 0.0, 0.06659814790870064]","[0.022367999239655326, -0.219985749787723, -0.00010435671598609725, -0.9752463760347582]","[[0.9032120803589233, -0.010044829186134249, 0.4290759420176442], [-0.00963773514981293, 0.9989988857982862, 0.04367453437606734], [-0.4290852790214196, -0.04358270641442099, 0.9022114473596012]]","[0.0640511544379444, -0.12082005389592738, -0.0036488754965060665]",[0.5574117367573806],"[0.016308526671553657, -0.18573565670082848, 0.0, -0.9824623738612528]",[0.49787430053000004],"[-9.347260868561008, -0.07454691372069555, 0.42853976596983046]","[1124.415433406907, 1253.6237397664688, 1084.5451852736662, 1253.2162152819294]"
25,0.5,"[-0.7430569906393625, -0.08347646868151819, 2.2200178309165994]","[0.23337534835549278, 0.0, 2.169947813554298]","[0.3688643178624699, 0.04431194775096252, -0.0009135813218011501]","[-0.05749989009309409, 0.0, 0.06898153169564256]","[0.021470631837995646, -0.21857762508546408, -0.00011735035111767407, -0.9755831150780417]","[[0.9044472104977919, -0.009614969474664645, 0.4264762415621049], [-0.009157029390269116, 0.9990775908107498, 0.04194407210451164], [-0.42648631990684455, -0.04184147146031065, 0.9035252619769562]]","[0.08187470244552367, -0.1440056441472882, -0.009554956692753039]",[0.5530008299055342],"[0.014409394803999992, -0.18588608690158276, 0.0, -0.9824652828353475]",[0.49787430053000004],"[-8.957643557514047, -0.843542071716663, 0.27639298045114913]","[1116.8417558914762, 1233.3393016040625, 1103.1305221466812, 1209.613342134784]"
26,0.5200000000000031,"[-0.7355171871714623, -0.08262125321205284, 2.2203189500202702]","[0.23220618586938832, 0.0, 2.1713504098999645]","[0.39539134556566646, 0.04315941216867283, -0.011433337336620525]","[-0.05948838581397735, 0.0, 0.07136433910320139]","[0.02127682787372674, -0.2178527480006211, -0.00021310572563498802, -0.9757497030020086]","[[0.9050803210874038, -0.009686306539047899, 0.42513043989186844], [-0.008854555145062431, 0.9990945539015116, 0.04161456829311594], [-0.42514857674724144, -0.04142886562133895, 0.904175005106768]]","[0.06399211468709137, -0.13162559105434077, -0.0033866570956954138]",[0.5551838245706044],"[0.015688364366827263, -0.1803697336497773, 0.0, -0.9834701030674368]",[0.49787430053000004],"[-9.674666345782734, -1.1847691513917833, -2.8975667342722176]","[1148.0104796361259, 1193.077354036288, 1095.727812078408, 1206.5134668432202]"
27,0.5399999999999991,"[-0.7277374003126053, -0.08179006315206216, 2.220494966767487]","[0.23099636107054097, 0.0, 2.172801726881286]","[0.40924947893250957, 0.04680224911011506, -0.03257565372304415]","[-0.06147674384963765, 0.0, 0.07374648574214268]","[0.020517243605486256, -0.2158549669712707, -0.000327386505459858, -0.9762093837355377]","[[0.9068122442303929, -0.0094966934390841, 0.42142585442918673], [-0.008218302324130903, 0.9991570631923958, 0.04019958747877303], [-0.42145272270392936, -0.039916915465481526, 0.905970544023907]]","[0.06942670320453861, -0.2116838307253786, 9.387066487901927e-05]",[0.5618886787007183],"[0.014507295479166425, -0.1762869698479522, 0.0, -0.9842308108364428]",[0.49787430053000004],"[-10.05615781684714, -0.2435915121706892, -1.242788747372419]","[1099.2148759690522, 1234.5420188136397, 1085.0763301977267, 1203.2777416601396]"
28,0.5600000000000023,"[-0.7196469841552148, -0.08089626407773767, 2.220644022130361]","[0.22974678940581633, 0.0, 2.1743006571534185]","[0.4316560450966481, 0.05496080270939235, -0.022418755357301867]","[-0.06346495293965096, 0.0, 0.07612791759187268]","[0.01999359077862522, -0.21376808682513562, -0.00040445699345688466, -0.9766794334284902]","[[0.9086055008240814, -0.009338032953454095, 0.41754961475570207], [-0.007757933644591453, 0.9991996033693926, 0.03922757782312618], [-0.41758196094616096, -0.038881737832348884, 0.9078063406505542]]","[0.05580466797851978, -0.274519982084486, 0.006073964830416237]",[0.5559135384250026],"[0.011920271838683908, -0.1726923169649739, 0.0, -0.9849021618587056]",[0.49787430053000004],"[-9.065864202519101, -0.5561546695666653, 0.32432868214315747]","[1115.5485594371469, 1224.1702434331282, 1079.6690218351478, 1222.9359677368345]"
29,0.5799999999999983,"[-0.7110689023244466, -0.0800191431497096, 2.2207464738759217]","[0.22845765410995536, 0.0, 2.1758469700678766]","[0.4520168568811963, 0.054019210617658284, -0.028857584146331668]","[-0.0654529989926426, 0.0, 0.07850856705000832]","[0.01939854997960961, -0.21047285502189841, -0.0005568094991008537, -0.9774061474369025]","[[0.911399948050872, -0.009254194449731721, 0.41141332214020404], [-0.007077278340241973, 0.9992449859703874, 0.038154910572823005], [-0.41145652732779375, -0.037686137432906726, 0.9106479606418858]]","[0.045583975833834174, -0.2878784882547646, 0.011831963181413961]",[0.5580365554248805],"[0.012907704352704915, -0.1677578728296902, 0.0, -0.9857415149594646]",[0.49787430053000004],"[-10.008700931469095, -1.7419714990126742, -2.318855825243258]","[1136.9064224312226, 1220.8040931704318, 1103.967819987697, 1217.9386024435255]"
30,0.6000000000000014,"[-0.7022853753743445, -0.07909417789203715, 2.220798483158124]","[0.22712835135099463, 0.0, 2.177441376259223]","[0.46277266975797754, 0.0482542410919296, -0.04322620277702935]","[-0.06744086342029154, 0.0, 0.08088834494088455]","[0.01903183714932932, -0.20798394591355399, -0.0006203016491205947, -0.9779464390682545]","[[0.9134837419796498, -0.009129876754414656, 0.4067707076191101], [-0.0067033895987920495, 0.9992739638446368, 0.03748226030750863], [-0.40681792953898815, -0.03696620916894548, 0.9127600898773643]]","[0.03964761583800809, -0.31439995221516, 0.009570986893274881]",[0.5631736621908948],"[0.015366984817651384, -0.16468280599871565, 0.0, -0.986225743494706]",[0.49787430053000004],"[-10.225822508775563, -1.3008051234583018, -1.620325860183236]","[1110.147751763055, 1232.248918056488, 1093.6722603781666, 1207.491052793673]"
31,0.6199999999999974,"[-0.6924775586730063, -0.07812566196414923, 2.220859590150219]","[0.2257607775722884, 0.0, 2.1790815923112477]","[0.48100860004869855, 0.05058417069525359, -0.037259396292465455]","[-0.06942853885347922, 0.0, 0.08326721593218385]","[0.0185557745603397, -0.20441482323721724, -0.0007662772377248265, -0.978707346739189]","[[0.9164263801908895, -0.009086073077963584, 0.40009614083396655], [-0.006086228429162385, 0.9993085865700267, 0.036634622625481665], [-0.4001530163046623, -0.036008068921080764, 0.9157389210134314]]","[0.03152395754486357, -0.3775871007326186, 0.016873046230300642]",[0.5608586967406778],"[0.01480041823243787, -0.16197700253279132, 0.0, -0.9866830481112809]",[0.4980829747933264],"[-8.373488354593364, -1.2724587611385232, 1.3171509482806414]","[1106.559517718759, 1241.6574563476522, 1098.0958686253337, 1212.4599942565653]"
32,0.6400000000000006,"[-0.6829484996791884, -0.07714905175963407, 2.2209587335166843]","[0.22435159300425758, 0.0, 2.1807716004940647]","[0.5084943459706396, 0.04573404401431458, -0.019011348079735438]","[-0.07141599017473353, 0.0, 0.08564501155146297]","[0.018215709566410918, -0.20065438553478274, -0.0009231637291626576, -0.9794912504744643]","[[0.9194718871654255, -0.009118585611196895, 0.3930447978365539], [-0.0055016624293160905, 0.9993326278840923, 0.036054729984613246], [-0.39311206216604455, -0.035313782581320716, 0.9188099674779515]]","[0.043062427690211534, -0.400008583392236, 0.013895326169324956]",[0.5521602963004422],"[0.01706199139706682, -0.1543329611429328, 0.0, -0.9878659532612077]",[0.49811573609],"[-8.941662308200144, -1.0257678970193937, -0.05160318759331162]","[1126.0415749176336, 1234.048942570291, 1082.6252838742353, 1245.7198342768365]"
33,0.6599999999999966,"[-0.6730728737350221, -0.07615998871169245, 2.221132503217351]","[0.22290328460738226, 0.0, 2.182508408274821]","[0.5171555619010935, 0.05223733091291802, -0.028047029338364827]","[-0.07340321124510954, 0.0, 0.08802170238790709]","[0.017436593979132536, -0.19469197527103382, -0.001126513503458442, -0.9807055876847102]","[[0.9241812502579955, -0.008999086022480604, 0.38183173093420897], [-0.004579973672704711, 0.9993831111086829, 0.03463897656936534], [-0.3819103011684962, -0.03376168401273407, 0.9235757187041562]]","[0.05876880756598549, -0.44516053603326483, 0.010994883575493579]",[0.5578054729307254],"[0.0143626761565172, -0.15159890645900986, 0.0, -0.9883364946250746]",[0.49811573609],"[-9.179239034055978, 0.13855362833781437, -0.2215921280445663]","[1097.6328647895905, 1255.1458462074067, 1063.0016797945952, 1259.5917838026023]"
34,0.6799999999999997,"[-0.662809347359229, -0.07511644297412377, 2.2214185932613453]","[0.22141540993056377, 0.0, 2.1842925278775644]","[0.537809929138159, 0.0604927195937346, -0.008397233657698691]","[-0.07539017996720351, 0.0, 0.09039718246676634]","[0.017015892934132457, -0.19076668286892126, -0.0012879612154894395, -0.9814862135387373]","[[0.9272111418420496, -0.009020363255345288, 0.3744259068564331], [-0.00396389854904337, 0.999415915202981, 0.03389312882928993], [-0.3745135700970174, -0.032910328474318955, 0.9266353783055431]]","[0.06732589765543488, -0.4671060985015815, 0.007346311413946582]",[0.549094791976052],"[0.01146140187214902, -0.14680091626252081, 0.0, -0.9890969206063027]",[0.49811573609],"[-8.966833550190692, -0.07098775688480552, 0.6728288686225028]","[1105.8618141174468, 1214.8956258935823, 1062.7956605561103, 1231.720173801782]"
35,0.7000000000000028,"[-0.6524790636007238, -0.07409205374317414, 2.2218242646349675]","[0.2198874044755031, 0.0, 2.1861246150327243]","[0.5420361875590811, 0.06475013708274742, -0.01286753732641858]","[-0.07737687126912873, 0.0, 0.09277133155876767]","[0.016398465142373142, -0.18650395861258728, -0.001398507792261345, -0.9823146430550372]","[[0.9304252852171602, -0.008864306693976014, 0.3663652723031848], [-0.0033692079629164488, 0.9994549190554403, 0.03273855934477607], [-0.3664570058283157, -0.031695250387146906, 0.929891377547199]]","[0.05836769189009035, -0.4647329072353073, 0.010432727303413932]",[0.552838623701458],"[0.00996054495621559, -0.14493765752344245, 0.0, -0.9893904247778365]",[0.49811573609],"[-9.849834180492982, -0.6713553457765181, -1.202733696284536]","[1109.1873757344122, 1221.926153591315, 1065.513014484504, 1234.838278943142]"
36,0.7199999999999989,"[-0.6414379413432143, -0.0729969296332526, 2.222370214655374]","[0.2183207899156863, 0.0, 2.188002831144352]","[0.5497034439133348, 0.06431535162493343, -0.00919989783563665]","[-0.07936327421973625, 0.0, 0.09514409728917053]","[0.015812148764386757, -0.18155732095324675, -0.0015112584490313012, -0.9832504833820808]","[[0.9340661924258226, -0.008713513937403062, 0.35698485469083585], [-0.0027697315353019396, 0.9994922659121689, 0.031643365902333465], [-0.357080439664506, -0.030545845761237138, 0.933570712132928]]","[0.06815914548374273, -0.49160189581753894, 0.0032168158159272715]",[0.552460201737512],"[0.010406277692448757, -0.14275908038051108, 0.0, -0.9897023514311556]",[0.49811573609],"[-9.987335377836017, -1.38789568112429, -0.15315390520049021]","[1086.2279286847072, 1222.7984523954754, 1037.6651429965627, 1237.0]"
37,0.740000000000002,"[-0.6302840886553144, -0.07187483203220682, 2.2230593932547227]","[0.21671387628391495, 0.0, 2.189929173309729]","[0.5490562817417417, 0.058210738594585434, -0.0007506007665202289]","[-0.08134935288710807, 0.0, 0.09751530736023921]","[0.015158821677057989, -0.1764106591798459, -0.0015476777380495758, -0.9841971836652442]","[[0.9377507702305867, -0.008394795590898651, 0.3471988259249779], [-0.002301915306859498, 0.9995326318258485, 0.03038459290442285], [-0.34729266980835655, -0.029292485504553656, 0.9372959810940747]]","[0.08221273460863299, -0.5070208356924676, -0.004500420500056843]",[0.5517671188976319],"[0.012859547120688623, -0.14267986249255482, 0.0, -0.9896849303680069]",[0.49811573609],"[-8.565901431749138, -1.9613994438702513, 1.2182585398213455]","[1073.989950000548, 1252.604963901351, 1037.376224931771, 1249.54215341089]"
38,0.759999999999998,"[-0.61965405402468, -0.07080985059478129, 2.2238367069485383]","[0.21506619476044297, 0.0, 2.191904175876264]","[0.5683545411621853, 0.051529764407872526, 0.019039543100388318]","[-0.08333507713762325, 0.0, 0.09988481732046983]","[0.014544293557628206, -0.17373296497085722, -0.001553570582701428, -0.9846837386680288]","[[0.9396280449732168, -0.00811319786566479, 0.34209885978153615], [-0.0019940951070283506, 0.9995712582581661, 0.029182871560469777], [-0.34218924212800533, -0.028103245865972893, 0.9392097991861468]]","[0.07489384414521033, -0.5092181135482368, -0.004048253098858923]",[0.5427912714276701],"[0.015425817188107198, -0.13511469335238965, 0.0, -0.9907034682798715]",[0.49811573609],"[-8.594360500850293, -0.5370258817019313, 0.08691637568715294]","[1069.8301469252183, 1253.4641434771995, 1026.5857778802088, 1258.873157177065]"
39,0.7800000000000011,"[-0.6081128705124219, -0.06970667443610241, 2.224848678541651]","[0.21338064189868536, 0.0, 2.193924357024233]","[0.5632943668895203, 0.06126203034207975, 0.012406884224415844]","[-0.08532044749141644, 0.0, 0.10225262977566872]","[0.013508956281148092, -0.1679549891689169, -0.0015525121077524494, -0.985698644610058]","[[0.9435730212053356, -0.007598411372471786, 0.33106406472221755], [-0.0014771750510626123, 0.9996257941791856, 0.02715302410133276], [-0.3311479559949759, -0.026110015484364056, 0.9432128579934131]]","[0.09258766910285744, -0.49839026468580805, -0.00683752510262201]",[0.5483996621409295],"[0.013388820411242182, -0.13751963206054202, 0.0, -0.9904069287750207]",[0.49811573609],"[-9.856183163049815, 0.14883180852319, -0.22638412481968828]","[1057.004646966402, 1261.8648676105825, 1016.4010800880525, 1268.4335599053602]"
40,0.7999999999999972,"[-0.5966869249057276, -0.06858453900086602, 2.22615254102236]","[0.21165167502259488, 0.0, 2.1959962970398004]","[0.5660551220005823, 0.06260183882287305, 0.032967656251001204]","[-0.08730538087297937, 0.0, 0.10461834639718393]","[0.012850891573445397, -0.1633427781169024, -0.0015457630402348384, -0.986482725205794]","[[0.9466300599973585, -0.007247937734677838, 0.32222992893243785], [-0.0011484635888648108, 0.9996614954947888, 0.025859343539997956], [-0.322309386665351, -0.024849386622788405, 0.9463045479356467]]","[0.09356716653074956, -0.48949976952056845, -0.011621480422662629]",[0.5441951809624852],"[0.010650822656679729, -0.13810934147480544, 0.0, -0.9903390581271694]",[0.49811573609],"[-8.753375292900461, -0.6407828694489938, 1.1915086247631699]","[1066.6281021029185, 1224.7749781039568, 1002.7731328544398, 1259.7141571810669]"
41,0.8200000000000003,"[-0.5856501870879444, -0.06751016073913524, 2.227572217667195]","[0.2098853766082256, 0.0, 2.19811271591606]","[0.5671799325928122, 0.0628950282280045, 0.0407473136699608]","[-0.08928991128686428, 0.0, 0.10698213042853097]","[0.012171776963855692, -0.15901168898891438, -0.0015595361731531583, -0.9871966464686475]","[[0.9494182215652189, -0.0069500473864048, 0.3139136475854103], [-0.0007917718656714162, 0.9996913517265178, 0.024527843762430133], [-0.31398957689127704, -0.023535905838700563, 0.949126781562454]]","[0.07538776406052997, -0.4642873361852148, -0.005816119148962161]",[0.5407858756867278],"[0.010015543153288238, -0.13127808320724413, 0.0, -0.9912907635181347]",[0.49826606937698614],"[-8.871930061398528, -1.2050783327596917, 0.885740046008415]","[1064.6938642100552, 1225.788212215215, 1002.1204189753398, 1263.2041849263076]"
42,0.8400000000000034,"[-0.573901802245081, -0.06630926578536371, 2.2293610526747036]","[0.20808134396296818, 0.0, 2.200274066395936]","[0.5651568638287489, 0.05624321202467803, 0.05792363428883525]","[-0.0912740089712154, 0.0, 0.10934383928222303]","[0.011813825783650336, -0.15417868379837604, -0.0015939085115123299, -0.9879696990107683]","[[0.9524500855609317, -0.006792346844632131, 0.3046100753373758], [-0.0004934135951539776, 0.999713085677238, 0.02383489724007735], [-0.30468539596725613, -0.02285191037447735, 0.952176033690325]]","[0.03907717949731117, -0.4447094924811981, 0.0019894859600129646]",[0.5370949032977429],"[0.012566055671872847, -0.13138610996975822, 0.0, -0.9912505131193269]",[0.49851058270599996],"[-9.085176416897351, -1.1495133979500238, 0.6035812292939688]","[1053.5850717521976, 1242.5812771292462, 996.0708100772455, 1266.0118754658226]"
43,0.8599999999999994,"[-0.5616173753788763, -0.06505971817422138, 2.231495744884435]","[0.20623446078847793, 0.0, 2.2024864023604684]","[0.5592792775282001, 0.05710351132917157, 0.06073774610076303]","[-0.09325758004805404, 0.0, 0.11170302298747828]","[0.01182239773485539, -0.14960028453367602, -0.0016173785682299375, -0.9886710405555863]","[[0.955227334475477, -0.0067353788340577, 0.29577269536919965], [-0.0003391574259609129, 0.9997082865641885, 0.023860845128774705], [-0.2958491805400854, -0.022893003952751234, 0.9549530281259407]]","[-0.0002800208733667077, -0.42633217557064873, 0.006687121161730692]",[0.5382204882355921],"[0.011726196350954633, -0.13050573775614122, 0.0, -0.9913780368354713]",[0.49851058270599996],"[-9.090006603156167, -0.3149108251682101, 0.2811436695040328]","[1049.9512024018484, 1239.4005457555004, 1002.9541206369653, 1239.167767142078]"
44,0.8800000000000026,"[-0.5506630017721741, -0.0639841924321802, 2.233669356588969]","[0.2043488714813782, 0.0, 2.204744754834358]","[0.5548428491016141, 0.06015254211397468, 0.07718607352749415]","[-0.09524064150228251, 0.0, 0.11405976322650672]","[0.011864514407284846, -0.14544747465012986, -0.0016308033787138482, -0.9892920211402316]","[[0.957681842392085, -0.0066780088581996095, 0.28774135495237474], [-0.00022464577575904325, 0.999710244752044, 0.0239493313418301], [-0.2878187497131035, -0.02300054640949079, 0.9574056280271637]]","[-0.026322401370577845, -0.3830580502626952, 0.011492459391483092]",[0.5327454641259355],"[0.01009257965126568, -0.12835590212425965, 0.0, -0.9916713214703117]",[0.49851058270599996],"[-7.953370442463807, -0.21114333739165297, 2.0514796224783964]","[1035.3356511776908, 1242.0664098086027, 1016.2092156294566, 1211.2673187256964]"
