,t,p,p_d,v,v_d,q,R,w,T_sp,q_sp,hover_throttle,fa,pwm
0,0.0,"[0.09195266863513675, -0.05299631674956099, 2.2445816152047278]","[0.2496044470077321, 0.0, 2.150474663557843]","[-0.3114790228894798, -0.020723531007623305, -0.028722727717151512]","[-0.008821187871270217, 0.0, 0.010585423670065009]","[0.009866498204629535, -0.044648424106365436, -0.0041668377900221055, -0.998945028627586]","[[0.9959776736942404, -0.009205930983450265, 0.08912041839907117], [0.007443836598310294, 0.9997699416709602, 0.02008426414461803], [-0.08928486678936812, -0.019340093181292678, 0.9958177031949332]]","[-0.01758332735721931, 0.16986152334374105, 0.026953464546426588]",[0.5106903933754483],"[0.02632555621749553, -0.1288035714473168, 0.0, -0.9913109540492263]",[0.49110065107699996],"[-2.4037807527998147, -0.5417183677122797, -0.9218325118822683]","[905.8980306647477, 1167.9452806999661, 883.0477107555638, 1169.235926460374]"
1,0.020000000000003126,"[0.08519116510735472, -0.05360049392871654, 2.245023921392676]","[0.24940824106455517, 0.0, 2.1507101106338977]","[-0.3191513691826958, -0.030173731324275248, -0.025655532183263368]","[-0.010810623886202173, 0.0, 0.012972744102483539]","[0.010154952438690443, -0.046343215287062575, -0.004344624919086473, -0.998864193925914]","[[0.9956662315974674, -0.009620606829619722, 0.09249291784445916], [0.007738154241235274, 0.9997553726856893, 0.02068952453999057], [-0.09266939568212824, -0.019884148988123528, 0.9954977370107783]]","[-0.02291178075117, 0.19002296553904607, 0.025297239636798162]",[0.5118299582031007],"[0.03180896871821966, -0.13622003799447727, 0.0, -0.9901583613140732]",[0.49110065107699996],"[-2.5003115710398953, -0.5592888494840713, -0.9731178050224472]","[885.3491270263524, 1215.8263723439084, 857.6055066869089, 1217.8402708586373]"
2,0.03999999999999915,"[0.07896061552377949, -0.054158416918263896, 2.2454372301712895]","[0.2491703403665213, 0.0, 2.1509955913159455]","[-0.3326687751437116, -0.024256594142071874, -0.03068054450694129]","[-0.01280005893905055, 0.0, 0.015360059917273369]","[0.01052382079751239, -0.04923817019106307, -0.0046712769713292196, -0.9987196143028798]","[[0.9951054005651642, -0.010366939229192013, 0.0982519333209125], [0.008294244511239357, 0.999732693764336, 0.0214807027568162], [-0.09844857204787977, -0.02056068223472059, 0.9949275406138937]]","[-0.03332134861340966, 0.26054250572863813, 0.024664162768801734]",[0.521596282106219],"[0.025850840961441433, -0.14796670449298274, 0.0, -0.9886495327047932]",[0.49110065107699996],"[-3.768609537883336, 0.7793560746793654, -1.7063600534658008]","[918.8395317191124, 1206.0817760415162, 883.3136117420307, 1221.4435024149543]"
3,0.060000000000002274,"[0.07341200233020047, -0.05451245864698135, 2.245761674600264]","[0.24889782455700474, 0.0, 2.1513226099942777]","[-0.3333182472868855, -0.014465296125766882, -0.02738093997449144]","[-0.01478949284589568, 0.0, 0.017747370230926433]","[0.010922871794416106, -0.05229268975423181, -0.004881359178542548, -0.9985578263564715]","[[0.994478688636836, -0.010891011513922619, 0.10432791230965865], [0.008606266130040015, 0.9997091211838262, 0.022324757035410113], [-0.10454118615161753, -0.021303719431000123, 0.9942877257152214]]","[-0.04589689987795585, 0.3719880252223116, 0.023973096381175635]",[0.522166350692457],"[0.021278154412944464, -0.14897063532076896, 0.0, -0.9886121973387135]",[0.49110065107699996],"[-2.390032231382042, -0.4360907720149559, -0.7963142135112484]","[960.2088963381234, 1191.6442396462992, 925.4344673593736, 1212.7943336406324]"
4,0.0799999999999983,"[0.06576610074344974, -0.054902099278742574, 2.2461682122373228]","[0.24858079271758118, 0.0, 2.1517030476125227]","[-0.32842027171575355, -0.019514059994416327, -0.021152834102622524]","[-0.016778924489171013, 0.0, 0.02013466967939021]","[0.011750706997248919, -0.05804499224986963, -0.005128073380021614, -0.998228181920943]","[[0.9932020640342482, -0.011602114126963927, 0.11576377719090711], [0.008873835340620717, 0.9996643480549526, 0.024055091723499216], [-0.11600481114190322, -0.022864455805098747, 0.9929785000775595]]","[-0.08105530101878226, 0.5065056358513707, 0.021577018246934157]",[0.522106379508547],"[0.023857657505529175, -0.14908874289296178, 0.0, -0.9885352768656815]",[0.49110065107699996],"[-2.8388728083382104, -0.18398564817882923, -0.20783144228585115]","[972.8734779330782, 1193.377125799633, 918.0491823939151, 1235.0924745973473]"
5,0.10000000000000142,"[0.05902536171347006, -0.055146718756745434, 2.2467717454903733]","[0.2482262728955283, 0.0, 2.1521284703403176]","[-0.32938389542243174, -0.008535119775880524, -0.011784421780645144]","[-0.018768353168366503, 0.0, 0.02252195490054695]","[0.01253757929455988, -0.062497044936807376, -0.005317814884034148, -0.9979508123523816]","[[0.9921288549883716, -0.012180958680064715, 0.1246046084770557], [0.009046712053781138, 0.9996262344509034, 0.025688470315423075], [-0.12487129858018517, -0.02435907945233065, 0.9918710315095185]]","[-0.11405854204472267, 0.5788268618209402, 0.019791928998938346]",[0.5211138661423682],"[0.019414767974018365, -0.15419347703701333, 0.0, -0.9878439058987902]",[0.49110065107699996],"[-3.856002100405012, -0.8159089901528094, -1.338013059560307]","[975.768375898245, 1216.6936354229558, 957.9284088737315, 1218.8411045227379]"
6,0.11999999999999744,"[0.0530853340776385, -0.05541734379081469, 2.247420057041835]","[0.24783110791710786, 0.0, 2.1526026665076725]","[-0.3332670498251729, -0.02032550772821123, -0.018113551357585463]","[-0.0207577774772796, 0.0, 0.024909219144227415]","[0.013984486993588015, -0.06968761296101697, -0.005516187179950693, -0.9974506077617221]","[[0.9902164890794939, -0.012953339544473553, 0.13886562170711564], [0.009055157476203403, 0.9995380841269552, 0.028666489936414383], [-0.13917418589860453, -0.027128850267546672, 0.9898862139685547]]","[-0.1422796752506154, 0.6766975834924217, 0.020788722289006373]",[0.5283805450797254],"[0.027376229881450387, -0.15605347965168906, 0.0, -0.9873641675645835]",[0.49110065107699996],"[-4.340594324933533, -1.031836840815942, -1.4934775516815861]","[996.5427994091393, 1201.5169853390153, 989.0538857232484, 1192.1322979846627]"
7,0.14000000000000057,"[0.04615107696760324, -0.05582244749569161, 2.2482729225787454]","[0.24739380866561855, 0.0, 2.153127422613737]","[-0.33337525537787194, -0.01107272498460391, -0.005191881927194568]","[-0.02274719556400309, 0.0, 0.027296453521530945]","[0.015734645670057154, -0.0776944679404724, -0.005734856949493909, -0.9968267377566107]","[[0.9878418052480646, -0.01387830733606358, 0.15471537415353584], [0.008988327641795784, 0.9994195077964464, 0.0322605643448898], [-0.15507631792181084, -0.030478297707267205, 0.9874124242678025]]","[-0.16118441343264248, 0.7658939594331753, 0.018978265164623063]",[0.5267734798335965],"[0.02392658956758455, -0.1603357150069768, 0.0, -0.986770904011442]",[0.49110065107699996],"[-3.1888393689606582, -0.8301353208715374, 1.0303857647658639]","[1002.4763612864011, 1199.276480077475, 1005.5056174629267, 1179.8964288181403]"
8,0.1599999999999966,"[0.039050780338450275, -0.056060606464321316, 2.2493588660444983]","[0.24692123311263972, 0.0, 2.153694508946187]","[-0.3181125674620138, -0.018769255498781265, 0.01404761922249427]","[-0.024736607118341105, 0.0, 0.029683656543663492]","[0.01733742186817214, -0.08612061637997297, -0.005888320846729731, -0.9961108624962635]","[[0.9850860036920244, -0.014717059630034576, 0.17136718631669962], [0.008744621799128148, 0.9993183524292873, 0.03555420014265988], [-0.17177553952715924, -0.03352577685960624, 0.9845541759427424]]","[-0.14723056079761115, 0.7577866965974098, 0.017728625149592156]",[0.5228317788670115],"[0.027339790525507675, -0.15980863352549565, 0.0, -0.9867684293753949]",[0.49110065107699996],"[-2.912007052503506, -0.23147976120838087, -0.09115655369901177]","[1016.1710389343198, 1200.254091812557, 1015.6688188424836, 1186.8330577975423]"
9,0.17999999999999972,"[0.03398769574666458, -0.056205462839916655, 2.2503028506668263]","[0.2464060672092367, 0.0, 2.1543127012957233]","[-0.30941344172437174, -0.002203904624101111, 0.012743986757119036]","[-0.026726008063130267, 0.0, 0.03207080863986046]","[0.018492397211171668, -0.09222359441849162, -0.006033627343140479, -0.9955439616924598]","[[0.9829081523905514, -0.015424353217589531, 0.1834021326309005], [0.008602611856674564, 0.9992345976162528, 0.0379328743635331], [-0.18384843756471464, -0.03570710315966866, 0.9822970241991517]]","[-0.1308076614457402, 0.7601259620247507, 0.015581569598451413]",[0.5250365671038393],"[0.019689558743414284, -0.15930201902443417, 0.0, -0.9870296894370669]",[0.4911530812849022],"[-4.5777285794717475, -0.9882732098935243, -1.0118978883284804]","[1027.671954170029, 1186.7490808733846, 1022.8178206587927, 1176.408108681386]"
10,0.20000000000000284,"[0.028476918636723532, -0.056296074120819516, 2.251483430212498]","[0.24585404848111306, 0.0, 2.154975114355772]","[-0.306780938726254, -0.017480591176875962, 0.02024000764237835]","[-0.028715397926215185, 0.0, 0.0344579075446051]","[0.019354251881751466, -0.09922710199062706, -0.006147687716284747, -0.9948556539757966]","[[0.9802285474797968, -0.016073056417692543, 0.19719531909291407], [0.008391191116001189, 0.9991714088869089, 0.039729408298124914], [-0.19767125467911936, -0.03728933935400367, 0.9795549614765062]]","[-0.11758831905580543, 0.7743223288889246, 0.010886758670568392]",[0.524335480980684],"[0.025495356662891253, -0.1603555278198162, 0.0, -0.9867298093203272]",[0.491408702259],"[-4.233057288501419, -1.7685189814666917, -0.7946887894752344]","[1040.9534242924146, 1156.7364949020682, 1012.4108888606893, 1172.7441515420694]"
11,0.21999999999999886,"[0.022082423506716554, -0.05632622131947331, 2.253049068996741]","[0.24525908225599982, 0.0, 2.1556890601663805]","[-0.2887856444014103, -0.006526697598411464, 0.018329586036677257]","[-0.03070477145053141, 0.0, 0.03684492802379118]","[0.020699862347358964, -0.10719944876317805, -0.0063309632436667936, -0.9939985852321751]","[[0.9769298688340434, -0.01702396468094448, 0.2128501006811959], [0.008147909348502298, 0.9990563438619027, 0.04250861931527321], [-0.21337430095187623, -0.03979391623582912, 0.9761530624228295]]","[-0.10196611096335866, 0.7145599000944276, 0.011047675867209474]",[0.5260050476565239],"[0.022344929030889662, -0.15891431683107848, 0.0, -0.9870351222920619]",[0.491408702259],"[-2.8048353192226925, 0.9380541825614368, -0.8893862880889571]","[1016.6366905886504, 1182.0348115361157, 1033.6792791922903, 1153.6008641650799]"
12,0.240000000000002,"[0.015911299419916633, -0.05636393066660037, 2.2547647901691072]","[0.2446190722262409, 0.0, 2.1564570523390727]","[-0.26423444150266423, 0.0073731419649725755, 0.024472407125829893]","[-0.03269412307954147, 0.0, 0.039231843407273495]","[0.021536441829881472, -0.11473074621492814, -0.006486761912642932, -0.9931339764013958]","[[0.9735736912023946, -0.017826231388457785, 0.2276066008666701], [0.00794266322063101, 0.9989723428030792, 0.044265606293607276], [-0.2281654079490538, -0.04128868215458288, 0.9727302107092334]]","[-0.07437476945985835, 0.6585493730804127, 0.007600536459340215]",[0.523114471886751],"[0.017774498588855735, -0.15446991158491066, 0.0, -0.9878366002274233]",[0.491408702259],"[-3.813042331172384, -0.43754023310833656, -0.8110944684328416]","[1042.3707094316849, 1168.551576549547, 1056.670741063228, 1137.3385960222756]"
13,0.259999999999998,"[0.01100055205217846, -0.05628781746916732, 2.2562284947364497]","[0.24394751979946067, 0.0, 2.1572628902312085]","[-0.2508575175055046, 0.004348995027160595, 0.021676771048848485]","[-0.034683457203572424, 0.0, 0.04161867476820233]","[0.022082796687443267, -0.12099907100976146, -0.00660580658255783, -0.9923792080864278]","[[0.970619730685953, -0.018454925979297848, 0.23986217516828262], [0.007766934441385556, 0.9989259812373257, 0.045427609497556413], [-0.2404456739031594, -0.04223042365851775, 0.9697317042280874]]","[-0.04711534170280036, 0.6329305805124025, 0.004569790770947123]",[0.5238871198622994],"[0.019069199908531415, -0.15268555577722295, 0.0, -0.988090113405393]",[0.491408702259],"[-4.3250870242726105, -2.214335629195408, 0.20549466396748528]","[1044.7474796288361, 1167.7786417855325, 1061.7832507151727, 1133.2362721370887]"
14,0.28000000000000114,"[0.0070214849077771865, -0.05616713445960482, 2.257596730719038]","[0.2432372252254334, 0.0, 2.1581152104037518]","[-0.22769198081547548, -0.0017020081077772568, 0.03708196841329476]","[-0.03667276504630143, 0.0, 0.044005379981611324]","[0.0223565214430696, -0.125985425467059, -0.006692170993682622, -0.99175606069105]","[[0.9681627853857396, -0.018907194016268277, 0.24959439120275073], [0.007640810552394073, 0.9989078121439026, 0.046030663294142224], [-0.25019284586003454, -0.042658199254392556, 0.9672527275888881]]","[-0.03828220722062024, 0.5711433694058301, 0.004354629210556181]",[0.5181204457247228],"[0.022915118037003343, -0.1517318272829977, 0.0, -0.9881529930001209]",[0.491408702259],"[-3.6650272209974792, -1.0074695980202963, -0.48564154851705865]","[1034.992363062271, 1173.4106988438903, 1068.7997235534133, 1121.8511199486104]"
15,0.29999999999999716,"[0.002772670105647644, -0.05596515187680121, 2.2590713542551115]","[0.24248426902021253, 0.0, 2.15901871358097]","[-0.20590707854098547, 0.0078471284545481, 0.020918549508762666]","[-0.03866203973277872, 0.0, 0.04639192604884526]","[0.02238662615421412, -0.13088735897856085, -0.0068216060018041445, -0.9911198861668276]","[[0.9656417547370872, -0.019382311475497068, 0.2591447031763484], [0.007661805980435216, 0.9989024341567155, 0.046161384718384935], [-0.2597555541496833, -0.042589936744111156, 0.9647325012928379]]","[-0.003862525346200717, 0.4948271147679088, 0.0014568065369383687]",[0.52092500385],"[0.020040659139631094, -0.14599213833992028, 0.0, -0.9890823510646315]",[0.491408702259],"[-4.899257665076589, -0.16729917983965548, -2.4342050286947163]","[1067.8546748258996, 1126.1832907578196, 1063.2401658154972, 1123.9351450931597]"
16,0.3200000000000003,"[-0.001080869065667914, -0.0557276333383748, 2.2604989620164426]","[0.24169065830291342, 0.0, 2.159970988863231]","[-0.19153864148489647, 0.012542230163871694, 0.01580095149502036]","[-0.04065127648071356, 0.0, 0.04877829001732392]","[0.0223902395646367, -0.13535725582064334, -0.006894169898210274, -0.9905190935286526]","[[0.9632602811907052, -0.01971897660568757, 0.2678391684447387], [0.007596251067143488, 0.9989008089417717, 0.04622227143207269], [-0.2684566169072196, -0.042489567757740584, 0.9623526946923523]]","[0.016850097658763434, 0.44374131170661596, -0.004553226542584298]",[0.5214577797905393],"[0.018861233027997477, -0.1434697513579234, 0.0, -0.9894742205218579]",[0.491408702259],"[-4.504584157977052, -0.5628885293792886, -0.4328410757694492]","[1075.2649136021962, 1104.0664624585818, 1048.740958215469, 1126.6265849834328]"
17,0.3400000000000034,"[-0.00422174129839478, -0.05543256175050968, 2.261690263983143]","[0.24085982131801525, 0.0, 2.16096792100595]","[-0.16369511405932885, 0.018278573915097115, 0.018990156633843916]","[-0.04264047331392227, 0.0, 0.05116446240276814]","[0.022010569328113936, -0.13877306488625954, -0.006987212211493188, -0.9900548097104426]","[[0.961386206720514, -0.019944394444020477, 0.2744782956602186], [0.007726497781804999, 0.9989332034720706, 0.04552261376272791], [-0.2750934657353838, -0.04164406634832947, 0.9605149186651954]]","[0.03572074861720869, 0.352093173517701, -0.0014418980270003469]",[0.5200588427468419],"[0.017858296164749998, -0.1403709405614781, 0.0, -0.9899379088672227]",[0.491408702259],"[-4.915252683306051, -0.9744741575084122, -0.7286007208878615]","[1058.2883483620476, 1127.078069884894, 1047.7225946116225, 1136.2839192948197]"
18,0.35999999999999943,"[-0.007387951388196326, -0.05499262099092055, 2.262883086181095]","[0.2399856212097857, 0.0, 2.1620168679275262]","[-0.1502691782547521, 0.017363541159137894, 0.01103248450879248]","[-0.04462961589719012, 0.0, 0.0535503744009576]","[0.021316946724738012, -0.14213420651156786, -0.00711791214182324, -0.9895920821830714]","[[0.9594941040031603, -0.020147393610386057, 0.28100630643460495], [0.008027924378506045, 0.9989895448891757, 0.04421356097883239], [-0.2816132350502794, -0.04016676580164398, 0.9586866089143471]]","[0.0548923438704057, 0.21822149890589287, -0.0018666750004932883]",[0.5220705606298011],"[0.018514281150241438, -0.13929514965164355, 0.0, -0.9900742468766025]",[0.49146719513201115],"[-4.39413393025673, -1.0900591731741724, -0.9565652852740101]","[1064.158652909531, 1124.1849803512146, 1036.6465627941577, 1148.9949828583403]"
19,0.38000000000000256,"[-0.009821945113082172, -0.05449026231523146, 2.2636885335131938]","[0.23907390525088676, 0.0, 2.163110812134506]","[-0.11349456718709512, 0.02144498818914809, 0.010024311724566394]","[-0.046618704734843225, 0.0, 0.055936028435409006]","[0.020705289527934337, -0.14410826692504702, -0.0072182677195406645, -0.9893190004654057]","[[0.9583614977112934, -0.020249945590879233, 0.2848391805401323], [0.008314732030671462, 0.9990384648747034, 0.04304869678277369], [-0.28543700583222525, -0.038887848577717626, 0.9576082864601642]]","[0.05108044799865429, 0.1443147715667314, 0.0004088484025965718]",[0.5204593452824919],"[0.017611977318567708, -0.13137504996455468, 0.0, -0.991176111427995]",[0.491984741535],"[-3.8547818387764634, -0.45738389452167494, -1.769441563167888]","[1050.5598380937179, 1137.092526778455, 1050.4125091620006, 1134.8513835014517]"
20,0.3999999999999986,"[-0.0119932177687521, -0.053908193769394784, 2.264300985554805]","[0.23812053834978594, 0.0, 2.164254708648]","[-0.09387064062619929, 0.026241485644270816, -0.012378869664385285]","[-0.04860772540945968, 0.0, 0.05832135531040136]","[0.020364128089600763, -0.14475825865892042, -0.007285582777510099, -0.9892306179977076]","[[0.9579838801306054, -0.02030999454965517, 0.28610187426509454], [0.008518491664223912, 0.9990643916048318, 0.042398934582496044], [-0.2866953324286489, -0.03818034147774491, 0.9572606441377219]]","[0.052255232478582235, 0.09319177947150856, 0.001530694690352121]",[0.5263199016189247],"[0.016509717734226558, -0.12898043903332895, 0.0, -0.9915076255532838]",[0.491984741535],"[-5.362185949883674, -1.073286340799144, -4.086627671730906]","[1027.1422898204044, 1164.9278622755055, 1052.0721377244945, 1136.5691592816172]"
21,0.4200000000000017,"[-0.013562459492336544, -0.05330544531197433, 2.2646069624679503]","[0.2371282478581413, 0.0, 2.1654452815901166]","[-0.0720414137412065, 0.02359966944804057, -0.03836774774145252]","[-0.05059667377693227, 0.0, 0.060706335139137944]","[0.019715137478361143, -0.14480702053911176, -0.0073746919786768835, -0.9892359956322828]","[[0.9579530824211895, -0.02030040215953658, 0.2862058481426649], [0.008880840888494765, 0.9991138555244375, 0.041141661650519606], [-0.2867874204075457, -0.036870032959216065, 0.9572844812931688]]","[0.05325375474943466, -0.024442721228809864, 0.0005434623654833012]",[0.5317062601623984],"[0.01724535807589042, -0.12320335790454179, 0.0, -0.9922297320057722]",[0.491984741535],"[-5.276284759173132, -1.2580769565093493, -4.3528003299190665]","[1030.0391970096064, 1159.360972272225, 1056.33703142774, 1128.4353840182873]"
22,0.4399999999999977,"[-0.014639075539773418, -0.05268948211346738, 2.264626652827158]","[0.23609771428454146, 0.0, 2.166681709871456]","[-0.05251802824852582, 0.025234185012371922, -0.06181772517370548]","[-0.052585542708161626, 0.0, 0.06309093371054438]","[0.019295793406754573, -0.14421227012087132, -0.007404751011518557, -0.9893308452028541]","[[0.958295839722032, -0.020216877495427523, 0.28506153308311444], [0.00908611681154185, 0.99914554214247, 0.04031555910603014], [-0.2856330552661013, -0.0360441352938265, 0.9576608451107249]]","[0.06152955211625762, -0.07362579541216722, -0.0008610845252633304]",[0.5365967261815765],"[0.016705252342809996, -0.11817705575207327, 0.0, -0.9928518793337963]",[0.491984741535],"[-5.585848927449196, -1.2605084812786096, -3.459434826236123]","[1068.1134006499522, 1146.5321096780817, 1061.6614093290277, 1149.1767918634869]"
23,0.46000000000000085,"[-0.015325231540821098, -0.05197435255816485, 2.264397981991006]","[0.23502543703056003, 0.0, 2.167968184018522]","[-0.031984394655469414, 0.022899728854917138, -0.07177483755052999]","[-0.05457431387947667, 0.0, 0.06547506308671913]","[0.01850626696920922, -0.14289053947476313, -0.007450250226691345, -0.9895372511638427]","[[0.9590532408582004, -0.020033341201394488, 0.2825152706589862], [0.00945585931781731, 0.9992036895667069, 0.03875442164025883], [-0.28306677593771645, -0.03449614054380322, 0.9584792894808098]]","[0.07400264117916802, -0.1575674089689935, -0.00609765922916372]",[0.5402914873604712],"[0.017759789360327082, -0.11620008437012133, 0.0, -0.993064587426477]",[0.491984741535],"[-4.389109181249578, -0.7003564496723025, -1.7569568501330899]","[1069.0957542070355, 1169.0426834220086, 1053.566821165466, 1177.0156585648115]"
24,0.4799999999999969,"[-0.015519830879853567, -0.05120186311907018, 2.2639288180858186]","[0.23391552431545093, 0.0, 2.169299772295765]","[0.0016146956850542123, 0.031534306885461695, -0.07038624031423196]","[-0.056562986933942995, 0.0, 0.0678587215630007]","[0.017955806066000002, -0.141086770319, -0.00743904520272, -0.989806472545]","[[0.9600784479108811, -0.019793083555066673, 0.2790300487984794], [0.009659776809761676, 0.9992445794860141, 0.03764464785159678], [-0.27956434501038446, -0.03344644440396152, 0.9595443047549778]]","[0.07412586639600001, -0.239617848122, -0.006350269226]",[0.5394154137961921],"[0.01546258772388513, -0.10860744900081212, 0.0, -0.9939614400020029]",[0.491984741535],"[-3.6833311841352083, 0.012366780671860367, -1.226643814400692]","[1091.0565983697948, 1165.323130094392, 1038.0, 1211.3797284641864]"
25,0.5,"[-0.015057213092814567, -0.05039538524409892, 2.263293863785252]","[0.23275125961902218, 0.0, 2.1706964990328603]","[0.028962908484234173, 0.03737071914667177, -0.07125196683522647]","[-0.0585514975662857, 0.0, 0.07024160053400294]","[0.0172353754179775, -0.13828152655386067, -0.007446927463222076, -0.990210179634899]","[[0.9616360207036689, -0.019514714809224017, 0.27359884931709466], [0.009981378715116762, 0.9992854655442038, 0.036192833372921285], [-0.274112251679251, -0.032073743381920414, 0.9611528178293567]]","[0.07144109354994892, -0.28571347961426685, -0.006171395392212864]",[0.5403905353230258],"[0.01402201226725381, -0.10180874451509625, 0.0, -0.9946980417499593]",[0.491984741535],"[-4.710478826373171, -0.22303546168087818, -1.252698057319165]","[1082.6597728079137, 1177.0638056874182, 1048.586866622876, 1201.374920579532]"
26,0.5200000000000031,"[-0.014386152635386123, -0.04962486828509139, 2.2626963087092067]","[0.23157221411649687, 0.0, 2.1721109371889242]","[0.049119476302096676, 0.04270440834437012, -0.06883901881185028]","[-0.06053996012216727, 0.0, 0.0726242487781982]","[0.016334620868489805, -0.1347163784412713, -0.007449485945004824, -0.9907210276571289]","[[0.9635909770197382, -0.019161806675133355, 0.26668932872601236], [0.010359642808676715, 0.9993543425825672, 0.03437324028196001], [-0.2671760668403196, -0.030358969210919202, 0.9631683270235932]]","[0.06921119216052282, -0.34292300704070955, -0.0056583893078113534]",[0.5399412880724901],"[0.012714736349140653, -0.09750470725441625, 0.0, -0.9951528447125705]",[0.491984741535],"[-5.088342019638174, -0.871841418276583, -2.0135348506405073]","[1078.1988005416508, 1182.5727673717836, 1056.5916793423262, 1191.206323604929]"
27,0.5399999999999991,"[-0.012962227686351862, -0.04866241420563442, 2.261966423487012]","[0.2303375158049532, 0.0, 2.1735920512492597]","[0.06809197479394227, 0.038909462630355544, -0.07687370363483713]","[-0.06252822600746641, 0.0, 0.07500595318718667]","[0.015650931866728127, -0.13130963223867104, -0.0073920637730074375, -0.9911885813373633]","[[0.9654028933163926, -0.018764094623870253, 0.2600738308162268], [0.010543622193419984, 0.9993974290171087, 0.03296734825821679], [-0.26053660156209024, -0.029084751556143148, 0.9650222751934471]]","[0.07101314992356281, -0.38750840745379406, -0.004210212628342144]",[0.5426799321698098],"[0.013699107080813039, -0.09303417182749145, 0.0, -0.9955660543406107]",[0.491984741535],"[-4.870621240321, -1.7299454244335841, -1.5080147760384008]","[1088.1756353263293, 1181.3752443452777, 1042.1042758245767, 1213.2813382499041]"
28,0.5600000000000023,"[-0.011608310833284435, -0.04791207751986254, 2.261442967360342]","[0.2290711093549611, 0.0, 2.1751111447665625]","[0.08742627370145456, 0.034165755406644356, -0.06691593676526472]","[-0.06451636754469148, 0.0, 0.07738706085819992]","[0.01513157638539587, -0.12765274962091752, -0.007322186764959881, -0.9916749616934368]","[[0.9672993553487849, -0.018385633222697012, 0.2529584787240863], [0.010659283895918104, 0.9994318751125321, 0.03188060541226757], [-0.25340166363745475, -0.028141816317127488, 0.9669486549790126]]","[0.06320620933758742, -0.43035876465022965, -0.004564122579910602]",[0.5409690933819008],"[0.014960027999343416, -0.08915402395847323, 0.0, -0.9959047628818857]",[0.4920347567828625],"[-4.910794002734066, -0.7593630691604331, -1.017409227244876]","[1072.3926768859344, 1198.0444466432773, 1058.09342678859, 1196.6230615058678]"
29,0.5799999999999983,"[-0.009922931075353154, -0.04710953693782487, 2.2611196525104376]","[0.2277601323564102, 0.0, 2.176683611002089]","[0.10211876336631366, 0.04047504974010409, -0.07074777666232897]","[-0.06650431716306486, 0.0, 0.07976724755035865]","[0.014641253918675087, -0.12190474758261034, -0.007298932651900773, -0.9924054479406548]","[[0.9701688975175659, -0.018056677782294497, 0.24174414020904217], [0.010917324329298534, 0.9994616998513035, 0.030839669392256106], [-0.2421716023142093, -0.02728057122204636, 0.9698467137206577]]","[0.0530067051984304, -0.4697354225016289, -0.0016611892482445102]",[0.543369164596427],"[0.013136982450982135, -0.08582185177638121, 0.0, -0.9962236486694606]",[0.492463826945],"[-5.3879676144741495, -0.2340285452951577, -2.7635735208610193]","[1068.522505145591, 1207.402460096678, 1046.7445409000961, 1212.1446256547983]"
30,0.6000000000000014,"[-0.007591654973922539, -0.04618969257699173, 2.2605700872063315]","[0.22640986077169736, 0.0, 2.1783031182205472]","[0.11229799172776314, 0.04163306421744541, -0.07607681350830356]","[-0.0684920800732501, 0.0, 0.08214653830086757]","[0.013950077700060749, -0.11691767192861696, -0.007296658676735669, -0.9930149997141504]","[[0.9725504110880794, -0.017753404243414685, 0.23199842600256684], [0.011229361811757013, 0.9995006857708193, 0.029411489497359757], [-0.232405581824532, -0.025999056115993048, 0.9722676842080935]]","[0.05454892978139229, -0.5182772868730096, -0.0009955678753848754]",[0.5464270083494827],"[0.012764460981138332, -0.0837077680529414, 0.0, -0.9964078707705306]",[0.492463826945],"[-4.9760098892046525, -0.9350784643170958, -1.5748294488600258]","[1049.6668601528631, 1224.296188803965, 1036.9627587275334, 1217.741052468502]"
31,0.6199999999999974,"[-0.005028679925757954, -0.045330448595413186, 2.260148010225117]","[0.2250219651316945, 0.0, 2.179967654311597]","[0.12814396284892612, 0.03977666297762668, -0.06434673253414745]","[-0.07047964914778068, 0.0, 0.08452489893736534]","[0.01355163432224088, -0.11173365981981008, -0.007233678428123933, -0.9936188119745902]","[[0.9749252534622693, -0.017403385330644897, 0.22184527632574016], [0.011346690533189999, 0.99952678135012, 0.028546808320625925], [-0.22223738898519066, -0.02531382686169033, 0.9746626120838648]]","[0.05932925706795549, -0.5326554124001234, -0.004858403071143986]",[0.5440999330912824],"[0.013526637238792709, -0.07933829342277385, 0.0, -0.9967503785558491]",[0.492463826945],"[-4.326875234660057, -1.2422739666789162, -0.6739050748440114]","[1064.3839867811032, 1218.2647309793638, 1027.9707784616753, 1236.1851890156324]"
32,0.6400000000000006,"[-0.002157523484482559, -0.04446848140127754, 2.259810976749203]","[0.223588494837772, 0.0, 2.181686714939008]","[0.14123759211020642, 0.03662289929869439, -0.05830057500426667]","[-0.07246695993743292, 0.0, 0.0869020202563461]","[0.012958409622984939, -0.1064959636103622, -0.007193652463705515, -0.9941993084360059]","[[0.9772070463735213, -0.01706388524840513, 0.21156999015467612], [0.011543811969774843, 0.9995539861442064, 0.027298673673204966], [-0.21194286333591647, -0.02423429386920347, 0.9769747028851443]]","[0.06664959601090528, -0.5382585060206824, -0.0038853794835476364]",[0.5433334202251839],"[0.015223455286913259, -0.0753974753625076, 0.0, -0.9970365260030212]",[0.492463826945],"[-4.6993832180689425, -0.8129594645026822, -1.108345130652502]","[1051.7277608277502, 1237.5615785081684, 1016.1954223006423, 1253.761995849567]"
33,0.6599999999999966,"[0.0009792688667453879, -0.04359153015215181, 2.2596943483952154]","[0.22211993057945145, 0.0, 2.183447745323835]","[0.14931443655058393, 0.03889906275659518, -0.04832212655912741]","[-0.07445405343665082, 0.0, 0.0892780990071973]","[0.012456295419955955, -0.10104077403424952, -0.007123563937395707, -0.9947752793477707]","[[0.9794730325164139, -0.016689878073212296, 0.20084826199717679], [0.011655503149885787, 0.999581189960116, 0.026221970340283937], [-0.20120319486456537, -0.023342888683816225, 0.9792642042515758]]","[0.05606799075148768, -0.5494055454504634, -0.005114142004274441]",[0.53961139206575],"[0.012810389392693694, -0.07134464575249079, 0.0, -0.9973633352234942]",[0.492463826945],"[-4.562635252638936, -0.7463901743464183, 0.10894649498074571]","[1045.9464200399111, 1232.71760777021, 1014.3009953643195, 1244.1450482602618]"
34,0.6799999999999997,"[0.004347107852299287, -0.04267242728860513, 2.2598167980205486]","[0.2206108726469529, 0.0, 2.1852571866999924]","[0.15865784036113761, 0.03749481580226072, -0.030663572043277364]","[-0.07644087773853404, 0.0, 0.09165288619080766]","[0.011967086072775949, -0.09565523731276553, -0.007048422817761167, -0.9953145454881285]","[[0.9815946509197335, -0.016320224423003567, 0.19024539993395365], [0.01174136659006887, 0.9996080774723101, 0.025170466785311922], [-0.1905827962641035, -0.022473592556057298, 0.981407589150023]]","[0.035996818356084176, -0.521408687116403, -0.003585657280909099]",[0.5377202940093978],"[0.014559716130792615, -0.06901690106444362, 0.0, -0.9975074407198429]",[0.492463826945],"[-4.4073752246452935, -0.11277044309509443, -0.41266909613544556]","[1042.7298043319793, 1240.3928782288122, 1036.7427760905655, 1222.3271072393245]"
35,0.7000000000000028,"[0.00769458296115512, -0.04180608328014144, 2.2601609211353755]","[0.2190614295732024, 0.0, 2.1871148883449556]","[0.16351393925575658, 0.04685540171794031, -0.02505147441396522]","[-0.07842741053649974, 0.0, 0.09402627485678841]","[0.011759735665386403, -0.09073095382887292, -0.006979556742283963, -0.9957786204468311]","[[0.983432532126898, -0.016034130835715654, 0.18053173258637875], [0.011766242700931958, 0.9996201613264526, 0.02468671039645607], [-0.18086004355578203, -0.022153663034335407, 0.983253377785696]]","[0.008450670697588768, -0.5046710718986366, 0.0001540472675777161]",[0.5389380778700131],"[0.013033293728342029, -0.06759558532185352, 0.0, -0.9976244290958828]",[0.492463826945],"[-4.655022643220447, 0.07010015109634105, -0.11490363259395409]","[1031.4069486665667, 1245.1520483506763, 1025.8751387553625, 1224.7873742037527]"
36,0.7199999999999989,"[0.011252295402912902, -0.040968914833260525, 2.260747988986987]","[0.2174739394710585, 0.0, 2.189018036161856]","[0.1658217575427931, 0.045802610402949646, -0.003244802932638652]","[-0.08041364725182164, 0.0, 0.09639824311310356]","[0.011803430723703922, -0.08564082479716824, -0.0069305757514745376, -0.9962290699563418]","[[0.9852292970507407, -0.015830593155535387, 0.17047214933443802], [0.011787170985078425, 0.9996193568409207, 0.0247049220716904], [-0.1707993676174697, -0.02233076117698827, 0.985046720857536]]","[0.0038343084654980973, -0.5077215287985848, 0.0019852588403031484]",[0.534450425073177],"[0.013208023447508089, -0.06594213971494468, 0.0, -0.9977347863545406]",[0.492463826945],"[-4.790948264211253, -1.69751321342951, 0.0929344347283454]","[1018.5375459870911, 1246.972463845648, 1010.9658291285544, 1229.0640223592377]"
37,0.740000000000002,"[0.015389188571355211, -0.03997991163653685, 2.2617414177724307]","[0.2158477845731416, 0.0, 2.190967347346272]","[0.1640137484968579, 0.03539086674139706, 0.002420304789594995]","[-0.08239956141364684, 0.0, 0.09876866405239448]","[0.01175307170577488, -0.08185897150128985, -0.006889750254824191, -0.9965503666048642]","[[0.9865024080009874, -0.015656155008153292, 0.1629912246614554], [0.011807777560890725, 0.9996279210424432, 0.02455303157376774], [-0.1633151275765747, -0.02229708009472511, 0.986321075929093]]","[-0.0005721039167194148, -0.4942205278864331, 0.003355851971421721]",[0.5341035692098534],"[0.015922764366947787, -0.06456823088426708, 0.0, -0.9977857870246227]",[0.492463826945],"[-4.863584226871025, -1.44105334963281, -0.519999451076874]","[1022.0239212951896, 1243.7241154722244, 1011.7832525925476, 1228.1522985157137]"
38,0.759999999999998,"[0.018548607681656483, -0.0392045178411068, 2.262721245636161]","[0.21417545861191348, 0.0, 2.1929717515134084]","[0.16195931061910818, 0.03674011868590677, 0.018150464727340273]","[-0.08438505739829498, 0.0, 0.10113707910060882]","[0.011934497221403518, -0.07669465836763699, -0.006845023542519217, -0.9969542681934171]","[[0.9881313201235734, -0.015478975247568026, 0.15275875018560606], [0.011817726498827804, 0.9996105969199751, 0.024846249371465314], [-0.1530855178434006, -0.022746342403017542, 0.9879401643703133]]","[-0.004484197341418034, -0.4756032667445259, 0.005160741872753767]",[0.5314488448351241],"[0.015460385645720524, -0.06366054243874382, 0.0, -0.9978515401878999]",[0.492463826945],"[-4.684982453402136, -0.03883411546380888, 0.0211438677381679]","[1002.8729768910689, 1247.9399190639986, 988.9115202293505, 1235.2396008537692]"
39,0.7800000000000011,"[0.022076986079412962, -0.03838845033445293, 2.2641293566724596]","[0.2124711624350984, 0.0, 2.19501428134553]","[0.1578956729751419, 0.04246660501293387, 0.02916687406459855]","[-0.0863702416168548, 0.0, 0.10350399878932141]","[0.011966180918483286, -0.07135395195446363, -0.006834100588628923, -0.9973535538354392]","[[0.9897192094435788, -0.015339697615347599, 0.14216667895585766], [0.011924360422004093, 0.9996156033910709, 0.024844306299880253], [-0.14249379129209228, -0.02289374595966825, 0.989526240333742]]","[-0.0024467438434440728, -0.4586790984318048, 0.003536846583206043]",[0.5297749637572619],"[0.013540505500701114, -0.06283047243986509, 0.0, -0.9979317392733339]",[0.4926874413437146],"[-4.423720044915082, -0.18017372377130203, 0.8056275306532399]","[1001.6968630332616, 1246.7161806442643, 986.1158300926339, 1235.297213584892]"
40,0.7999999999999972,"[0.025424898454693413, -0.037565502599814775, 2.2657570775517453]","[0.2107237688289351, 0.0, 2.197108178731744]","[0.15401364894474448, 0.04280464995237127, 0.05306803689169782]","[-0.08835497871374855, 0.0, 0.10586877403685073]","[0.012041706926711903, -0.06708520940370932, -0.006800951475905729, -0.9976499114884684]","[[0.9909036703369405, -0.015185578137462567, 0.13369131631860065], [0.011954296414436308, 0.9996145155670019, 0.024939302207019617], [-0.13401889657658322, -0.02311432919139721, 0.9907061708074781]]","[-0.010249121421455776, -0.4246673190221454, 0.004258606734340019]",[0.5231616213537308],"[0.013205295116561629, -0.061903688199162, 0.0, -0.9979946392098611]",[0.49280101443499996],"[-4.684696704938281, -1.1112454321314467, 0.5831272076989933]","[1007.6781054590917, 1235.87558622411, 983.6982417637123, 1235.2757082342646]"
41,0.8200000000000003,"[0.028810485031920664, -0.03672327259658698, 2.267781818574737]","[0.20893322757884297, 0.0, 2.1992534699645367]","[0.14208302559536318, 0.037365182056065545, 0.057918765999649284]","[-0.09033923619107656, 0.0, 0.1082312491558415]","[0.012363272504414524, -0.06304040563928447, -0.006805894580531505, -0.9979081959324992]","[[0.9919532050720669, -0.015142087392544542, 0.12564878866603177], [0.012024544537715327, 0.9995956895443611, 0.025532914631594166], [-0.12598536118337347, -0.02381672921121451, 0.9917401444601127]]","[-0.012912183749328461, -0.3993701634829706, 0.007130285092344861]",[0.5225793979322656],"[0.01425200959592201, -0.06244354410088971, 0.0, -0.9979464807557041]",[0.49280101443499996],"[-5.387337754792906, -1.4479648883712926, -0.19548528444535762]","[1000.940475973682, 1232.2929162255405, 978.8337755816948, 1231.8740954023299]"
42,0.8400000000000034,"[0.03187283514320652, -0.03589204042922884, 2.269978410692252]","[0.20710884967375626, 0.0, 2.2014390302500155]","[0.12654052956813558, 0.03446366417054271, 0.07341324237514495]","[-0.09232308572422922, 0.0, 0.11059176808003865]","[0.01253513090705884, -0.05981932095090296, -0.006771385831596978, -0.9981065707120251]","[[0.9927496531802684, -0.015016815420468382, 0.11924235417761297], [0.012017443344904635, 0.9995920964846084, 0.025832912450827025], [-0.11958187500889805, -0.024212673641456236, 0.9925270974987149]]","[-0.017719307930191143, -0.3877479238689927, 0.004929226427501929]",[0.5196364968061213],"[0.014857406682494417, -0.06474928100436228, 0.0, -0.9977896938344034]",[0.49280101443499996],"[-5.14130934113278, -0.1409496428904684, 0.7938119456447232]","[974.9934863114843, 1242.6132683097012, 973.1031713950241, 1217.5325938565488]"
43,0.8599999999999994,"[0.03501821974058271, -0.03501367474882249, 2.2727362677442957]","[0.20524475538641446, 0.0, 2.2036718330820197]","[0.11342434596608549, 0.04342551573794501, 0.08802631093363461]","[-0.09430643473149274, 0.0, 0.11294988700477225]","[0.012688811338045355, -0.05680948510263247, -0.006763796465023535, -0.9982808262025228]","[[0.9934525473565174, -0.014946026324096398, 0.11325199037424447], [0.012062646969381191, 0.999585170685425, 0.026102489721177697], [-0.11359528852333894, -0.024565498543109725, 0.993222033375413]]","[-0.017177987080036154, -0.36515023633563254, -0.0005018704388171811]",[0.5163832528170285],"[0.012008672112962422, -0.06620814887005123, 0.0, -0.9977319772682067]",[0.49280101443499996],"[-5.162162237851151, -0.21517483317946362, 1.7802070111810266]","[971.1834866304508, 1236.5837417082423, 958.466524527996, 1220.6066731253522]"
44,0.8800000000000026,"[0.03741216857677116, -0.03423502720339675, 2.2753423187483452]","[0.20333865750430868, 0.0, 2.205954554914627]","[0.09539674642734465, 0.03994852061698128, 0.1122162761612411]","[-0.09628921499570942, 0.0, 0.11530527911691853]","[0.012792256461080922, -0.05298888093701824, -0.006712226163445768, -0.998489697169998]","[[0.9942924416969736, -0.014759872047615044, 0.1056459743233457], [0.012048482629486965, 0.9995808010521565, 0.026257219265885614], [-0.105989432397376, -0.024834525853896946, 0.9940552660063801]]","[-0.02457658633033072, -0.3300989949439967, 0.0011751015847032325]",[0.5100048598738713],"[0.013063316758036682, -0.06975066574681826, 0.0, -0.997478853389471]",[0.49280101443499996],"[-4.711570140252781, -1.2994417783521344, 0.6795570681775338]","[970.7621472221572, 1229.7797315972305, 940.0837576387751, 1232.4581211806126]"
