,t,p,p_d,v,v_d,q,R,w,T_sp,q_sp,hover_throttle,fa,pwm
0,0.0,"[-0.1873855643424327, -0.07657234244500391, 2.226810084996106]","[0.24979156428703692, 0.0, 2.1502501228466606]","[-0.018452018937895796, 0.007051865082689283, -0.06425362416301111]","[-0.006397617061553816, 0.0, 0.007677140108531689]","[0.012440547857555337, -0.06427958453635021, 0.002998229735957036, -0.9978499037539746]","[[0.9917183432830972, 0.004384220011537589, 0.1283573537269213], [-0.007582913002290544, 0.9996725387974366, 0.02444214904107292], [-0.12820815524484885, -0.025213048888160318, 0.9914267875842041]]","[-0.012999460575181664, -0.018327374933276113, -0.004158091994915156]",[0.4924670511565899],"[0.010572398504676683, -0.07071282794331, 0.0, -0.997433636489965]",[0.48207653011817203],"[-3.4010451999518545, -0.6476360820705644, -0.33188970836866005]","[961.5484923592397, 1125.6158488299557, 922.5366285291951, 1087.218337562378]"
1,0.020000000000003126,"[-0.18779159451633806, -0.07636062341498044, 2.2269722146063065]","[0.2496460783378614, 0.0, 2.1504247059729615]","[-0.02405665220596445, 0.010823942031812278, -0.06704055535199008]","[-0.008387053612323989, 0.0, 0.010064463113088833]","[0.012590112151923896, -0.06406060816526724, 0.003017167714728272, -0.9978621122982563]","[[0.9917744412648132, 0.0044083742153113795, 0.12792328051762816], [-0.007634495180596045, 0.999664942453825, 0.024739828614497243], [-0.1277713345979898, -0.025512955009465654, 0.9914756260188547]]","[-0.006962490077764524, -0.013850464480681389, -0.0028153686642985983]",[0.49576136180314684],"[0.010655582224617039, -0.08074268071204671, 0.0, -0.9966777400971722]",[0.482014167908],"[-3.412659187535281, -0.6599940454753878, -0.5123415096930266]","[968.9417960359823, 1126.97111242886, 937.0717639668441, 1082.089472579825]"
2,0.03999999999999915,"[-0.1884226563566124, -0.07595315639822413, 2.227142220291763]","[0.24945456237178168, 0.0, 2.1506545250833344]","[-0.021698484625834135, 0.011302335756302372, -0.0620292349015622]","[-0.01037648968352492, 0.0, 0.012451783815704776]","[0.012648599325859428, -0.0638495613128492, 0.003070097666758365, -0.997874669205342]","[[0.99182765052705, 0.004511930350932942, 0.12750538461848734], [-0.007742360423645441, 0.9996612093569244, 0.02485138495798553], [-0.12735005487737502, -0.025635482514826023, 0.9915265273966046]]","[-0.0035099501733698467, -0.026322127099690888, -0.0020212234587354745]",[0.49527336137047445],"[0.011609591528885662, -0.08449583522009323, 0.0, -0.9963551012979618]",[0.482014167908],"[-2.819887063285544, -0.11916959892551149, 0.8158100763069989]","[956.3529817172796, 1159.4251003485188, 937.1761086985156, 1101.8087811133958]"
3,0.060000000000002274,"[-0.1887799943180399, -0.07557035069890447, 2.227396594820711]","[0.2492259619049129, 0.0, 2.1509288455180817]","[-0.017351741348320897, 0.018769534220267867, -0.0508879775625481]","[-0.01236592499454711, 0.0, 0.014839100869404466]","[0.012872328953312001, -0.06319551904035195, 0.0031424113757896354, -0.9979131674375381]","[[0.991992838221868, 0.004644760359886569, 0.12620818145270532], [-0.007898654397737377, 0.9996487917700625, 0.025293760480332352], [-0.12604638084096212, -0.026088105752057684, 0.9916811940150129]]","[-0.0192669714187994, -0.06337408677688207, -0.004570562649179434]",[0.491950525279237],"[0.008971792041932899, -0.08465298352576928, 0.0, -0.9963699667921115]",[0.482014167908],"[-3.004003679206668, 0.057302669304211795, 0.11354151759411835]","[934.7984977742339, 1188.631217880431, 926.6859086520273, 1119.0491041276166]"
4,0.0799999999999983,"[-0.18922279171101236, -0.07524433573787655, 2.227673645382469]","[0.2489567242231888, 0.0, 2.151251930469714]","[-0.017303699482121813, 0.021314222528539983, -0.0533512088101789]","[-0.014355359075485116, 0.0, 0.017226412018975096]","[0.013044282046465547, -0.06255763649094831, 0.003169178667091701, -0.9979509974302023]","[[0.9921528449892858, 0.004693331114620974, 0.12494159078681415], [-0.007957408932813754, 0.9996394541677376, 0.025638595904000767], [-0.12477623214525739, -0.02643162121212393, 0.9918326257879182]]","[-0.02242895555792417, -0.06234903536946658, -0.005750194793366683]",[0.4941557463146028],"[0.008512452081366561, -0.08553272366828707, 0.0, -0.9962988115909078]",[0.482014167908],"[-3.584802729574524, -0.19185391013972214, 0.5783585893321046]","[921.0723484831822, 1210.7764322386538, 920.8319196803207, 1127.6390181045956]"
5,0.10000000000000142,"[-0.18957914512014212, -0.07487871929356256, 2.2279855308855487]","[0.24865645248788412, 0.0, 2.151612256077727]","[-0.019490228450139216, 0.02493834216249881, -0.03646731852567548]","[-0.016344791622122202, 0.0, 0.01961371580379912]","[0.012924948019066842, -0.06219877577096668, 0.0031977632756569397, -0.9979750301757635]","[[0.9922423017382376, 0.004774743915658688, 0.12422831210208232], [-0.007990407690416042, 0.9996455685904604, 0.025399756856794378], [-0.12406298840562174, -0.02619534470059925, 0.9919286445555807]]","[0.007140759084230122, -0.037263853980478344, -0.0053463666253032085]",[0.49003709751728686],"[0.008917164672280032, -0.09427193856948785, 0.0, -0.9955059050021935]",[0.482014167908],"[-3.122005043152481, -1.0724224072734148, 0.8236887724486621]","[932.0888065988084, 1194.3087676962648, 896.9828349128321, 1143.8567169767186]"
6,0.11999999999999744,"[-0.18988527845292938, -0.07443071858483072, 2.228385675958085]","[0.24830546685726868, 0.0, 2.1520334378322294]","[-0.014980467155144797, 0.016183655548189003, -0.03875442122275814]","[-0.01833422063793673, 0.0, 0.022001002640373985]","[0.012700120753121682, -0.06243178109410874, 0.0032629862196326895, -0.9979630562690593]","[[0.9921831803753733, 0.004926897083161645, 0.12469210277600548], [-0.008098461718072205, 0.999656048822251, 0.02494107456078844], [-0.12452634149998507, -0.025755930726297244, 0.9918818883992246]]","[0.025902012113205062, 0.021031611540668918, -0.0070980236387326165]",[0.4920825452945764],"[0.013184093307878184, -0.09282065643177052, 0.0, -0.99559532176853]",[0.482014167908],"[-2.7420831006429047, -1.541636993652481, 0.15037436481876298]","[947.6479574909835, 1168.2185634769125, 883.3248039794379, 1151.2172216410206]"
7,0.14000000000000057,"[-0.19025234456006068, -0.07386284010171179, 2.229119919170915]","[0.24791973009286133, 0.0, 2.152496320340904]","[-0.012728020899573957, 0.014273897415838156, -0.028749720057513188]","[-0.02032364607246984, 0.0, 0.024388272286905606]","[0.012384272875898506, -0.0633118318772572, 0.0033588018452396936, -0.9979111361277556]","[[0.991960336216963, 0.005135429526340364, 0.1264423567951014], [-0.008271713535304214, 0.9996703718989417, 0.024291503835938377], [-0.12627597152075132, -0.025142111426877726, 0.9916761588873048]]","[0.037776304680916056, 0.09958918922063958, -0.0110041258095444]",[0.4891749619726997],"[0.01426217854455888, -0.09309371701817348, 0.0, -0.9955545858667365]",[0.482014167908],"[-3.336760111042009, -0.6543985323636277, 0.20037998587743644]","[952.4724163442796, 1159.1157080031933, 901.2163499261161, 1137.6279254246867]"
8,0.1599999999999966,"[-0.19058145659161088, -0.07343310973631434, 2.2296670389305224]","[0.2474934005349626, 0.0, 2.1530079131813635]","[-0.014010206244421088, 0.01598761299526562, -0.03492664057577523]","[-0.022313065987110154, 0.0, 0.02677551543827499]","[0.012098170197539978, -0.06462022333920824, 0.0034238875211169448, -0.9978305741138513]","[[0.9916247240883403, 0.005269346381473172, 0.12904291465579032], [-0.008396492222116317, 0.9996835391729014, 0.023701343475270992], [-0.12887722355991948, -0.024586352980482614, 0.9913554386555976]]","[0.04254322430582694, 0.1369912397733418, -0.011158725926933738]",[0.49309545808550115],"[0.013829962565573464, -0.09484891658411172, 0.0, -0.9953940892340416]",[0.482014167908],"[-3.366258204614227, 0.2864428137006555, -1.2740181114706992]","[964.6968656706761, 1152.9451352928997, 905.1752935430819, 1132.6430918680596]"
9,0.17999999999999972,"[-0.19075945316086598, -0.0729947898167687, 2.2302402383551487]","[0.24703038918532416, 0.0, 2.153563522879835]","[-0.010963676102179755, 0.02472921748855233, -0.039122008327525146]","[-0.024302479503415932, 0.0, 0.029162727877500655]","[0.011787790904679584, -0.06601236548451803, 0.003461011234025208, -0.9977431296986914]","[[0.9912606938797285, 0.00535012043820771, 0.13180836362816464], [-0.008462680284026854, 0.9996980546446268, 0.023065435701884567], [-0.1316451729211829, -0.023979313855990544, 0.9910067470484277]]","[0.03265752179509732, 0.18583744282734582, -0.011488594978781415]",[0.49499205787843276],"[0.010335408791882807, -0.09424548362225786, 0.0, -0.995494981386099]",[0.48201825680240423],"[-2.8778180093072123, -0.6786269044570574, -0.891438777775889]","[977.316962129373, 1141.8997605132167, 914.6915531399566, 1118.2538999671426]"
10,0.20000000000000284,"[-0.19090624506150972, -0.07244330194281019, 2.2308556162403224]","[0.24652429899433137, 0.0, 2.154170825032936]","[-0.00610849898833077, 0.016740039290857545, -0.03939406538222548]","[-0.026291883195758526, 0.0, 0.031549893162121034]","[0.011576982337460583, -0.06800525907434193, 0.003507710465986699, -0.9976115368301205]","[[0.9907257856421152, 0.0054240734911400025, 0.13576687943958882], [-0.008573256223772353, 0.9997071631255682, 0.022621576765064013], [-0.13560444463115018, -0.02357574780105284, 0.9904823406674579]]","[0.009404429631586508, 0.21717975493589003, -0.00973548416667639]",[0.49614017828550516],"[0.014376944631847072, -0.09417304695103139, 0.0, -0.9954516111508784]",[0.4821169338228598],"[-3.4758343706812465, -0.6382816447864607, 0.4612462978144123]","[971.0980412554458, 1145.4862873803825, 928.9785197750442, 1104.3969691413622]"
11,0.21999999999999886,"[-0.19100891448458948, -0.07188260938985519, 2.231724707524467]","[0.24597896668727065, 0.0, 2.154825214957322]","[-0.006972650686027331, 0.02612640991589294, -0.025198256158193183]","[-0.0282812753164979, 0.0, 0.03393700290356327]","[0.011900283239662317, -0.07026685046173003, 0.0035655964403992057, -0.9974508564334179]","[[0.9900996839891562, 0.005440623600637099, 0.14026032355898121], [-0.008785405292051436, 0.99969131105441, 0.023238808954634038], [-0.1400905971287449, -0.02424098188217167, 0.9898418774627393]]","[-0.025435627075948243, 0.2082843293822062, -0.009636697255076477]",[0.4923139915253633],"[0.010759108789428986, -0.09815014725120705, 0.0, -0.9951132887878994]",[0.48212174959],"[-2.967111917651725, 0.5349589654019791, 1.8262463774633524]","[960.9693476837417, 1165.1887558571402, 945.7610018433618, 1104.6414205635838]"
12,0.240000000000002,"[-0.1911336048845022, -0.07132111410402124, 2.232533416950454]","[0.24539381110275219, 0.0, 2.1555273891257385]","[0.004477772158966408, 0.030293560994062465, -0.010826492453543154]","[-0.030270653008113556, 0.0, 0.036324043385868934]","[0.012240192476857587, -0.07238173548852059, 0.0035984813131406355, -0.9972953852773346]","[[0.9894958431072467, 0.005405564866826787, 0.14446003376992697], [-0.00894943036358073, 0.999674429748166, 0.02389324629901658], [-0.1442838493543381, -0.0249351035892891, 0.9892220966190277]]","[-0.036279899067182965, 0.19367316651189223, -0.00730488696379119]",[0.4877766734364442],"[0.009504429325649983, -0.09519831252421398, 0.0, -0.99541292255128]",[0.48212174959],"[-2.866026758490838, -0.4616059762794664, 1.5128867739212275]","[977.6603779500091, 1155.0793350625936, 938.0848488789621, 1113.6545598527678]"
13,0.259999999999998,"[-0.19100236240161603, -0.07062087444638906, 2.233560004068209]","[0.24476857971894456, 0.0, 2.156277649336969]","[0.005845791600855241, 0.028728216701518733, -0.0017037058568932298]","[-0.032260012819778985, 0.0, 0.038710998045033355]","[0.012231422583444463, -0.07427475530329715, 0.0036244065527207305, -0.9971562641663687]","[[0.9889403472664197, 0.0054112275570691, 0.148215738336535], [-0.009045171234655341, 0.9996746104203194, 0.023854875477849275], [-0.14803841174389287, -0.02493168311714127, 0.9886674045153089]]","[-0.045559658548554, 0.2044341167440576, -0.002192673621842045]",[0.485897214519712],"[0.010743305137548839, -0.09701485308455815, 0.0, -0.9952249280327533]",[0.48212174959],"[-3.4092606097275766, -1.3327969383155935, 1.7340704347770846]","[972.5524045488374, 1139.1367752722506, 930.3254861636368, 1103.7808744711313]"
14,0.28000000000000114,"[-0.19083788358909318, -0.07008933971060206, 2.234660825048651]","[0.24410353203042745, 0.0, 2.157075682815072]","[0.012486738688607162, 0.022541108296477555, 0.00929304513461178]","[-0.03424935107633286, 0.0, 0.0410978492417334]","[0.012517139165476697, -0.07623500975748948, 0.003627964612274357, -0.9970047014461432]","[[0.9883501146386485, 0.005325707097403596, 0.15210414976189773], [-0.009142684003067475, 0.9996603105183218, 0.024406137358038715], [-0.1519225028101407, -0.025512449028504965, 0.9880630813473286]]","[-0.012999391336567287, 0.1810778557929048, 0.0012186162618498947]",[0.48268978128051204],"[0.013950470987113004, -0.09694789071530452, 0.0, -0.9951914527478416]",[0.48212174959],"[-3.3538733646891417, -0.6309841128391332, -0.7490718430003938]","[946.34788214261, 1151.4347452382601, 933.730423571478, 1084.321780237914]"
15,0.29999999999999716,"[-0.19052074160053328, -0.06944150334914904, 2.235748867224061]","[0.24338796871975424, 0.0, 2.157934324266353]","[0.014871168308681269, 0.028483108329072016, -0.013192984765681957]","[-0.0362386551591007, 0.0, 0.04348453640785083]","[0.012690112117963922, -0.07788516999872737, 0.0036658897803279154, -0.9968742377276401]","[[0.9878397463370178, 0.005332119081494812, 0.15537648005018692], [-0.009285605239936934, 0.9996498678573461, 0.024729854791072273], [-0.1551903978408891, -0.025871928586022018, 0.9875445459416478]]","[0.0015003997710976592, 0.17063184347695698, -0.004023504556553659]",[0.49187046475530044],"[0.011426189860389162, -0.09677742161167707, 0.0, -0.9952304664275117]",[0.48212174959],"[-3.4619864478435387, -0.13095264036132725, -1.748681971027441]","[948.2719028312995, 1140.8878967935102, 925.0687785603685, 1093.6553606989942]"
16,0.3200000000000003,"[-0.19012261764104713, -0.06883290762446362, 2.2369089375066267]","[0.2426538765158786, 0.0, 2.15881519589759]","[0.02258116025102507, 0.028078594359918, -0.009382845589450213]","[-0.03822794545363341, 0.0, 0.04587115739185613]","[0.012606270626394182, -0.0793967467643597, 0.003675970443860347, -0.9967565936596362]","[[0.987365268907599, 0.005326301802897871, 0.1583711422614597], [-0.00932988930916509, 0.999655119582915, 0.024547046547743485], [-0.15818578114853998, -0.025714486925521286, 0.9870744583067955]]","[0.021370923130820417, 0.17023205972270003, -0.008722172454266095]",[0.4896746807406104],"[0.011247328704138268, -0.09075758803113258, 0.0, -0.9958092807402203]",[0.48212174959],"[-3.460407379176129, -1.0592322755168635, 0.23378114884663503]","[970.321663817693, 1109.0082950993178, 905.3099954089096, 1124.5171603516596]"
17,0.3400000000000034,"[-0.18965256043115, -0.06821413703257707, 2.238087273836132]","[0.24186880350932025, 0.0, 2.159757229059683]","[0.027635674314567347, 0.025513595864900665, -0.010069166367207276]","[-0.04021719089661529, 0.0, 0.04825756309497906]","[0.012100168803226338, -0.08119048360409366, 0.0036549346641213953, -0.9966184698743343]","[[0.9867895354044603, 0.005320313671244432, 0.16192032172853937], [-0.009249987898544886, 0.9996804964900604, 0.02352501160994241], [-0.16174342042293682, -0.02471199526162794, 0.9865234243291252]]","[0.03477069385811258, 0.15088338062450785, -0.006710292248767491]",[0.49197264438083305],"[0.013300142545607452, -0.09497933578233689, 0.0, -0.9953887519469761]",[0.48212174959],"[-2.2449305574205987, 0.085224578593461, 1.1465274655184494]","[978.0210806235503, 1126.7887044488398, 922.652586654722, 1108.91896965876]"
18,0.35999999999999943,"[-0.1889604866043543, -0.06755933667441519, 2.2392525974724795]","[0.2410452363530341, 0.0, 2.160745440566921]","[0.04999896419757495, 0.03623421095507191, 0.007087467205243789]","[-0.04220639612519131, 0.0, 0.05064377577623812]","[0.011905957465553544, -0.0825588285497362, 0.00368162156789502, -0.996508276202949]","[[0.9863409818552705, 0.005371648922271157, 0.16462877830644812], [-0.009303416526747503, 0.9996893985519368, 0.023120869573471075], [-0.16445344538728163, -0.024336671028706496, 0.9860845868836657]]","[0.024888526872348028, 0.14745805647224958, -0.004840049924253193]",[0.48466418269450595],"[0.008820084005174547, -0.08755504585206819, 0.0, -0.9961202746639317]",[0.48212174959],"[-2.756423617624404, -0.2808720919948863, 0.9882898885005957]","[995.6891514864609, 1117.5184162446467, 939.8375610435668, 1098.243177218889]"
19,0.38000000000000256,"[-0.18800750502182959, -0.06684052157422002, 2.240497189842264]","[0.24017349996851012, 0.0, 2.1617914321885205]","[0.048974900990966685, 0.029473091854500134, -0.00123100863361938]","[-0.04419554174227968, 0.0, 0.05302970233623637]","[0.011578419363919156, -0.08416922670651905, 0.003670474724096681, -0.9963771583223073]","[[0.9858035703123295, 0.005365261141888889, 0.16781358643929553], [-0.009263447559268336, 0.9997043681711426, 0.02245506312902541], [-0.16764359325681452, -0.023690827205717576, 0.9855623954917964]]","[0.01645820715545274, 0.14765048450126278, -0.0035773011367782664]",[0.4896632470240148],"[0.012353090562557918, -0.09128214159160206, 0.0, -0.9957434443126311]",[0.48212174959],"[-4.45227375502918, -1.1259083866704194, -1.3710967186861112]","[996.6571247705479, 1108.7071105978953, 948.7220728636198, 1088.3674024418083]"
20,0.3999999999999986,"[-0.18709209080389788, -0.0662072693533132, 2.2416055380006705]","[0.2392735839884486, 0.0, 2.1628712231574663]","[0.053853854744333005, 0.030526921407853378, -0.007866730806788017]","[-0.04618464730606649, 0.0, 0.05541543665149114]","[0.011504184943643013, -0.08531455876079831, 0.003653853410093888, -0.9962808473853431]","[[0.9854159485567826, 0.005317579418521283, 0.17007859100380293], [-0.009243477267999374, 0.999708403887447, 0.022299344465343138], [-0.1699104525822562, -0.023546252031178327, 0.9851779573038324]]","[0.00734070156204094, 0.11497411868840574, -0.0005071726762001436]",[0.49210239940303807],"[0.01169693694584017, -0.08870327025277507, 0.0, -0.9959893066008172]",[0.48214442756578535],"[-3.59052372218038, -0.5713460048427079, -0.6102718757731864]","[985.6863685995107, 1109.0427687883255, 932.3095802097124, 1095.6039378382363]"
21,0.4200000000000017,"[-0.1858649160333502, -0.06543365927961547, 2.2428991137734204]","[0.23832398041369313, 0.0, 2.1640106057432655]","[0.061334036109229474, 0.028360556819294194, -0.007550809564433043]","[-0.048173673199404056, 0.0, 0.057800788574674244]","[0.01152436764643009, -0.08614303603273149, 0.003647761449623035, -0.9962093949276782]","[[0.985132040771291, 0.005282380418297204, 0.17171707989486512], [-0.009253356487980693, 0.9997076639858637, 0.02233290814796109], [-0.1715489273187374, -0.023589825131935836, 0.9848930309991776]]","[0.001284137356058603, 0.07071452022946008, 0.0006115404278966538]",[0.49214074222491777],"[0.012728111902164845, -0.08740991555277156, 0.0, -0.996088991213116]",[0.482170135668],"[-3.839688591972503, -1.1102885893447176, 0.3509782352964592]","[976.1382127820892, 1121.4342676704428, 924.8786327603781, 1100.4294638275505]"
22,0.4399999999999977,"[-0.18455281546363814, -0.06470698274152151, 2.244176342751133]","[0.23735004286482864, 0.0, 2.1651791707425656]","[0.06608609840113015, 0.025609979701228365, -0.0010844578056885086]","[-0.05016265660052982, 0.0, 0.06018593655092874]","[0.011722874948941763, -0.08670638218137416, 0.0036477937223710183, -0.996158279079223]","[[0.9849374396651243, 0.00523466368265141, 0.17283208617725998], [-0.009300455985001017, 0.9996985814929522, 0.022723103876776087], [-0.1726610356586724, -0.02398825186321896, 0.9846892008690691]]","[-0.0074847935808523385, 0.04960975855501508, -0.00032933753171904897]",[0.4897938636561807],"[0.013603267543577005, -0.08478635018414106, 0.0, -0.9963059405202388]",[0.482170135668],"[-3.075174752121165, 0.1576563402626301, 1.3043912511014355]","[972.6386750804802, 1136.0552526437818, 951.2527612122423, 1082.6988485873796]"
23,0.46000000000000085,"[-0.1830658261835168, -0.06397809479084204, 2.2454319911488705]","[0.23632728553388166, 0.0, 2.166406275616722]","[0.08271650581345155, 0.03725229109337492, 0.008785963981798803]","[-0.052151542799493515, 0.0, 0.06257061799883384]","[0.011881260620856222, -0.08680105724376774, 0.0035705870678977686, -0.9961484509534231]","[[0.9849057280601998, 0.005051057586803246, 0.1730183235800436], [-0.009176281519919503, 0.9996922464295901, 0.02305113726073076], [-0.17284863127795097, -0.024290860190628562, 0.9846488975363373]]","[-0.02232837276727836, -0.0033795444597874637, 0.006110311918354185]",[0.4871814982891684],"[0.009156862251983804, -0.08431759363222086, 0.0, -0.9963962855495949]",[0.482170135668],"[-2.765361090724377, -0.01932404336011062, 0.49426024134808344]","[981.8589154076619, 1126.7459180737894, 922.1208370362883, 1119.854995556454]"
24,0.4799999999999969,"[-0.18116571160366202, -0.06314442869234763, 2.2466095134189215]","[0.23526054303845223, 0.0, 2.167686114705624]","[0.09070229133618116, 0.0330049160240672, 0.0038174553359757463]","[-0.054140327686505986, 0.0, 0.06495481320241489]","[0.011843054778255735, -0.0865109275943918, 0.0035197186383713716, -0.9961743511014968]","[[0.9850070667264336, 0.004963399552442694, 0.17244330276034023], [-0.009061614170115086, 0.9996948320199562, 0.02298650656902322], [-0.17227656587778709, -0.02420448306613033, 0.9847513276720586]]","[-0.0023124264863518054, -0.028509993949812296, 0.005316388360227516]",[0.48972042588056974],"[0.01142754306132648, -0.08331951653121189, 0.0, -0.9964525706064835]",[0.482170135668],"[-3.5986900714423453, -0.981084498502349, -0.9208949298583313]","[987.4282597563607, 1111.5039889100665, 935.5817865382238, 1093.6986913294136]"
25,0.5,"[-0.179436067655653, -0.062426062090724446, 2.247547079602964]","[0.2341570089300179, 0.0, 2.169010056660669]","[0.09769159793048612, 0.034438459694493176, -0.0011520995312373694]","[-0.05612901706908421, 0.0, 0.06733855004377637]","[0.012080167517534615, -0.08623385117040595, 0.0035238443062165525, -0.9961954628612506]","[[0.9851026361062188, 0.004937436683723457, 0.17189667982107112], [-0.009104314155006066, 0.9996833293870748, 0.02346066681224376], [-0.17172640530297192, -0.0246761654740436, 0.9848356101691044]]","[-0.011125479588925567, -0.03887847922236787, 0.002309860307928956]",[0.49183377656751026],"[0.010580968576967305, -0.07982094832459882, 0.0, -0.996751876694147]",[0.482170135668],"[-4.031827892631946, -0.2249101815524276, -0.28653092535719793]","[959.4878189751737, 1138.6927146823616, 928.439325846659, 1090.9199653686562]"
26,0.5200000000000031,"[-0.17739908464726975, -0.06163704665066653, 2.248593643977269]","[0.2330156704842984, 0.0, 2.170379309044579]","[0.1001874767820458, 0.03718701131253157, 0.0025982649875638166]","[-0.05811759873812395, 0.0, 0.06972176993540236]","[0.01220755332315228, -0.08539632831980896, 0.003485609227911444, -0.9962660805420483]","[[0.9853904452345584, 0.004860228024454084, 0.17024003213674282], [-0.009030148950716034, 0.9996774622992924, 0.023728626144487397], [-0.1700698290946892, -0.02491925906457252, 0.9851166954616626]]","[-0.015415015760670503, -0.0800213130856639, 0.0026814191562209047]",[0.49109454154332904],"[0.009624719250341503, -0.08084425205141414, 0.0, -0.9966795253675986]",[0.482170135668],"[-3.580842661722406, -0.6522894560087579, 1.147865830235645]","[964.378743696704, 1135.3399763722257, 925.3266502732162, 1098.2890911658073]"
27,0.5399999999999991,"[-0.17517485253979065, -0.06086827505716277, 2.2496839150461083]","[0.2318342254955258, 0.0, 2.171796622952272]","[0.11174848884930885, 0.03478167280543774, 0.014273077029331073]","[-0.060106054196004524, 0.0, 0.07210438411415486]","[0.012175051223132468, -0.08439304584960079, 0.0034133324321900106, -0.9963522500341555]","[[0.9857322009943448, 0.004746783585664034, 0.16825351723337778], [-0.00885674221004426, 0.9996801096253186, 0.02368515631999878], [-0.1680872872445638, -0.024837402401797746, 0.9854590389263582]]","[-0.0032983318465054454, -0.09626589092722428, 0.0044279439664906255]",[0.4872494678903226],"[0.011007418497506557, -0.07801178345664796, 0.0, -0.9968893298027354]",[0.482170135668],"[-2.947936821558924, -0.5329077434961716, 1.0978718915891221]","[984.5110323041777, 1114.4288698769567, 940.655100635025, 1086.8983139767652]"
28,0.5600000000000023,"[-0.172890644069717, -0.06002832218442487, 2.2508081751649707]","[0.23061208724129928, 0.0, 2.173262691431069]","[0.11996437247565042, 0.038059246938174675, 0.015137929323379219]","[-0.06209436751050128, 0.0, 0.07448631613508441]","[0.012134163608305252, -0.08346379738411744, 0.0033773840856087273, -0.9964311738282544]","[[0.9860447099061873, 0.004705134832125297, 0.16641382266136517], [-0.008756188323442582, 0.9996826450007952, 0.0236179391732762], [-0.16624989573711374, -0.024745496377314557, 0.9857730474997646]]","[-0.00473975924113017, -0.08814117713534994, 0.006711761639271804]",[0.4875418572559969],"[0.00957453048477578, -0.0752411741664084, 0.0, -0.9971186001128796]",[0.482170135668],"[-3.6126873292427657, -0.6996942144178596, -0.24001057654949065]","[972.6836269343117, 1130.2142030689654, 931.4823869361845, 1101.9960543256468]"
29,0.5799999999999983,"[-0.1708877350208469, -0.05940944545196426, 2.251612907449048]","[0.22934655911414828, 0.0, 2.1747807325393307]","[0.12318647903967257, 0.033437439883389354, 0.009303564483503238]","[-0.06408251199132248, 0.0, 0.07686743793246026]","[0.012205349789446821, -0.08247195497725802, 0.003323236366748519, -0.9965129593190197]","[[0.9863743813965129, 0.00461009809605642, 0.16444986635500305], [-0.008636494329324196, 0.9996796869850891, 0.02377743087637631], [-0.16428762130584637, -0.024873726076445394, 0.986098528069446]]","[-0.005131119621028108, -0.11773227310738399, 0.007224870036958559]",[0.49015927444638185],"[0.011468736751301358, -0.07321597977798644, 0.0, -0.9972479630575685]",[0.482170135668],"[-4.2618913517649615, -1.0406632769078135, -1.8032220637927097]","[960.3162925490004, 1135.6455804967331, 915.151648575134, 1111.1646439738665]"
30,0.6000000000000014,"[-0.16845577020821, -0.05864412148784783, 2.252520731145332]","[0.22804866368444218, 0.0, 2.1763375344353655]","[0.12345096677571313, 0.033719914463623615, -0.007732302432958433]","[-0.06607051881084776, 0.0, 0.07924789911977151]","[0.012162719071207912, -0.08123121859966265, 0.0032617243198722985, -0.9966155914683124]","[[0.9867814191722142, 0.004525385641233068, 0.1619919408139698], [-0.00847735560779137, 0.9996825774521763, 0.023713203239550826], [-0.16183325506760846, -0.024773018604508354, 0.9865068333928816]]","[0.0020673359951753597, -0.12732998416200134, 0.00875941385714547]",[0.4972421221881914],"[0.011332347885162965, -0.07410149325112259, 0.0, -0.9971850486325068]",[0.48216907249469354],"[-3.6192743757086223, -0.2298796739349091, -1.8755655745538462]","[984.1248376961399, 1112.4488532738496, 917.0362049747246, 1105.4435776430487]"
31,0.6199999999999974,"[-0.16567478958564238, -0.05779762612413804, 2.2535230861741047]","[0.22670724486874577, 0.0, 2.1779464447112753]","[0.13290374924795534, 0.03762049097884687, -0.010745928922655329]","[-0.06805832505599788, 0.0, 0.08162739781602421]","[0.012239465609838525, -0.07997648404464425, 0.0032210909568819025, -0.9967163273521077]","[[0.9871866283015927, 0.0044632890451003875, 0.15950658376701035], [-0.008378766749341278, 0.9996794952650503, 0.023883327363742532], [-0.15934888603903866, -0.024913773481820188, 0.9869077701186688]]","[0.008718588813099882, -0.10201893412553167, 0.006265941197553842]",[0.4981036992895086],"[0.009708389503883376, -0.07069472085171521, 0.0, -0.9974475560144729]",[0.482168539918],"[-3.6282946302346497, -0.6380408599724796, -1.0092412655018812]","[998.167328908929, 1108.4536852794079, 923.97807151852, 1106.447216297815]"
32,0.6400000000000006,"[-0.1631679655293019, -0.05707821401066052, 2.2544063000882946]","[0.2253251250077976, 0.0, 2.179604068307327]","[0.13291316091771838, 0.034814517507372744, -0.015849304373587177]","[-0.07004592391066282, 0.0, 0.08400590135138271]","[0.012454803006528976, -0.0786977448869931, 0.003170293419649211, -0.9968155614126468]","[[0.9875929997816768, 0.004360065810649752, 0.15697324426290382], [-0.008280725449152041, 0.9996694256464104, 0.024331293016961273], [-0.15681530274284533, -0.025329272787987137, 0.9873028570665473]]","[-0.00356552397563774, -0.144837013917461, 0.005466726795146345]",[0.5010706398113851],"[0.01087100419563404, -0.07015975006766408, 0.0, -0.9974759686964783]",[0.482168539918],"[-3.8078589985899938, -0.2704101207829559, -0.7023089784227565]","[965.4839551300414, 1147.2337767269607, 933.1194975111841, 1108.5134399467072]"
33,0.6599999999999966,"[-0.16032857357265434, -0.056253650460061984, 2.255448393387231]","[0.2239060962501469, 0.0, 2.181305852992597]","[0.14027641357010442, 0.042020949508852184, -0.009989416155972075]","[-0.0720333184073188, 0.0, 0.08638342431346992]","[0.012473751123813735, -0.07686654289492892, 0.0030875659224969734, -0.9969583600509748]","[[0.9881635676626843, 0.004238721065645124, 0.1533425121524237], [-0.008073977568922308, 0.9996693095617225, 0.024396959891317623], [-0.1531884580368413, -0.025346281965007763, 0.9878714448551382]]","[-0.015973136935776438, -0.17819280429263645, 0.00786783649439159]",[0.49958162254730565],"[0.007971184524746678, -0.06813562522374626, 0.0, -0.9976418582530955]",[0.482168539918],"[-3.250535400214481, -0.6990106981653966, 0.6840738803506312]","[955.9028852069164, 1174.545533496526, 959.3199921527058, 1108.9343359255863]"
34,0.6799999999999997,"[-0.15813971873589644, -0.05562725678758647, 2.2563143099328915]","[0.22244645962197196, 0.0, 2.1830562082231473]","[0.14401148206008302, 0.03393780920640854, 0.0008377342662700083]","[-0.07402046904097032, 0.0, 0.08875977719276043]","[0.012118652103766968, -0.07564199276792931, 0.003042745313296646, -0.9970566059608003]","[[0.9885377678499375, 0.004234220640176986, 0.1509124450983904], [-0.007900936619337755, 0.9996874665321203, 0.023705645632837138], [-0.15076494921082156, -0.024626282908769278, 0.9882625609903964]]","[-0.002623108794721322, -0.15644612179636147, 0.006734176578321851]",[0.4973729294528384],"[0.01196540979783962, -0.06830559243779404, 0.0, -0.997592405749223]",[0.482168539918],"[-4.022010445039255, -1.252551069005666, 0.5965759775042123]","[985.1769759036425, 1156.3284603584818, 952.6432710784716, 1125.2247829415246]"
35,0.7000000000000028,"[-0.15487175051806737, -0.05480961776528686, 2.2576676499185604]","[0.22094358847549297, 0.0, 2.1848582560718963]","[0.14267861190119213, 0.03454251132149997, 0.005215617571356441]","[-0.07600733767944369, 0.0, 0.09113477708718469]","[0.011973704560947282, -0.07378516856420794, 0.0030364148444061577, -0.9971973270085684]","[[0.9890924076787908, 0.004288845914326876, 0.14722945999875242], [-0.007822773151796959, 0.9996941706770622, 0.023432207602883125], [-0.14708403146166682, -0.02432837712738461, 0.9888241081071797]]","[0.035936310075538956, -0.17166992857974822, 0.003422770839719165]",[0.4963661310456536],"[0.011139167215591234, -0.06592685854873459, 0.0, -0.9977615798380561]",[0.482168539918],"[-3.39220052996847, -0.7679820729581206, -0.15660164136581756]","[982.8312614113665, 1160.7454121272428, 937.4558854719878, 1133.0605420322916]"
36,0.7199999999999989,"[-0.15186670468959282, -0.054075151873952204, 2.2590444210834066]","[0.21940497724087815, 0.0, 2.186703015979831]","[0.15070258230493458, 0.031110494852150443, 0.005902752869070433]","[-0.07799395115838928, 0.0, 0.09350855281942105]","[0.011584961340508786, -0.07189896345638302, 0.0029917202303619194, -0.9973399127160563]","[[0.9896427014896928, 0.0043016305627103305, 0.14348472980234867], [-0.007633417410969736, 0.9997132007233752, 0.02267808549729481], [-0.1433460939495072, -0.023538491831352863, 0.9893921796110441]]","[0.053986961533147776, -0.17471934122832652, 0.001300521786202786]",[0.49727141024185445],"[0.012701407199999749, -0.06315552649091231, 0.0, -0.9979218990300529]",[0.482168539918],"[-3.7823579154163647, -0.8604699441521515, -1.0127338337199845]","[988.0091688599696, 1148.563944045471, 925.8305662249018, 1141.6873522106432]"
37,0.740000000000002,"[-0.14895492038570757, -0.053407008798855925, 2.2605316799640143]","[0.21782517301838883, 0.0, 2.1885969859301873]","[0.14487667568413276, 0.032320113708626926, 0.0025070231139481]","[-0.07998025053817867, 0.0, 0.09588082168785307]","[0.010949744758601797, -0.07034647766041366, 0.0029031159722450366, -0.9974581041976849]","[[0.9900855115383428, 0.004250921157786681, 0.14039890524608342], [-0.007332025057979532, 0.9997429715562398, 0.02143537533095272], [-0.1402717517304806, -0.022252271262501223, 0.9898625738824823]]","[0.0543212493328775, -0.15841752633967568, 0.002239100396972968]",[0.49993918221823314],"[0.01197610955199772, -0.06514007488334171, 0.0, -0.9978033772410357]",[0.482168539918],"[-3.367516778987264, 0.16118324526957584, 0.5244954170614236]","[991.4026170911285, 1137.9116239072791, 928.5206652772024, 1136.096497863623]"
38,0.759999999999998,"[-0.1460243318325456, -0.05270011243841394, 2.262157832431585]","[0.21620553572236492, 0.0, 2.190538517341846]","[0.15652458286792462, 0.039199114115620805, 0.023107339712503932]","[-0.08196622096938853, 0.0, 0.09825151254874884]","[0.010490139271545188, -0.06864874303189859, 0.0028412739070642562, -0.9975814608095049]","[[0.9905580912154875, 0.004228534599095914, 0.13702503743098288], [-0.0071090740999804475, 0.999763305011334, 0.020539437152547826], [-0.136905815995008, -0.021319636681864994, 0.9903541508464447]]","[0.04244716398051961, -0.1751921268626946, 0.004194907755556404]",[0.4925356571711974],"[0.009030430293693015, -0.06016429707509916, 0.0, -0.9981429842462679]",[0.482168539918],"[-2.9767584881560505, -0.5293444166297082, 2.2229058796716643]","[985.8432329845834, 1144.465554646198, 909.9905071998959, 1155.548684553958]"
39,0.7800000000000011,"[-0.14402472924461807, -0.052165930813787856, 2.263404283814316]","[0.21454901486945185, 0.0, 2.192524067062328]","[0.1521913481863039, 0.03229315205636376, 0.033217278467526784]","[-0.08395186489831759, 0.0, 0.10062063722784316]","[0.010180760203495324, -0.06741830205902936, 0.002836613898826404, -0.9976688209911628]","[[0.9908934504252844, 0.004287263354918983, 0.13458003362870352], [-0.007032741621278154, 0.9997766095736873, 0.01993157467271802], [-0.1344645180851281, -0.0206965334433417, 0.9907022474254643]]","[0.030426524538390096, -0.18811807899529362, 0.006623305919231768]",[0.4913901777195821],"[0.012261063569191512, -0.06292677494004201, 0.0, -0.9979421611733225]",[0.482168539918],"[-4.240932232108566, -1.378809311584446, -0.8197000021135565]","[983.6157968810317, 1151.769606091399, 914.8266467607867, 1154.7622613859817]"
40,0.7999999999999972,"[-0.14082028876579625, -0.05153825179350796, 2.2654586394226306]","[0.2128490924620682, 0.0, 2.194561384540544]","[0.14987673780880048, 0.02954642074595874, 0.022384634252709742]","[-0.08593709523195842, 0.0, 0.1029877780868062]","[0.010107204437851106, -0.06561564119735266, 0.0027437838843447195, -0.9977899283209989]","[[0.9913739559206289, 0.004149058450772602, 0.13099671582339048], [-0.006801821250381916, 0.9997804694970113, 0.019809663305381787], [-0.13088578788478109, -0.020529803860894758, 0.9911847014575399]]","[0.01586281233253575, -0.1655387762174094, 0.004914189683823304]",[0.49644100240677025],"[0.012893229806840543, -0.0615844065190947, 0.0, -0.9980179549931101]",[0.48239374620700004],"[-3.254293020626336, -0.4532312794831579, 0.6511352814524258]","[981.8837949560354, 1157.6313036317415, 928.1664224004603, 1144.6163519067495]"
41,0.8200000000000003,"[-0.1375442345934761, -0.05075234036259868, 2.2677177014499406]","[0.21110607832223693, 0.0, 2.196650066804736]","[0.1537347467752421, 0.03243084411849988, 0.048411417198125514]","[-0.08792188227034108, 0.0, 0.10535279283399161]","[0.010138546546019008, -0.06373820427632737, 0.0027214794555248008, -0.9979109737046321]","[[0.9918591364313951, 0.004139162925129386, 0.12726529067541695], [-0.006724013928390237, 0.9997786735480052, 0.019887809284434992], [-0.12715492329088143, -0.02058165813831526, 0.9916683690801172]]","[0.0072484830290807, -0.1652479134056672, 0.006024464738255487]",[0.4868450392313017],"[0.011285725411667486, -0.05788116199641838, 0.0, -0.9982572172049452]",[0.48239374620700004],"[-3.489143736327769, -0.10606726570706443, 1.3238386725210454]","[961.9603239776912, 1155.7970563859358, 928.0535967036016, 1123.9227304386186]"
42,0.8399999999999963,"[-0.13504645111883862, -0.05019099186258151, 2.2695425926403363]","[0.20933267805878084, 0.0, 2.198774944165315]","[0.1468692324779389, 0.03344314056298121, 0.03835511469733492]","[-0.08990633311728195, 0.0, 0.10771619528627815]","[0.01028750745004785, -0.06226456538116272, 0.0027023224826241547, -0.9980030130970071]","[[0.9922316683113346, 0.004112757599571976, 0.12433604804449684], [-0.006674946320502788, 0.9997737548964752, 0.02019740899501065], [-0.12422484739380714, -0.020870444734611998, 0.9920346077858653]]","[0.0003571222435878521, -0.1695883003299347, 0.003495355008876224]",[0.493959377713328],"[0.010825285982513054, -0.06229141804361701, 0.0, -0.9979989038950544]",[0.48239374620700004],"[-4.234815486464471, -1.0642213504424558, -1.4722784145875778]","[982.5296256289071, 1143.0328357553644, 931.5552727094934, 1125.7176730068786]"
43,0.8599999999999994,"[-0.13339885787881486, -0.04984626198364143, 2.2708092263479465]","[0.20751390710909345, 0.0, 2.2009538373182824]","[0.14244804892015947, 0.025838875789705507, 0.03888597235824903]","[-0.09189025549215375, 0.0, 0.11007706347286944]","[0.010321004720008407, -0.061405645282121744, 0.0026831550070731728, -0.9980557713782103]","[[0.992443993326479, 0.004088340771039565, 0.12262790304903459], [-0.006623412590207326, 0.9997722535946457, 0.020272354925249713], [-0.12251713162706451, -0.02093139838365485, 0.9922453456912022]]","[-0.0036769594756547778, -0.16546722626399313, 0.002629589325518684]",[0.49348201642103806],"[0.009449093138218111, -0.059082435082714324, 0.0, -0.998207449492248]",[0.48239374620700004],"[-3.395756178627728, -1.1928453521227054, -0.25050249848725414]","[968.6219481472423, 1136.712385051062, 918.9636064691719, 1109.5988785026739]"
44,0.8800000000000026,"[-0.12907382756003946, -0.048892666361304564, 2.2742789798121374]","[0.2056530494691404, 0.0, 2.2031827943307207]","[0.14422865294583273, 0.024718822980435075, 0.04257751224347298]","[-0.09387364902082262, 0.0, 0.11243539584963286]","[0.01032454250982699, -0.05920780588553796, 0.0026206307224899486, -0.998188243506368]","[[0.9929739336692023, 0.004009178537964489, 0.11825518514409608], [-0.006454352573079775, 0.9997718698686869, 0.02030135031555234], [-0.11814695789090846, -0.02092199749601179, 0.9927744767238952]]","[-0.015029943452921562, -0.14878300676463568, 0.004067250919249397]",[0.49269112205769205],"[0.0131662398798135, -0.05671087315133264, 0.0, -0.9983013091436984]",[0.48239374620700004],"[-2.739736322793937, -0.7865953297261883, 2.129067569544457]","[953.2398809209277, 1162.3112985527014, 925.4912862342601, 1119.5121909863415]"
