,t,p,p_d,v,v_d,q,R,w,T_sp,q_sp,hover_throttle,fa,pwm
0,0.0,"[-0.7137260896982957, -0.0454235845701641, 2.1056405035371926]","[0.249844093018821, 0.0, 2.1501870883778644]","[0.01857727401806647, 0.0074586139317624955, 0.060617254342834104]","[-0.005497308055590183, 0.0, 0.006596769471277731]","[0.0069835130832653575, -0.12070523696693199, -0.0015847887720545492, -0.9926625859390948]","[[0.9708555131915797, -0.004832214244424253, 0.23961701054172416], [0.0014604278381153935, 0.9998974827440978, 0.014247128920894137], [-0.23966128011421958, -0.013481959703800627, 0.9707629973925155]]","[0.0356646704638149, -0.06320811766116913, -0.019671783820594903]",[0.5428915141051472],"[0.012723516529897174, -0.18985839208872704, 0.0, -0.9817046679906527]",[0.501193090095],"[-6.7321856271394624, -0.40028175100091673, -1.3365367524335419]","[959.5946649585671, 1266.6532329584763, 958.902593533058, 1199.2101927035076]"
1,0.019999999999999574,"[-0.71361199720027, -0.045140311465587384, 2.1067717163707993]","[0.2497161618807619, 0.0, 2.150340605736142]","[0.012783789680457578, 0.01797841027361287, 0.06202386858511036]","[-0.0074867446909501, 0.0, 0.00898409288184851]","[0.006749971228065891, -0.12031007007682261, -0.0014605067522705528, -0.9927123389494321]","[[0.9710467039721685, -0.004523905171126166, 0.2388468653731529], [0.0012755471252655912, 0.999904605672789, 0.01375298679073601], [-0.23888629888737775, -0.013050132111882638, 0.970959845908956]]","[0.04199788342129668, -0.03101324978318952, -0.01868589231267626]",[0.5495012560508095],"[0.006177995457029263, -0.2015894647838398, 0.0, -0.9794402417055226]",[0.501193090095],"[-6.7922493180985235, -0.391102956303209, -1.674199665438838]","[964.84217264843, 1300.00576703901, 911.3819017594427, 1288.8113530355715]"
2,0.03999999999999915,"[-0.7135404036614776, -0.044810631364017424, 2.1081179099503484]","[0.24954668000599434, 0.0, 2.150543983956139]","[0.017938104504176076, 0.0020175521332130913, 0.08523902104841351]","[-0.009476181037832543, 0.0, 0.011371414907701258]","[0.006307876833716464, -0.12027317649820592, -0.0013516738343341782, -0.9927199071052079]","[[0.9710651392659988, -0.004201003814014581, 0.2387781008169618], [0.0011663302790124819, 0.9999168346156373, 0.012849050020085965], [-0.23881220558522717, -0.012198769597506438, 0.970989214690009]]","[0.06157633583338377, -0.009284991589792315, -0.019543960501822246]",[0.5424708029488966],"[0.015828900236925406, -0.20949948408650718, 0.0, -0.9776701667727989]",[0.501193090095],"[-7.540191971927926, -0.8248089126484855, 0.1373707973840652]","[945.2597513003578, 1349.4454564775626, 865.074046123153, 1369.566223829678]"
3,0.05999999999999872,"[-0.7136153663095721, -0.044530310988386924, 2.1096457315747275]","[0.24933758200237582, 0.0, 2.150794901482164]","[-0.00042044843945937744, 0.012409147106875976, 0.08133117693694869]","[-0.01146561682870872, 0.0, 0.013758734264834739]","[0.005917245973656589, -0.12051328510464758, -0.001165387279610984, -0.9926932299017321]","[[0.9709500524784205, -0.00373995762748205, 0.23925165270682577], [0.0008875306232516325, 0.9999269286520232, 0.012028909334394535], [-0.2392792362395779, -0.011467130736454183, 0.9708827411336179]]","[0.06717014165453916, 0.06092928535438219, -0.026867050127159748]",[0.5516198076361685],"[0.009870971242821491, -0.22150248107185314, 0.0, -0.9751060286735469]",[0.501193090095],"[-9.0831149312001, 0.03328064389482077, -2.289909361955022]","[976.1411649815558, 1349.010747197947, 919.3225633545266, 1339.1381641838602]"
4,0.0799999999999983,"[-0.7139863180258009, -0.04427450355086832, 2.1113021253358744]","[0.2490874666589679, 0.0, 2.1510950397034354]","[-0.011101275432820011, 0.005030390161345929, 0.08262891218525988]","[-0.013455051587522759, 0.0, 0.016146048668009654]","[0.00557572723810172, -0.12295800916786814, -0.0009731310175474227, -0.9923939160130489]","[[0.9697571542714453, -0.0033026192443153866, 0.24403470862029653], [0.0005602979608752131, 0.9999323208400289, 0.01130594408203504], [-0.24405641227277963, -0.010827327071726508, 0.9696968707709325]]","[0.014014467754676786, 0.2771889560520024, -0.021415690326491692]",[0.5583324687949969],"[0.014101706902750337, -0.22927529695072618, 0.0, -0.9732564390801041]",[0.501193090095],"[-7.9959407291458096, -0.926414856958542, -1.653260820376257]","[1003.2109693425349, 1302.6604259602373, 943.7942811881506, 1299.6707378036988]"
5,0.10000000000000142,"[-0.7143568868762684, -0.04409189156662296, 2.112971252792542]","[0.24880033568539103, 0.0, 2.151439596510316]","[-0.015011752435020035, 0.007889857341457916, 0.08756864858239688]","[-0.015444484906896998, 0.0, 0.01853335616200648]","[0.005808243445176755, -0.1283410825264618, -0.0008830178337332074, -0.991712097449829]","[[0.9670544067356988, -0.0032422714386167485, 0.2545445507175086], [0.00026052643329190547, 0.9999298022799901, 0.011746865508373904], [-0.25456506584768757, -0.011293555649687939, 0.9669884947928513]]","[-0.0318316124454386, 0.5300971420060078, -0.007295865648801558]",[0.5652765494157533],"[0.01735354321550782, -0.23375219504532793, 0.0, -0.9721303126935723]",[0.501193090095],"[-7.583756774495817, 0.9522100271542095, -1.4620585596664988]","[1028.4600748910693, 1319.2274622296716, 953.4694199187944, 1333.0331627715184]"
6,0.120000000000001,"[-0.714761902556791, -0.0436371673780275, 2.1149218222305497]","[0.24846140738714526, 0.0, 2.151846309616217]","[-0.013046811256102724, 0.020301927136115998, 0.0962700160006578]","[-0.017433914865349596, 0.0, 0.02092064752337169]","[0.006280452496059482, -0.13614104271813787, -0.0007676997785216392, -0.9906474408462576]","[[0.9628868232634629, -0.0032310943449719402, 0.2697259081217481], [-0.00018901506124913777, 0.999876702121116, 0.01265245928184047], [-0.2697451941297091, -0.012234397488470794, 0.9628091138222522]]","[-0.058670110775351, 0.706195660035696, -0.004274277762751381]",[0.5699112945798706],"[0.009208656473794104, -0.2390985982348502, 0.0, -0.9709514195415319]",[0.5012381654178858],"[-7.042183572275823, 0.26278222757431297, -0.8708666636285081]","[1054.7833157241867, 1309.964397042035, 1003.9602349709642, 1300.2570254055836]"
7,0.14000000000000057,"[-0.71514366772634, -0.04314430783942656, 2.116943130900874]","[0.24810287931359476, 0.0, 2.152276542190568]","[-0.0035225529634126873, 0.016954783525086115, 0.1097954793320252]","[-0.019423343185616414, 0.0, 0.023307931021544822]","[0.0069813332873917815, -0.14509454650118256, -0.0006689821778760504, -0.9893909742411633]","[[0.9578903639628097, -0.0033496766320529627, 0.2871011286646754], [-0.0007021369171779199, 0.999897740782638, 0.014008667616862234], [-0.28711981021486377, -0.013620404953997037, 0.957793781008179]]","[-0.09482061129899416, 0.8917042909605171, 0.0018897187566540884]",[0.5720323913528861],"[0.010431547644274564, -0.24076554869334946, 0.0, -0.9705242797632087]",[0.501303746057],"[-7.743587711911145, -0.646444777928558, -0.9942560540343486]","[1087.276729258798, 1296.912918035359, 1062.8930829648082, 1260.9448464940233]"
8,0.16000000000000014,"[-0.7153768476515353, -0.04268049545139747, 2.1192224527004537]","[0.24768356373518938, 0.0, 2.1527797184439055]","[-0.00200566328665894, 0.019826403015674454, 0.116483098224086]","[-0.021412764121918965, 0.0, 0.0256951790767477]","[0.008028991236369755, -0.15482532351107078, -0.0006046453855199694, -0.9878806878245633]","[[0.952001471680656, -0.00368081732995183, 0.3058881847805514], [-0.0012915473326021677, 0.999814303880724, 0.0160505996050899], [-0.3059076035505572, -0.015676141935399478, 0.9518732734721931]]","[-0.10204397023277273, 0.980794103802446, 0.0014348831606790621]",[0.5700694791222908],"[0.010353769269510798, -0.24468006223564698, 0.0, -0.9695430612612276]",[0.501303746057],"[-8.64096719584229, 0.28996475971342955, -1.5388050608014296]","[1094.119000730517, 1301.1664201874885, 1076.2231608942407, 1255.691559950773]"
9,0.17999999999999972,"[-0.7155894547631623, -0.04225499999680769, 2.121484191095359]","[0.24724646777318288, 0.0, 2.1533042306297374]","[0.0048945497390862356, 0.02512904553310543, 0.12073301297109389]","[-0.023402182314813585, 0.0, 0.028082413963704995]","[0.00893071173357, -0.163510073839, -0.0005645991826519999, -0.986501105951]","[[0.9465283266355421, -0.0040344781061921655, 0.3225956528075158], [-0.0018065672337712515, 0.9998398999050763, 0.017804949312282495], [-0.3226158218976969, -0.017435678696103022, 0.9463694489558799]]","[-0.09437666408019998, 0.999148271351, -0.0027764113912999997]",[0.5729275709793807],"[0.010496225446512363, -0.24593733297800233, 0.0, -0.9691986121938508]",[0.501303746057],"[-8.056732756229552, -0.8858225436601318, -1.0604629497080467]","[1112.8236827732342, 1290.0955683310203, 1074.9341621639076, 1266.1342868187244]"
10,0.1999999999999993,"[-0.7154511716069978, -0.041761777198061414, 2.1240669668817733]","[0.24675477447989647, 0.0, 2.153894257296565]","[0.019670676586279353, 0.016402205257532453, 0.12934072224499252]","[-0.025391589517647015, 0.0, 0.030469596098526154]","[0.009609489796718967, -0.17350133557631212, -0.0004086216843370796, -0.9847582507060065]","[[0.9397382742092623, -0.004139305778012019, 0.3417058901427572], [-0.0025297314777387205, 0.999759016514484, 0.019067841540744226], [-0.3417215967263826, -0.018784255908832526, 0.9395539235643177]]","[-0.08111419525830678, 1.0396915033925085, -0.007167806110223938]",[0.5756189406639813],"[0.018822668013864667, -0.247365185948744, 0.0, -0.9687272371876382]",[0.501303746057],"[-8.208367183453435, -0.8897332331157859, -2.2585689313096644]","[1151.2818850727956, 1255.1857019584895, 1099.1670440250134, 1236.294539396231]"
11,0.21999999999999886,"[-0.7150506375113503, -0.041289112041647695, 2.12667252175168]","[0.24622744374301136, 0.0, 2.1545270466395667]","[0.033174762192768305, 0.022059400956409222, 0.11683949080167572]","[-0.027380987050157308, 0.0, 0.03285673181609323]","[0.010366662166012789, -0.1824416267205447, -0.00032818059621273735, -0.9831588918705919]","[[0.9334238194857322, -0.004427928761071287, 0.35873141084053706], [-0.003137314075847507, 0.9997787784376808, 0.020503899778730187], [-0.35874501939001857, -0.02026440457140551, 0.9332090995218112]]","[-0.07180333154960505, 1.0632256981233696, -0.007300237948054746]",[0.5823301615099552],"[0.016306308650117434, -0.24573766667650274, 0.0, -0.9691981931579853]",[0.501303746057],"[-9.355231715829955, -0.033296833997388475, -4.406868848330152]","[1173.9915643209495, 1240.6352957374183, 1119.1775307591606, 1229.2644950598492]"
12,0.23999999999999844,"[-0.7143200105999639, -0.040802694298157145, 2.1290565008043023]","[0.24565801992447325, 0.0, 2.1552103441544066]","[0.045545965055148095, 0.024483233011369093, 0.1047348873225719]","[-0.029370370486960857, 0.0, 0.035243799874872146]","[0.010840942084477978, -0.19293524250045435, -0.0002608102914318069, -0.9811257276643587]","[[0.9255011436894791, -0.004694974953931049, 0.3785818055221867], [-0.003671424206077509, 0.9997141072363394, 0.02137329337604927], [-0.37859311523924444, -0.021172015388753233, 0.9252662276829373]]","[-0.06662155245663723, 0.9781123847361126, -0.004058965986267808]",[0.5887437336740847],"[0.015215372861850521, -0.24461637574963896, 0.0, -0.969499685450604]",[0.501303746057],"[-8.426107947857721, 0.39224318008353665, -1.5122484784238992]","[1177.9597032387483, 1241.8776836433974, 1121.017748815585, 1240.239948581379]"
13,0.26000000000000156,"[-0.7131333206938472, -0.0402079841147128, 2.1316157926257744]","[0.24505497868648873, 0.0, 2.1559339789365226]","[0.07997516935633561, 0.03672263658746266, 0.1260292025011341]","[-0.03135974025939128, 0.0, 0.03763080234527322]","[0.01154075547957985, -0.20338328413136816, -0.00022360947953854805, -0.9790302639794825]","[[0.9172686365595143, -0.005132234397149944, 0.39823161945964236], [-0.004256552606026186, 0.9997317790135571, 0.02268845462801435], [-0.39824194194894746, -0.022506540906768523, 0.9170023584878341]]","[-0.07204364929092602, 0.8939319435656871, 0.0031316827229123127]",[0.5787123883382365],"[0.009915991723654512, -0.24268410318898656, 0.0, -0.9700541056075029]",[0.501303746057],"[-7.130096727278551, 0.448960759664926, 1.1912555157381632]","[1170.072364714948, 1255.560162818715, 1145.1280765706547, 1216.8981875141592]"
14,0.28000000000000114,"[-0.7113604317851434, -0.03949700011342827, 2.1341738718920427]","[0.24440703328328395, 0.0, 2.1567114924782773]","[0.11212097502238348, 0.03900498591228236, 0.13610482092736856]","[-0.03334908803599604, 0.0, 0.0400176992375543]","[0.01217574383254983, -0.20862428097106755, -0.00027589434762652956, -0.9779121612120266]","[[0.9129362770558667, -0.00561991248021452, 0.40802572453364044], [-0.004540710729199954, 0.9996879608015048, 0.023928732451100748], [-0.4080391614092466, -0.023698499411510483, 0.912639931815497]]","[-0.09176235781375802, 0.8477170772307694, 0.013616372295688468]",[0.5743851250541316],"[0.009169868127489282, -0.23945184381480406, 0.0, -0.9708645289907623]",[0.501303746057],"[-8.970228163686048, -0.9912297808827364, -1.6601702916020287]","[1190.0175743620491, 1271.1562278666609, 1177.798308371749, 1221.8299948888941]"
15,0.3000000000000007,"[-0.7091736044312366, -0.03878775629056712, 2.1365430278630666]","[0.24372085125753137, 0.0, 2.1575348830437022]","[0.13060966861377374, 0.035814383789165044, 0.12169674860378375]","[-0.03533841292819941, 0.0, 0.042404486286622925]","[0.013179215756585552, -0.21888210087827906, -0.00029114545269827885, -0.9756612387291712]","[[0.9041790856359357, -0.006337507531519063, 0.427101889219615], [-0.005201270199399192, 0.9996504503497967, 0.025844352997794053], [-0.42711723749456565, -0.02558944688440303, 0.9038318717113677]]","[-0.08819561712996117, 0.711478618725532, 0.01567153552896639]",[0.5784337235289749],"[0.010065411039648156, -0.23702334246163476, 0.0, -0.9714499533385842]",[0.5013253422716543],"[-9.589896485964829, -0.4446400646270747, -3.037262978757987]","[1190.109231999666, 1288.3568372399748, 1162.745784198486, 1227.4877946887855]"
16,0.3200000000000003,"[-0.7058892457985182, -0.03794034993310779, 2.139091556029083]","[0.24298946530598234, 0.0, 2.158412507932882]","[0.16416085653825077, 0.04264180090672601, 0.11320606964185505]","[-0.03732770547186625, 0.0, 0.0447911180660921]","[0.013804525159133437, -0.223482418513008, -0.0003493244283513773, -0.9746063170088695]","[[0.9001035246564826, -0.006851044927087144, 0.4356051091306753], [-0.005489229748860085, 0.9996111775955908, 0.027064090582985912], [-0.43562439816211485, -0.026751819110611353, 0.8997226388818568]]","[-0.08196894518491601, 0.6509621672123689, 0.019521461029553752]",[0.5779987417650727],"[0.008169850137451768, -0.23124803604231337, 0.0, -0.9728539177421581]",[0.5016299045636419],"[-7.663569285185553, -0.7695034574865872, -0.7576226877468031]","[1177.54710719427, 1262.493980442047, 1176.4720425574792, 1196.727995327946]"
17,0.33999999999999986,"[-0.7025982202396325, -0.03717049931900016, 2.1411455094093013]","[0.24222685050501516, 0.0, 2.159327598196905]","[0.2065498030552221, 0.03597091799725707, 0.11765164600320777]","[-0.039316970987941444, 0.0, 0.04717762011713026]","[0.014489268905409131, -0.22972796901643833, -0.00045058967058749704, -0.973145616583262]","[[0.8944471872091616, -0.007534159361965181, 0.4471044746800385], [-0.005780201910725507, 0.9995771888791705, 0.028407363145357814], [-0.44713058953965107, -0.027993310945822407, 0.8940277154444376]]","[-0.05075171943655258, 0.591660612283008, 0.010731220324011635]",[0.5717595530006433],"[0.011126503064261405, -0.22501398065722247, 0.0, -0.9742888225516815]",[0.5017238358330001],"[-8.71086137369661, -1.5068898800538415, -2.625961749238396]","[1198.193020898148, 1222.8304989451697, 1159.2503699998485, 1203.6064933347568]"
18,0.35999999999999943,"[-0.6980319665061745, -0.03622980664364166, 2.143218106894196]","[0.24141612790684996, 0.0, 2.1603004013316163]","[0.23355045614938402, 0.03668581728755479, 0.0861135980483004]","[-0.041306190072408225, 0.0, 0.04956389930415666]","[0.014623524008521717, -0.23398869520478932, -0.00047620969464856584, -0.9721256690123697]","[[0.8904912275478621, -0.007769349940100641, 0.45491890600676904], [-0.005917607268098987, 0.9995649516062861, 0.028654661490394626], [-0.45494676146238017, -0.028208950750015872, 0.8900639861903531]]","[-0.008872397429702743, 0.48587076396534523, -0.004010843264341361]",[0.5761160677222826],"[0.010746674108683513, -0.21848023246412107, 0.0, -0.975773810519133]",[0.5017238358330001],"[-8.795724604674657, 0.28549847674487183, -1.6903027988042965]","[1201.1641502016457, 1222.7942426861075, 1163.5756457599477, 1199.8063483270048]"
19,0.379999999999999,"[-0.6936551539044009, -0.03539725509735458, 2.144859528887447]","[0.24057602613112813, 0.0, 2.1613084466647003]","[0.2768207717012518, 0.04873085030598488, 0.09899756688522861]","[-0.043295375153527, 0.0, 0.051950015281918865]","[0.01429948441445037, -0.23929431840948445, -0.00047575416077116873, -0.9708414190496681]","[[0.8854755390318112, -0.007767334442249625, 0.4646200652319599], [-0.005919807064002164, 0.9995901301688924, 0.027992754016471645], [-0.46464727738878814, -0.027537372945942794, 0.885067041206816]]","[0.03916295220548321, 0.3534024638369875, -0.01633901151779481]",[0.5654931337759628],"[0.006384366700056345, -0.21298401415075596, 0.0, -0.9770339958521767]",[0.5017238358330001],"[-9.722015927415391, -0.583734276498423, -1.153427214748195]","[1211.0274262685866, 1196.8651895732862, 1165.235683838428, 1188.3072874445124]"
20,0.3999999999999986,"[-0.6884972081892318, -0.03448041668078016, 2.146232500910471]","[0.23969115800898255, 0.0, 2.162370189521835]","[0.29485943813260757, 0.04133839579111638, 0.06552169488184209]","[-0.0452845033757674, 0.0, 0.054335858351062666]","[0.013993529239647737, -0.24201353406101364, -0.0005270434126256736, -0.9701717791051149]","[[0.8828582713891044, -0.007795892221131917, 0.4695746514201695], [-0.005750601639961194, 0.9996077350053455, 0.02740735759456321], [-0.4696041522097901, -0.02689715103899075, 0.8824671892174603]]","[0.028849921554169388, 0.28366287844709503, -0.002425423337155938]",[0.5720536044220697],"[0.008348466444685433, -0.20853827472121078, 0.0, -0.9779783318878389]",[0.5017238358330001],"[-9.256177111281565, -0.7510406635629363, -2.5455703584752882]","[1203.1351812849427, 1197.84505033135, 1168.8655801636755, 1183.7242693501348]"
21,0.4200000000000017,"[-0.681001173762534, -0.03326025920794101, 2.147483672141725]","[0.23876004221512978, 0.0, 2.163487400758913]","[0.346567401457338, 0.05189517938419916, 0.06336092631688943]","[-0.04727356162446197, 0.0, 0.05672136556811007]","[0.013555289584157595, -0.2433847536819637, -0.0005859437455463748, -0.9698346153745027]","[[0.8815264453994168, -0.007734838687241896, 0.4720700326760289], [-0.005461764578869641, 0.9996312302976563, 0.02657799766864555], [-0.47210180322463247, -0.026007558571920383, 0.881159640308142]]","[0.03635970767932685, 0.17234659919078527, 0.0019419795033002187]",[0.5662067369726382],"[0.005435050248867748, -0.19829971850210565, 0.0, -0.980108039535718]",[0.5017238358330001],"[-8.630927692035748, 0.34326471497254263, -3.19521783896975]","[1198.4053303760845, 1211.4864724248407, 1172.03232250227, 1186.4111806748185]"
22,0.4400000000000013,"[-0.6745206362842995, -0.03226028196952934, 2.1482784615805777]","[0.23779931409060556, 0.0, 2.164640124744407]","[0.37118037421759176, 0.05660042155622053, 0.0175636036229414]","[-0.04926256865250919, 0.0, 0.05910662694458093]","[0.013020363174254328, -0.2441291878656063, -0.0007133710797611474, -0.9696550512525263]","[[0.8808008790105109, -0.007740749116707644, 0.4734236236430512], [-0.004973853633076183, 0.9996599400319729, 0.02559883124681397], [-0.47346077704519723, -0.024902212437418376, 0.8804628370927268]]","[0.05695356857736951, 0.04350521757306232, 0.00012820452939084315]",[0.5779902211058128],"[0.003935919240682346, -0.19135739512312044, 0.0, -0.9815091350250128]",[0.5017238358330001],"[-9.7304186384257, 0.5102430118522717, -3.7283741455937225]","[1191.5217928373177, 1205.3586553720118, 1169.0759661160355, 1179.0759661160355]"
23,0.46000000000000085,"[-0.6663153728821849, -0.031055775849169704, 2.1487677970539774]","[0.23679307524981505, 0.0, 2.1658474230876124]","[0.4165438469001568, 0.06905080725512852, 0.01853200203919375]","[-0.05125148910487274, 0.0, 0.061491472793355366]","[0.01265470796036397, -0.24382839987761498, -0.0009067689060619842, -0.9697352317794256]","[[0.8810934505711312, -0.007929805896368916, 0.47287502994806335], [-0.0044125028752073385, 0.9996777444777631, 0.02498562433693673], [-0.47292092953083836, -0.024101240291241253, 0.880774811763705]]","[0.045690128012118546, -0.04346351452968315, 0.009758367153424898]",[0.5723557935977497],"[0.0002412588080471311, -0.18256006255275803, 0.0, -0.9831907818497189]",[0.5017238358330001],"[-8.201418258390216, -0.18368105707200533, 0.30177413363238514]","[1187.381721672039, 1211.417330548892, 1177.1559753021454, 1186.7263575853567]"
24,0.4800000000000004,"[-0.6579869052660157, -0.029858120113136957, 2.148940202750618]","[0.23574867208689182, 0.0, 2.1671004801581453]","[0.4538544491598725, 0.06283643016672096, 0.011650725653190823]","[-0.05324032673492712, 0.0, 0.06387592113502968]","[0.012069421366137423, -0.2420929192225803, -0.001285957641569423, -0.9701768145029944]","[[0.8827780871065243, -0.008339055480278397, 0.4697148328409172], [-0.0033486303271439716, 0.9997047083177192, 0.024041588026675418], [-0.4697769158994576, -0.022796303068898915, 0.8824900526164093]]","[0.045787168038477224, -0.2025798793308195, 0.017866566154939225]",[0.569984536635561],"[0.0018146517181521155, -0.17479540105441638, 0.0, -0.9845994218665046]",[0.5017238358330001],"[-9.638637938321356, -2.2559228075087847, -2.992293838071955]","[1177.653592317318, 1237.456079863598, 1185.116943134595, 1192.3647473733074]"
25,0.5,"[-0.648663827895991, -0.028637065446389148, 2.1487816253629552]","[0.2346638133509442, 0.0, 2.1684020365163836]","[0.48234457313770307, 0.05134864901762818, -0.02256278425906387]","[-0.05522906606303358, 0.0, 0.06625989768318818]","[0.011513494784908221, -0.2392479942250321, -0.001539063713732081, -0.9708883548471703]","[[0.8855147866821911, -0.008497679141679952, 0.46453074302317005], [-0.0025206429935586854, 0.9997288710392689, 0.023093071833511895], [-0.46460162303133684, -0.021620200207532175, 0.8852544029920967]]","[0.058721912154475406, -0.3099817932344716, 0.018045583023133926]",[0.5754827454043618],"[0.004782060557155311, -0.16678227636836693, 0.0, -0.9859775782464176]",[0.5017752998945039],"[-9.804302295144774, -1.1234710472202427, -4.791645480220339]","[1161.3737426194596, 1239.9535677954213, 1178.1707775596738, 1186.9637991160926]"
26,0.5199999999999996,"[-0.6386007084258182, -0.027387552365752875, 2.148270868731002]","[0.23353882588365316, 0.0, 2.1697516927186573]","[0.5161439485552649, 0.05545222880051944, -0.04559473918588263]","[-0.05721769624366216, 0.0, 0.06864335039471163]","[0.01071113234997078, -0.2356327402331825, -0.0017203690662722295, -0.9717804245217664]","[[0.8889461739004004, -0.00839142889636009, 0.45792971446853914], [-0.0017041449701355208, 0.9997622937275602, 0.021628488038923113], [-0.4580034228715777, -0.020006986929730606, 0.8887226365274117]]","[0.07361936509670697, -0.3840920859650929, 0.00889576023715272]",[0.5782034523351431],"[0.003396432607089247, -0.15801910501325547, 0.0, -0.9874263462158264]",[0.50214002482],"[-9.111422123132442, -0.8559111109773523, -1.6697147087393027]","[1172.7136040465446, 1216.8406516315663, 1180.121497200633, 1177.128178990975]"
27,0.5399999999999991,"[-0.6282731653907005, -0.02621118720514386, 2.1475559434757776]","[0.23237467402696624, 0.0, 2.1711482848469936]","[0.5504645161657485, 0.04959944693296892, -0.04049094945352421]","[-0.05920620811090394, 0.0, 0.07102623529150433]","[0.01000469866800218, -0.2313273671934252, -0.001974142808431646, -0.972820770314307]","[[0.8929640970978894, -0.008469695460082872, 0.450040633687925], [-0.0007877469496471779, 0.999788610732298, 0.02037890384661346], [-0.45011963650362885, -0.01855221081326015, 0.8927717035866706]]","[0.10135499406766629, -0.47382306297944754, -0.0015847892474363887]",[0.5742188397067234],"[0.004764351472162626, -0.1507601949359741, 0.0, -0.9885528969505911]",[0.50214002482],"[-8.768999500866311, 0.4281178413912855, 0.5622149637809528]","[1187.2407466916095, 1212.278988726065, 1161.494375706173, 1212.3974537144074]"
28,0.5599999999999987,"[-0.6176015857745982, -0.02504330893118824, 2.146742191029714]","[0.23117123995860284, 0.0, 2.172591945381808]","[0.5844057342951352, 0.06789948034421354, -0.03517551849288286]","[-0.06119458888009156, 0.0, 0.07340849103027358]","[0.008923456671012948, -0.22621568683392812, -0.0020283957026096585, -0.9740325767043007]","[[0.8976414372013066, -0.007988698745109615, 0.44064669607324053], [-8.580477395435208e-05, 0.9998292549828794, 0.018301184842825512], [-0.4407190972778961, -0.016465765134678182, 0.8974904098216404]]","[0.11611473519685307, -0.5699580286003307, -0.01485501566485784]",[0.570185362695855],"[-0.0003627642101576938, -0.14315778740830287, 0.0, -0.9896969364321111]",[0.50214002482],"[-8.887543326016377, 0.10807856000693172, -0.49642012869385965]","[1180.1325019871967, 1236.4299190548434, 1155.2640105310497, 1232.968551290057]"
29,0.5799999999999983,"[-0.6066151822701059, -0.023872643372748623, 2.145880224793637]","[0.22992839049304395, 0.0, 2.1740828241570154]","[0.6127439970936552, 0.05719842798646917, -0.039503404521585725]","[-0.06318282466674562, 0.0, 0.07579005099527146]","[0.007792489531886506, -0.22053806395217213, -0.002083168612919901, -0.9753438723096761]","[[0.9027150149018961, -0.007500692592658181, 0.4301684324343625], [0.0006265303737389093, 0.9998676444192317, 0.016119549775484174], [-0.43023336471279977, -0.014281877884367026, 0.9026022482986267]]","[0.12245471011023598, -0.627862435323864, -0.02117263069133679]",[0.5692999184756375],"[0.002161068439807641, -0.13593042928321877, 0.0, -0.9907144877147457]",[0.50214002482],"[-8.620043244123021, -1.5186750993577092, -0.6478641156420437]","[1201.1401843850228, 1199.8576174578218, 1139.9354596003582, 1235.7025702327148]"
30,0.6000000000000014,"[-0.5943460908418663, -0.022635898418631426, 2.1448840537830325]","[0.22863615159338094, 0.0, 2.1756328537572918]","[0.6430706501778536, 0.057506382054523804, -0.0376260138816316]","[-0.06517085756503688, 0.0, 0.07817063732633285]","[0.006811131736244138, -0.2138987532097807, -0.0021245659443533847, -0.9768180601507747]","[[0.9084627237471002, -0.007064413941511723, 0.41785138896103585], [0.0012368435961909638, 0.9998752939654407, 0.014215356993277053], [-0.4179092717551532, -0.012397588966840456, 0.9083789682769472]]","[0.10649516820155372, -0.6955922233937664, -0.01611912935590406]",[0.5670506061872487],"[0.0017906332686905466, -0.1280797964313736, 0.0, -0.991746845176461]",[0.50214002482],"[-9.611206364367797, 0.044919878778127365, -2.0503328785790806]","[1165.7246274730549, 1228.596572547692, 1134.6327425576164, 1226.292705214126]"
31,0.620000000000001,"[-0.5812888058141337, -0.021331283379871457, 2.1439255474589802]","[0.22732093791823477, 0.0, 2.177210390925039]","[0.6539922657143553, 0.06127933639114509, -0.05619871286304597]","[-0.0671587858423501, 0.0, 0.08055072161292383]","[0.005659842912389608, -0.20635361475300742, -0.002123194121829203, -0.978456643206514]","[[0.9148231141818408, -0.00649076487445318, 0.4037920965191116], [0.0018190486988300396, 0.9999226751815202, 0.01195207935798942], [-0.4038401642999198, -0.010199564230542246, 0.9147680624448129]]","[0.10158213598740595, -0.7738679435839494, -0.012679482225771824]",[0.5747970746488859],"[-7.918944133140242e-05, -0.12446832431767998, 0.0, -0.9922222001550443]",[0.50214002482],"[-10.024390741311127, -0.2096951821282344, -1.5748627195314775]","[1149.579890227032, 1239.9555889845262, 1093.7960354493002, 1260.4688778024195]"
32,0.6400000000000006,"[-0.5695489274121692, -0.020212157593162007, 2.1432429740261156]","[0.22595863403921185, 0.0, 2.178844300636158]","[0.6758543833158186, 0.0586742436699883, -0.04337713040497686]","[-0.069146489320604, 0.0, 0.0829297271756797]","[0.004937866692656773, -0.1990944689440953, -0.002192516834573462, -0.9799642516514913]","[[0.9207109023481405, -0.006263380131834631, 0.39018927182180174], [0.0023309723442696845, 0.9999393524214543, 0.010550901626109223], [-0.3902325772452039, -0.008804829726787653, 0.9206717515533314]]","[0.08165546899325998, -0.8339169349861681, -0.003280044930631226]",[0.5713311018109203],"[0.0002409728868454151, -0.1186604884891525, 0.0, -0.9929341314598134]",[0.50214002482],"[-8.535841172237973, -0.9753622387091195, -1.1508889372847904]","[1124.0350528947, 1257.0335885305092, 1112.1957774854934, 1245.5243681245977]"
33,0.6600000000000001,"[-0.5545240250375146, -0.01882104934614626, 2.1424995173807346]","[0.2245552310092719, 0.0, 2.180527391722574]","[0.6966956931656746, 0.05336399559625569, -0.05352303806170754]","[-0.07113397320419651, 0.0, 0.08530767903811722]","[0.003996460327465852, -0.1898246830517231, -0.0022362409479231844, -0.9818045140465793]","[[0.9279176644281244, -0.005908356544313549, 0.3727235872988238], [0.0028738492843535866, 0.9999525416292007, 0.008696473037761693], [-0.3727593354917479, -0.0069984981210944805, 0.9278957225849808]]","[0.07352060878512291, -0.8478072707704941, -0.002860705644991072]",[0.5734932970476557],"[0.0012319507459976277, -0.11092889361629941, 0.0, -0.9938266010891817]",[0.50214002482],"[-8.466154763704116, -0.5233946515543124, -0.32810024079977396]","[1140.1106393336634, 1265.59642590421, 1118.6391748038113, 1253.6045557498314]"
34,0.6799999999999997,"[-0.5404588610888039, -0.01758693285146448, 2.142095594425778]","[0.22311256846132693, 0.0, 2.182257447531476]","[0.7142634666837321, 0.054454856370711215, -0.023665076794678476]","[-0.0731212292878254, 0.0, 0.08768453786986434]","[0.0034484110879344407, -0.18110168645824556, -0.002355368345228202, -0.983451930826929]","[[0.9343862231881839, -0.0058818092210990896, 0.3561933618901137], [0.0033837569665941267, 0.9999580817861624, 0.007635815444530622], [-0.35622585100338516, -0.005929570726325844, 0.9343735356302044]]","[0.06555434695244212, -0.888086387214811, 0.0013052149030176906]",[0.5665365898093712],"[0.0005301979751959341, -0.10578476369381581, 0.0, -0.9943876785226455]",[0.50214002482],"[-8.359818994872182, -0.3536339973431091, 1.9659946057963147]","[1100.544198697789, 1296.1923856219896, 1085.3429132485378, 1287.4210301976668]"
35,0.6999999999999993,"[-0.5259400710515766, -0.016364343628276802, 2.1420294279086725]","[0.22162917267880952, 0.0, 2.1840362125277353]","[0.7275135284402493, 0.05164914952081554, -0.009391228167904952]","[-0.07510822781592746, 0.0, 0.09006016095405248]","[0.002747172909415246, -0.1719114300422656, -0.0024263672309442407, -0.9851013306017735]","[[0.9408727514752627, -0.0057249760223253175, 0.3386870256599288], [0.0038358943286015317, 0.9999647371156278, 0.006246727897874842], [-0.3387136882612294, -0.004578246855957576, 0.940869432073153]]","[0.07476209731604022, -0.9065142660314699, -0.0026477337034582966]",[0.5634934077019963],"[0.0008445565964382495, -0.10045214548205438, 0.0, -0.9949402784039881]",[0.5021846476581486],"[-8.540351417414303, -0.026159337758315, 0.045759855055823806]","[1127.665311102035, 1271.6455719726505, 1083.0373563509856, 1285.7524259803329]"
36,0.7199999999999989,"[-0.5130295126342465, -0.015332391871581277, 2.1422595814064276]","[0.2201094277905826, 0.0, 2.1858584287054605]","[0.7350608162280613, 0.056772075536161294, 0.0036088067926234287]","[-0.07709497921731212, 0.0, 0.09243459837776233]","[0.0020844095909001137, -0.1640344148917317, -0.0025196098073637023, -0.9864483279071814]","[[0.9461710106917626, -0.005654759578180946, 0.32361244478066764], [0.004287099947628891, 0.9999768997028228, 0.004938930152246966], [-0.3236334523760588, -0.0032857192702214714, 0.94617501803224]]","[0.06472353234033004, -0.8787780004802827, 0.00039330220534269613]",[0.5614738930139626],"[-0.0008743663706427685, -0.09647416211837566, 0.0, -0.9953348374443136]",[0.502506678103],"[-8.149677677021396, 0.37940742756809914, 1.2898426900141757]","[1103.8628245264003, 1270.0522405130107, 1082.6365182469654, 1263.9169018055832]"
37,0.7399999999999984,"[-0.4971786151785898, -0.014153214827886493, 2.1429990354532933]","[0.218545736990473, 0.0, 2.1877331528831787]","[0.743540324346158, 0.05777344961309875, 0.029292727723891798]","[-0.079081405387841, 0.0, 0.09480747550090353]","[0.0015527029323183805, -0.15444673124745298, -0.002611511671340825, -0.9879922848453894]","[[0.9522705530141765, -0.005639926551126665, 0.305176247980486], [0.004680686981147028, 0.9999733168274304, 0.0038747959180810716], [-0.30519246758780544, -0.002261438153068419, 0.9522793712278035]]","[0.056955075301261336, -0.8959210586918199, 0.0007333308377002679]",[0.555604479754073],"[-0.0016578339918676725, -0.0917869827564704, 0.0, -0.9957772808260383]",[0.502506678103],"[-9.288368253091607, -0.16108033365823712, 0.26521626205239457]","[1065.3868943436476, 1296.8873425827137, 1053.7986979722555, 1277.2336179295596]"
38,0.7600000000000016,"[-0.48342446924263827, -0.013185165713308555, 2.1441151009737154]","[0.21694563377284007, 0.0, 2.189651364251948]","[0.7309160760838163, 0.0560171102453386, 0.03404209580077581]","[-0.0810675413189476, 0.0, 0.09717896026992262]","[0.0009963523667533302, -0.14599471538888992, -0.0026928238881426783, -0.9892793504668147]","[[0.957352917756106, -0.005618834494389021, 0.2888537484201086], [0.005036985773544224, 0.9999798461629944, 0.0027576177587192046], [-0.2888644804259254, -0.0011850655301520276, 0.9573654349210136]]","[0.07090841649767632, -0.8998350715827976, -0.0036406385415513123]",[0.5564395936582367],"[-0.0016214784957834473, -0.09176548588076255, 0.0, -0.9957785880383689]",[0.502506678103],"[-8.35254387188088, -0.6751920892934724, 2.3807689148827436]","[1085.077592787854, 1271.2215422126096, 1021.0206950752671, 1302.3129862365881]"
39,0.7800000000000011,"[-0.46853693651134337, -0.012163670088482752, 2.1457881228191287]","[0.2153040394814985, 0.0, 2.1916191036104338]","[0.7430466513339435, 0.05014414997982698, 0.0854466558240304]","[-0.0830533210216347, 0.0, 0.09954873621988608]","[0.0005212713811175803, -0.1370053498746336, -0.0026967029627089326, -0.9905644426890245]","[[0.9624404487425308, -0.005485350070606525, 0.2714224446598068], [0.005199682198807935, 0.9999808370833667, 0.0017716312560807448], [-0.27142806751611814, -0.00029378032442515167, 0.9624544497085634]]","[0.041484562839948586, -0.8533245295978369, -0.0030149453179493684]",[0.5437979717782865],"[-0.0005428164953745064, -0.08653271844441385, 0.0, -0.9962484558137125]",[0.502506678103],"[-6.924311157382232, -0.36713172160672025, 3.392886127746081]","[1036.196832148036, 1299.6481032935162, 1047.0576068494076, 1253.4493544155237]"
40,0.8000000000000007,"[-0.45676641981257926, -0.0114368732774709, 2.1474036795685647]","[0.21361767153907946, 0.0, 2.193640255251955]","[0.7362164207009283, 0.049836552021185435, 0.09519390579990912]","[-0.0850386819512769, 0.0, 0.10191650348038489]","[-8.511178835496997e-05, -0.12923201147603483, -0.002712202745263798, -0.9916009438252569]","[[0.9665641702052833, -0.005356847268879199, 0.2562936307849972], [0.00540084393931694, 0.9999659812975343, 0.0005322129732756413], [-0.2562927074232931, 0.0008698006919294161, 0.9665788678047131]]","[0.06083715150946638, -0.8190923197412328, -0.009194822789372205]",[0.5423225365811604],"[-0.001129422358950377, -0.08463202818858301, 0.0, -0.9964102665191007]",[0.502506678103],"[-8.631845175081816, -0.9433531592029303, 0.15550072894964728]","[1043.1905915309997, 1288.3485748740895, 1001.752186511835, 1289.6818566461857]"
41,0.8200000000000003,"[-0.44063241681247234, -0.010478852139899644, 2.14993912340472]","[0.21190360919015583, 0.0, 2.195694431406997]","[0.7229265136492138, 0.0371402293468565, 0.11272800134972331]","[-0.0870237707369588, 0.0, 0.1042829654336699]","[-0.0005516178335054368, -0.12174342499118534, -0.0027022216564932294, -0.9925575589934621]","[[0.970342048666829, -0.0052299093737820405, 0.24167769465282077], [0.005498532751130718, 0.9999843631595293, -0.0004370694615491564], [-0.24167173227819752, 0.0017529803397365166, 0.9703560441061222]]","[0.057554718221730264, -0.7996880757329009, -0.01193900694769694]",[0.5394777970052147],"[0.0016816490585924281, -0.08425712308204036, 0.0, -0.9964425943397551]",[0.502506678103],"[-9.15812796517016, -1.1012406324350934, 1.6716269304905396]","[1034.2967743343559, 1273.0458643383647, 974.4503015644291, 1283.1933727007356]"
42,0.8399999999999999,"[-0.42454509167473203, -0.009561010253903247, 2.153248759726931]","[0.21014100186273005, 0.0, 2.197806456095807]","[0.7022517939758317, 0.03626305503667072, 0.13654955706823146]","[-0.08900834436833642, 0.0, 0.10664695671250829]","[-0.0006743160528579459, -0.11314447009817362, -0.002629769291213028, -0.993572063557028]","[[0.9743773133827885, -0.0050731403377402545, 0.22483791586231439], [0.005378320867657471, 0.9999797462061032, -0.000744875478385903], [-0.22483082267972088, 0.001935050890124894, 0.9743902353515602]]","[0.014534526819178524, -0.7273530048202035, -0.006007321251400841]",[0.5347026461461342],"[0.001455235145715331, -0.0857416778501454, 0.0, -0.9963156668560984]",[0.502506678103],"[-8.237664835484178, 0.7739938203793443, 2.701064175050874]","[1021.0, 1268.5154150197632, 1006.0554940711477, 1239.7911989459806]"
43,0.8599999999999994,"[-0.41110721923984495, -0.008954081719229783, 2.1564362274947375]","[0.20834134291839027, 0.0, 2.19996260171547]","[0.6917575225488757, 0.04262224834304961, 0.16626319043253787]","[-0.09099249505857868, 0.0, 0.10900891974145599]","[-0.0009153647114734363, -0.10644050459712269, -0.002645976899057319, -0.9943128760583232]","[[0.977322351175289, -0.005066994037411869, 0.21167517257789], [0.005456721564530398, 0.9999798374279592, -0.0012570396052389173], [-0.2116654844423669, 0.002383596070390881, 0.9773346777776797]]","[0.023473974972744345, -0.6904677708903355, -0.006499356085350061]",[0.5279196953446419],"[-0.0006983366734552431, -0.08487968893446489, 0.0, -0.9963895350298159]",[0.502506678103],"[-7.593486680336086, -0.8591090009627963, 3.262111393963764]","[1018.4098086653449, 1258.9300805530513, 962.6380317997708, 1271.4477829000002]"
44,0.879999999999999,"[-0.39799444299256875, -0.008338509624154713, 2.1599787114580984]","[0.20650232460888832, 0.0, 2.2021655849938653]","[0.6713353995290704, 0.02530217673392541, 0.19160631011769624]","[-0.0929761675731157, 0.0, 0.11136858982158013]","[-0.0011410459889601144, -0.09989364111078078, -0.0025669252225746903, -0.9949926208269059]","[[0.980026288846476, -0.004880176832328405, 0.1987927295049746], [0.005336109786376715, 0.9999811639433172, -0.0017578256641947315], [-0.19878101358605785, 0.0027835036919630803, 0.9800368630847748]]","[0.0017968336622547557, -0.6694481198670702, -0.005421976745980742]",[0.5224434544085494],"[0.0037118552058136634, -0.08641537862117867, 0.0, -0.9962516690419926]",[0.502506678103],"[-8.932077106835463, -0.9400888001182274, 1.0834837803020534]","[994.2356687840552, 1275.8487072067855, 949.0786932241731, 1268.5724203394363]"
