,t,p,p_d,v,v_d,q,R,w,T_sp,q_sp,hover_throttle,fa,pwm
0,0.0,"[-1.4686956022615438, -0.08878635925913493, 1.8793619899200615]","[0.24982571050859906, 0.0, 2.150209147390903]","[-0.11633503376784018, 0.01588747224719865, -0.015879485791054915]","[-0.005860027139900193, 0.0, 0.007032032340602539]","[0.007363352332149076, -0.23661719170856033, -0.006280701494055022, -0.9715547909044133]","[[0.8879457880635826, -0.01568868275436691, 0.45968063839361206], [0.00871949975279174, 0.9998127409725391, 0.017280044369799356], [-0.45986562646558715, -0.011335556571867123, 0.8879162445709627]]","[0.049904928573122405, 0.010541708618950115, -0.04031152725632828]",[0.6249672087747932],"[0.011463541535803359, -0.2763602845545209, 0.0, -0.9609848115669073]",[0.46920177902800003],"[-15.881234222213582, -0.5969980222922529, -4.738452643400084]","[1132.8906071381034, 1247.0587696335963, 1133.4350315912113, 1251.6668925673055]"
1,0.020007968127487175,"[-1.4710871515233956, -0.08851390899822331, 1.8798239132595425]","[0.24968907475521518, 0.0, 2.1503731102768007]","[-0.12423062121162083, 0.014949749955020164, -0.0006689633000659587]","[-0.007850256343745768, 0.0, 0.009420306704469975]","[0.006988379125321197, -0.2369755325458164, -0.006012285739379715, -0.9714718551954782]","[[0.8876128522745581, -0.014993682492111172, 0.4603460882121283], [0.008369383032690941, 0.9998299834397062, 0.016427556497184526], [-0.46051415274075447, -0.010728498037556022, 0.8875874725485835]]","[0.0388645603410493, 0.03225151054100728, -0.04047463518808256]",[0.6227816942240649],"[0.011651785104356584, -0.28132114055064916, 0.0, -0.9595363804062073]",[0.46920177902800003],"[-15.84860727366588, -0.5655612115679896, -4.619859311183642]","[1151.0703114624416, 1255.4637188349461, 1149.318448597428, 1285.788690374104]"
2,0.040015936254981455,"[-1.473856666805675, -0.08825286568097473, 1.880315125150139]","[0.24951169985902147, 0.0, 2.150585960120617]","[-0.14086755803447673, 0.0032312111640893206, -0.0050884045072968655]","[-0.009840485214689705, 0.0, 0.0118085794703707]","[0.006391719915174293, -0.23715609811226593, -0.005676392710946367, -0.971433978013088]","[[0.8874495914157631, -0.014060152214536648, 0.46069041977384756], [0.007996810793299853, 0.9998539129924845, 0.015110650100448377], [-0.46083554742319516, -0.009725885513724586, 0.8874323261172328]]","[0.032019511971242184, 0.013462703232946205, -0.04048210442525724]",[0.6430318957492823],"[0.01552764125662334, -0.2941686564228348, 0.0, -0.9556198408530675]",[0.46920177902800003],"[-17.73965041787627, 0.555383128377526, -5.348346445036228]","[1157.392485043224, 1366.2898693922555, 1131.9604849726338, 1390.1274385262361]"
3,0.06002390438246863,"[-1.476682623149067, -0.08789630943012623, 1.8809730986782116]","[0.24929468461302398, 0.0, 2.150846378327643]","[-0.14377055284385584, 0.02931187038950451, 0.005770163964772619]","[-0.011830713452883742, 0.0, 0.014196849199182578]","[0.005966922503997768, -0.237122514862354, -0.005275660115454542, -0.9714471142117105]","[[0.8874901802301277, -0.01307983292971372, 0.46064100664518176], [0.007420266249166819, 0.9998731460110849, 0.014095054882738286], [-0.46076692446544715, -0.009091143706195895, 0.8874746370810979]]","[0.01914673484531638, -0.0030904599729092742, -0.0382003706153065]",[0.6514989722701517],"[0.006708427027523677, -0.30313346366249366, 0.0, -0.9529220558517514]",[0.46920177902800003],"[-17.05989302052198, 1.9381788119018488, -4.807854598978963]","[1168.5266220363121, 1409.8480693045003, 1116.2353664208765, 1446.0093786841237]"
4,0.08003187250996291,"[-1.4793947413204647, -0.08747778023538835, 1.881730166347714]","[0.249039692079832, 0.0, 2.151152369159983]","[-0.1488405056885073, 0.03157501376691252, 0.012060095220819989]","[-0.013820940692211296, 0.0, 0.016585114133280815]","[0.006184057770728787, -0.2377363922980627, -0.0050219683728533185, -0.9712970392454913]","[[0.8869123686283329, -0.012695997191825575, 0.46176319563494483], [0.006815294855122127, 0.9998730679331062, 0.014400923292858126], [-0.46188742020510687, -0.009625304720069647, 0.8868863238199853]]","[-0.012172196608617628, 0.08341030484681039, -0.03010016758074835]",[0.6618127944968415],"[0.0064910688696909, -0.3100188293196519, 0.0, -0.9507080583434128]",[0.46920177902800003],"[-17.18908688902675, -1.7597287967976072, -5.561144788595275]","[1200.4817813325287, 1435.709663072265, 1185.0605051630523, 1436.5586085901948]"
5,0.10003984063745008,"[-1.4823858907828413, -0.08693326520365839, 1.8827831814414702]","[0.2487433666849212, 0.0, 2.1515079592172017]","[-0.14534690172569914, 0.019601415414488246, 0.026007201513313705]","[-0.015811166176290758, 0.0, 0.01897337064215947]","[0.006631996503507847, -0.23999413172614942, -0.004777521044802142, -0.9707400067345473]","[[0.8847601360822895, -0.012458742107351794, 0.4658804410904591], [0.006092181137470896, 0.9998665358530212, 0.015169042690858794], [-0.46600717910191736, -0.01058273463105601, 0.8847178187417115]]","[-0.05630521675794968, 0.26599496163956177, -0.01368649806864461]",[0.6716957314974149],"[0.010690769124094472, -0.31754445396977105, 0.0, -0.9481830129253808]",[0.46920177902800003],"[-15.661278052260657, 0.05025774039505371, -2.513431063935549]","[1189.4366718973424, 1482.9254660298711, 1235.1709543899012, 1418.7331893157605]"
6,0.12004780876493726,"[-1.4852551927489364, -0.08613150074712224, 1.884515965669357]","[0.24840588088710783, 0.0, 2.151912941362337]","[-0.126656719775666, 0.03750145999298384, 0.07070686499971969]","[-0.01780138898519907, 0.0, 0.02136161431030308]","[0.007744545266405226, -0.24366507998984094, -0.004577165830738713, -0.9698175254885143]","[[0.8812123890725508, -0.012652181763082344, 0.4725504337114809], [0.00510388079578805, 0.9998377755226951, 0.017252182409145236], [-0.47269222598335287, -0.012791000496050376, 0.8811343340038682]]","[-0.1272501390483132, 0.3740827382768067, 0.018598915223675225]",[0.6686360537895142],"[0.005312550542053917, -0.32576185503770083, 0.0, -0.9454333850015114]",[0.46920177902800003],"[-15.413880659668171, -0.5469452344763955, -3.2574670688566556]","[1224.6722093078226, 1493.6498168828246, 1250.741054069502, 1434.5382210894218]"
7,0.14005577689243154,"[-1.4869690138199652, -0.08555095339695844, 1.8861187185754817]","[0.24802131321718268, 0.0, 2.1523744209381235]","[-0.11500676485943281, 0.021012156191515308, 0.07539970589822226]","[-0.01979160698893323, 0.0, 0.023749834913906007]","[0.008797624846963515, -0.2470906603945269, -0.0045866345115887705, -0.968932689596118]","[[0.8778331235005687, -0.013235902093695195, 0.47874773332081366], [0.004540658360337141, 0.9997859160030798, 0.019315241710965585], [-0.47890913927978607, -0.014781983509138393, 0.8777204015269587]]","[-0.12212415977207937, 0.4527777364020999, 0.019891151307525973]",[0.6770231939879144],"[0.01121525037440093, -0.3269590685441821, 0.0, -0.9449642623283305]",[0.46920177902800003],"[-15.796109923216779, -1.1540991455147676, -5.378316601256145]","[1255.4645956012748, 1490.613316399054, 1288.3375836942134, 1413.9853725886885]"
8,0.1600637450199187,"[-1.4890011317611378, -0.08470937783107704, 1.8886307456340667]","[0.24759599469038363, 0.0, 2.1528848005678807]","[-0.0925236033856395, 0.03462127673928431, 0.10083618389634405]","[-0.021781819655446243, 0.0, 0.026138029898546286]","[0.009990105495408994, -0.25272452479623536, -0.004565370868759387, -0.9674583619555269]","[[0.8721849562808285, -0.01388310177280187, 0.4889096924975005], [0.0037841231168358807, 0.9997247227321756, 0.02163758456335417], [-0.48909212664391877, -0.017022459830051004, 0.8720270370875483]]","[-0.09709248039535417, 0.5684200713642227, 0.013505563459419546]",[0.6630033815565995],"[0.007006883698978304, -0.32369732557194963, 0.0, -0.946119640479382]",[0.46920177902800003],"[-14.660452634120185, 0.4412929056059537, -2.336680795648018]","[1279.0271996701601, 1477.0000498323438, 1281.6832335041343, 1437.605173895905]"
9,0.180071713147413,"[-1.4909060052704628, -0.0838145477475128, 1.8914084648890013]","[0.24715837688999237, 0.0, 2.153409938880218]","[-0.06493433219811111, 0.03571672420678913, 0.1277719096566798]","[-0.02377203013091153, 0.0, 0.028526214366356627]","[0.011022765853064505, -0.258726864293696, -0.004545922806301546, -0.9658754278122504]","[[0.8660765876971399, -0.014485361560689957, 0.4996956241870315], [0.0030778189806619314, 0.9997127655775341, 0.023645542073997085], [-0.49989605875775134, -0.018940932662014694, 0.8658749157913586]]","[-0.0687200000872348, 0.6664214751114391, 0.0057836174247464026]",[0.6737786804072079],"[0.008078476961380981, -0.33167570397066626, 0.0, -0.9432941827734149]",[0.46920177902800003],"[-13.79527687778214, -0.42368662777662747, -2.7076152621203633]","[1288.8253864518342, 1478.1148525839355, 1291.696296946325, 1444.0299634694477]"
10,0.20007968127490017,"[-1.4921989149310244, -0.08266058549499834, 1.8958508720605987]","[0.2466631975878659, 0.0, 2.1540041485876538]","[-0.021983877303403575, 0.04305100527977661, 0.1549313307186342]","[-0.025762229165460584, 0.0, 0.030914343918006296]","[0.011663222282185592, -0.2674697449813378, -0.004473467896717019, -0.9634840757808767]","[[0.856877518641929, -0.014859348342961314, 0.5153013299844788], [0.0023811119850539646, 0.9996855860946854, 0.024867692517391227], [-0.5155100301862853, -0.02008162324732282, 0.8566454809639675]]","[-0.055956238885806024, 0.7420818842923435, 0.0057166719034519985]",[0.6789474811819],"[0.006974880638178868, -0.3369529154711019, 0.0, -0.9414954721655239]",[0.47012108779100004],"[-14.018927302564858, -0.08796237908415161, -2.5737426562486476]","[1289.0085391703801, 1467.4737653269146, 1320.6139599958678, 1410.8321811994008]"
11,0.22008764940238734,"[-1.49233641295432, -0.08168961098405142, 1.8999170111419923]","[0.24611911956446925, 0.0, 2.154657033467795]","[0.011913148663995596, 0.046947919107984085, 0.18073110231524228]","[-0.027752414303205738, 0.0, 0.033302406765399466]","[0.012118549809790954, -0.275484348989517, -0.004452508195527148, -0.9612017373313949]","[[0.848144187730975, -0.01523645883614053, 0.5294841538279722], [0.0018825756159513455, 0.9996337223083462, 0.02574993490544679], [-0.5296999855973561, -0.02084354961898565, 0.8478901188904527]]","[-0.04086510739917602, 0.8154390749616559, -0.0015569523981675852]",[0.6709581560421212],"[0.006321803322067988, -0.3340049005480867, 0.0, -0.9425475714376593]",[0.47012108779100004],"[-15.550894987193761, -0.6433948217308535, -2.3810254352568236]","[1355.461496180719, 1456.3268790182594, 1345.020918585883, 1447.6288524245465]"
12,0.24009561752988162,"[-1.4919938418061016, -0.08070374510343609, 1.9044529209847025]","[0.24555079855421458, 0.0, 2.1553390076407877]","[0.04244843748706172, 0.04786924848316583, 0.19962201537767177]","[-0.02974259054021116, 0.0, 0.03569042688988112]","[0.012400953609926971, -0.28397359685972834, -0.004403456797007361, -0.9587373499562218]","[[0.8386706957062999, -0.01548660380262229, 0.5444029732947389], [0.001400430198215911, 0.9996451358323318, 0.026279445732348052], [-0.5446214015485908, -0.021277583871297658, 0.838401909268955]]","[-0.01050905702073978, 0.8500689977422939, -0.016329238546759575]",[0.687040494624377],"[0.007129166506255547, -0.3471110484228106, 0.0, -0.9377840566196068]",[0.47012108779100004],"[-16.002921379237513, -1.0737888630677555, -4.125831159503164]","[1364.4755845921543, 1446.0240481935748, 1360.2574528448447, 1430.0607496406494]"
13,0.2601035856573688,"[-1.4906707810096584, -0.07979397690127388, 1.9090386267038233]","[0.24492845376052874, 0.0, 2.156085804300285]","[0.08278066687776986, 0.04612832015497087, 0.20663000298010012]","[-0.031732744248831005, 0.0, 0.038078338878960824]","[0.012221178986584647, -0.29182020114343277, -0.004200454438759171, -0.9563684073374836]","[[0.8296132141561715, -0.015167137663529595, 0.5580725729818556], [0.0009015900232294937, 0.9996325593153144, 0.025827453884797614], [-0.55827791100394, -0.020924344047947508, 0.8293497873595114]]","[0.01045475665533089, 0.8616662562663757, -0.03663685245984351]",[0.6638998119540609],"[0.007685889257838825, -0.334223021494145, 0.0, -0.9424130885939859]",[0.47012108779100004],"[-14.946051542423724, -1.2661100322402516, -4.194950807938845]","[1403.6543645071424, 1369.8271942172678, 1375.470474797491, 1376.6887084426553]"
14,0.2801115537848631,"[-1.4887330855624417, -0.07890855851409648, 1.913946345899466]","[0.2442819858510385, 0.0, 2.1568615449371253]","[0.12424545004814405, 0.043545562729984354, 0.20623897944983885]","[-0.033722885051635905, 0.0, 0.04046618892145545]","[0.011981643269614702, -0.3004194395612748, -0.003940017235378629, -0.9537206639203447]","[[0.8194593011619778, -0.014714388819327354, 0.5729380389439329], [0.00031631459500427745, 0.9996758609437182, 0.02522159708733575], [-0.5731268704678947, -0.020486966008478904, 0.8192032290827275]]","[0.022427464929236272, 0.8970672572057107, -0.05002725884183505]",[0.6862469863113493],"[0.009698542160345203, -0.34376217292730676, 0.0, -0.9390009415769903]",[0.47012108779100004],"[-15.947060665019567, -1.3369730848664725, -4.818703112603679]","[1419.9627749097992, 1350.6755082105442, 1381.459558790702, 1358.5378649602337]"
15,0.30011952191235025,"[-1.4860083895196596, -0.07809073235571677, 1.9186451453504065]","[0.24358774471100017, 0.0, 2.157694604866186]","[0.1672550082619986, 0.041424180143095214, 0.21137013287924974]","[-0.035712997483203335, 0.0, 0.04285390278438508]","[0.011344847320799632, -0.3084629469386156, -0.0035222161900086164, -0.9511615072539079]","[[0.8096751228013138, -0.01369932299461045, 0.5867162450744187], [-0.00029853715395959917, 0.9997164909479597, 0.023754510525884395], [-0.5868760810940447, -0.01940861778298455, 0.8094425236936277]]","[0.03705753956135659, 0.8505524698754152, -0.0652679094198044]",[0.6679793932131034],"[0.010234842960859587, -0.33364995361883903, 0.0, -0.9426414778727872]",[0.47012108779100004],"[-17.096173346679475, -0.7422756609028617, -3.208792771465056]","[1384.2716413119738, 1405.48352490655, 1358.1359618230126, 1408.6844268530365]"
16,0.3201274900398374,"[-1.4830098277607666, -0.07732944321162855, 1.9225088910012538]","[0.24284918291870908, 0.0, 2.158580838771606]","[0.19651641487694246, 0.044928146979769885, 0.21391852468050274]","[-0.03770307674194133, 0.0, 0.045241457421515974]","[0.0107999456970556, -0.3142227998927558, -0.0030951608759450357, -0.9492709263886185]","[[0.8024863825204746, -0.012663470815297367, 0.5964982815544759], [-0.0009108858871767584, 0.9997250408112415, 0.022449289146697415], [-0.5966319918320113, -0.01855900868046556, 0.8022722649080518]]","[0.045236927381863155, 0.7799771287363368, -0.07814306152158826]",[0.6704255401700683],"[0.0100441451644889, -0.3341526693830577, 0.0, -0.942464950898424]",[0.47012108779100004],"[-16.47328224178696, -0.5567655718464206, -4.219658916391186]","[1412.21859784534, 1356.9966702188945, 1385.6308892371196, 1342.710802858752]"
17,0.3401354581673317,"[-1.4778606668089207, -0.07615602840771792, 1.9282857214366285]","[0.24207878873976715, 0.0, 2.1595052622075626]","[0.249895853620843, 0.045096004903036904, 0.2058899317729919]","[-0.03969312866600678, 0.0, 0.04762888085610261]","[0.01027141691985492, -0.32275049286079377, -0.002504413109816983, -0.9464240947915504]","[[0.7916499164806372, -0.011370683567409003, 0.610866238356226], [-0.0018897359256384843, 0.9997746737533247, 0.021058834052241546], [-0.6109691338409879, -0.017825631790159686, 0.7914514566396035]]","[0.022940424648233346, 0.7575092657987919, -0.07010632203715762]",[0.6676152247838915],"[0.009554204884397418, -0.33532650972605005, 0.0, -0.9420507020092366]",[0.47012108779100004],"[-17.037769917189586, -0.6202709869873873, -3.665987921058946]","[1431.5001044319886, 1347.2230533917204, 1395.496704630163, 1327.942053224733]"
18,0.3601434262948189,"[-1.4739132877419823, -0.07540764086906622, 1.9318042552297492]","[0.24126050556229453, 0.0, 2.160487135152503]","[0.2777092859818795, 0.04807438050680692, 0.2061793955634512]","[-0.04168313247974311, 0.0, 0.05001607336980515]","[0.01006830584489225, -0.32770143095959187, -0.0021634441999068238, -0.9447211638261771]","[[0.7852065398199026, -0.010686499510237958, 0.6191293900515324], [-0.002511093420602091, 0.9997802539606583, 0.020441410751310403], [-0.6192165189230645, -0.017605555710867624, 0.7850131592363422]]","[0.011013413137680438, 0.6636038991617594, -0.05808492396423372]",[0.661049670481241],"[0.007965349900554832, -0.32724343472209316, 0.0, -0.9448952082209506]",[0.47012108779100004],"[-18.033517552345675, -0.16732100545199247, -3.6413446642871925]","[1409.8433007222736, 1364.7132966946642, 1374.612552433301, 1349.1868560965186]"
19,0.38015139442231316,"[-1.4665756160100962, -0.07408277565368723, 1.9373508807610598]","[0.24041098170384645, 0.0, 2.1615064828109185]","[0.32073561093409914, 0.052481922932378584, 0.19045081513749085]","[-0.04367309919487734, 0.0, 0.052403087818174085]","[0.009896428752222235, -0.33434428487445017, -0.0017041709539710632, -0.9423970690081956]","[[0.7764211699504379, -0.009829640212167841, 0.630136417797791], [-0.003405617363722919, 0.9997974930027572, 0.019792290537303865], [-0.6302038786235012, -0.017513171261666807, 0.7762310997436229]]","[-0.014201673672854088, 0.5175477516531842, -0.03294267463308837]",[0.6806451823317939],"[0.007978387138385796, -0.34212215181382516, 0.0, -0.9396133848728602]",[0.47017123865404314],"[-18.74253628248296, -0.49193190212789684, -5.320428712871053]","[1406.9650953048313, 1368.7703610721817, 1388.7587261737922, 1341.3982447442165]"
20,0.40015936254980033,"[-1.4613283294947395, -0.07323630443171349, 1.9405344840099208]","[0.23951371286620995, 0.0, 2.162583099493424]","[0.3503206770212619, 0.051509562179494706, 0.1765184222547171]","[-0.04566300260740523, 0.0, 0.05478979843002672]","[0.010141296538738704, -0.33813092784582155, -0.001599797833067962, -0.9410410761168969]","[[0.7713260691157512, -0.009869122965206183, 0.6363577363684191], [-0.0038472210676071634, 0.9997854260565303, 0.020168635467392476], [-0.6364226324653278, -0.018004870964748454, 0.7711254960309913]]","[-0.032456180716721766, 0.5081171658466761, -0.010621762034399625]",[0.6696850722957371],"[0.008035470458861632, -0.32710150551911943, 0.0, -0.9449228995028944]",[0.47118197882666346],"[-19.51865015587522, -0.9920895388906086, -4.368978469132614]","[1381.1945906860556, 1383.8031554331342, 1395.201352328486, 1327.797145084307]"
21,0.4201673306772875,"[-1.4547068100512275, -0.07226675790811006, 1.9438473155407092]","[0.23857473978032193, 0.0, 2.1637097321389875]","[0.3841690270680637, 0.049762623113962186, 0.16035009630418232]","[-0.04765283741728074, 0.0, 0.0571761797726294]","[0.010614334784568422, -0.34151003428791854, -0.0015881729775028268, -0.9398150670361932]","[[0.7667333985184215, -0.010234981459076597, 0.6418788367363076], [-0.0042646258858090366, 0.9997662773512543, 0.02103577753021181], [-0.6419462663350236, -0.01886626949820327, 0.7665131148993967]]","[-0.04237590203558306, 0.43859565957896, 0.003143058124298604]",[0.6722582170103106],"[0.007580513379294548, -0.29941136095681586, 0.0, -0.9540490722534849]",[0.47141246298199996],"[-18.606063424618494, -0.9595221461509377, -5.115003742194261]","[1378.679095887353, 1396.1111892838699, 1374.626207064479, 1324.0685139133445]"
22,0.4401752988047818,"[-1.4446684016989078, -0.07104998633350135, 1.947457577259842]","[0.2375669025635874, 0.0, 2.1649189455587217]","[0.42734163385025453, 0.048892596074474916, 0.13601925037042517]","[-0.049642544879096515, 0.0, 0.05956194989528037]","[0.010592209428905843, -0.3439292040787204, -0.0015350639280908359, -0.9389266651955668]","[[0.7634058236763683, -0.01016856522636608, 0.6458160818607708], [-0.004403315406908737, 0.9997560287116409, 0.020946522382267675], [-0.6458811207352231, -0.018834709122274734, 0.7631861467177234]]","[-0.01814315030523492, 0.3357008842071794, -0.005566729139770595]",[0.6558171228604439],"[0.007447985781097171, -0.28700833568188894, 0.0, -0.9577031086735758]",[0.47141246298199996],"[-17.483082520626702, -0.8685259810506066, -4.932914732140695]","[1391.1596177944202, 1376.4894124144907, 1383.659242887715, 1324.4572163307696]"
23,0.46018326693226896,"[-1.4346299933465916, -0.06983321475889305, 1.951067838978973]","[0.23655906534685323, 0.0, 2.166128158978456]","[0.47051424063243, 0.04802256903498796, 0.11168840443667667]","[-0.05163225234091159, 0.0, 0.06194772001793048]","[0.010570084073243271, -0.34634837386952144, -0.001481954878678864, -0.9380382633549407]","[[0.7600681179229443, -0.010102123622396476, 0.6497447255054265], [-0.0045416020993312625, 0.999759056732437, 0.020856831939918528], [-0.649807383056068, -0.018803741290404814, 0.7598490569488383]]","[0.006089601425104611, 0.23280610883543537, -0.0142765164038367]",[0.639376028710583],"[0.007315458182899842, -0.27460531040696645, 0.0, -0.9613571450936654]",[0.47141246298199996],"[-17.155155797199473, -0.845572277293695, -4.0357193742623]","[1403.6401397014831, 1356.8676355451187, 1392.692278710948, 1324.8459187481944]"
24,0.48019123505976324,"[-1.4248965281964994, -0.06866552508672209, 1.9544915538930852]","[0.23554424265789098, 0.0, 2.167345747533845]","[0.5125442545378532, 0.047822802131603434, 0.08978767156091243]","[-0.05362194402852123, 0.0, 0.0643334144325289]","[0.010514397300997149, -0.3486304024708147, -0.001421350872871813, -0.9372002221014135]","[[0.7569096310922759, -0.00999545783304837, 0.6534430919583425], [-0.004667096418090365, 0.999774841044994, 0.020699243225237147], [-0.6535028705494685, -0.018717138717790974, 0.7566925664676771]]","[0.029684603388437866, 0.13979712950156914, -0.023551110163252884]",[0.6323789491042581],"[0.00737858141592572, -0.26901324575204755, 0.0, -0.9629690817245197]",[0.47141246298199996],"[-17.744939779597182, -0.42138955131137673, -1.9559269927417304]","[1418.3385777392346, 1335.4653268466632, 1403.9511640389744, 1322.360724450877]"
25,0.5001992031872504,"[-1.4161858461246115, -0.06783381547716928, 1.9563119868305425]","[0.23444675478959107, 0.0, 2.168662442527021]","[0.5479741450892003, 0.05136074950261059, 0.08494063537038797]","[-0.055611443091219785, 0.0, 0.06671818435192912]","[0.010097068764386917, -0.3496550548729997, -0.0012735314425583054, -0.9368229471776229]","[[0.7554789058756245, -0.009447129224418, 0.6551040401342558], [-0.004674835307054636, 0.9997923190768399, 0.019808924848276573], [-0.6551554758724523, -0.018027738022555716, 0.7552782480450293]]","[0.0391055071207706, 0.1282635938597202, -0.0330274108524352]",[0.6870526982730449],"[0.008573773841206129, -0.30841440563840167, 0.0, -0.9511876014912661]",[0.47141246298199996],"[-19.35419180047208, -0.7188227733590407, -4.195400065806542]","[1439.2441608591994, 1296.5288991232162, 1426.7674854198663, 1287.3889614542811]"
26,0.5202071713147376,"[-1.4030751710119156, -0.06667136711868686, 1.9586848043863976]","[0.23331931928989516, 0.0, 2.1700150333721537]","[0.5937916198061963, 0.04846251577907821, 0.06415642246414723]","[-0.057600859907857835, 0.0, 0.06910255954511767]","[0.009621055601040825, -0.35087947614751647, -0.0010981762622743457, -0.9363705720907926]","[[0.7537648002158579, -0.008808261768483382, 0.657085300400577], [-0.004695062028633953, 0.9998124843572124, 0.01878840169777676], [-0.6571275628600934, -0.017247091651278922, 0.7535820827763073]]","[0.03200562619757655, 0.07459589657478294, -0.0308590010897419]",[0.6693555073184793],"[0.007927589124600924, -0.29653990715410916, 0.0, -0.9549873111883016]",[0.47141246298199996],"[-18.721253502187434, -0.8442388206828533, -4.044174432630381]","[1424.8973492064517, 1259.4026841332147, 1424.5086811003625, 1245.866054996241]"
27,0.5402151394422319,"[-1.3931196067019525, -0.06592631660040424, 1.9600383390510097]","[0.23214362135552266, 0.0, 2.171425462137677]","[0.6291945617702128, 0.050415841701417476, 0.050269414696153245]","[-0.05959012886282426, 0.0, 0.07148622511554607]","[0.009088960903572032, -0.35047504052799067, -0.0009076851158736311, -0.9365275073318271]","[[0.7543328032741058, -0.008071052040096125, 0.6564425323463385], [-0.0046707637240507955, 0.9998330929196859, 0.01766036575406242], [-0.6564755320044622, -0.01638788184297256, 0.7541692326380316]]","[0.04667516460621263, -0.06799446709166501, -0.041951918090247176]",[0.6726786263812963],"[0.0071940520041853815, -0.2933942756167906, 0.0, -0.9559632171227623]",[0.47141246298199996],"[-19.739141626526134, -0.1743328463927864, -5.4762416822831845]","[1419.1306467620966, 1254.3510499571064, 1387.9764158883918, 1251.226814336018]"
28,0.560223107569719,"[-1.3767038165774033, -0.06471310736947246, 1.9616138471569784]","[0.23093349757626577, 0.0, 2.17287713747297]","[0.6648324156252019, 0.0540923435313178, 0.01477161531306994]","[-0.06157927892096467, 0.0, 0.07386932008873157]","[0.00832827405347417, -0.34847449824613436, -0.0006786866444507524, -0.9372803658456791]","[[0.7571289078050634, -0.007076621576892176, 0.6532253058313097], [-0.004532142911270666, 0.999859139363434, 0.016084865479189348], [-0.6532479149847953, -0.015138845527624034, 0.7569911087387665]]","[0.04299744720799266, -0.2117977993764994, -0.030215071925359438]",[0.6925168596507756],"[0.0060014046061782084, -0.2957328414090007, 0.0, -0.9552403023845824]",[0.47141246298199996],"[-19.858611339229636, -0.44358164705988523, -5.811939292783958]","[1374.572138046462, 1363.5023589221453, 1347.5382536245504, 1361.152091721726]"
29,0.5802310756972133,"[-1.3639171680883764, -0.06385098245388142, 1.962388843123898]","[0.2296818180148821, 0.0, 2.174378593464819]","[0.7025078649706502, 0.05287484043152401, 0.007773226127233664]","[-0.06356827387830892, 0.0, 0.07625167073323644]","[0.008114325676463655, -0.3451147959010424, -0.0005950851227937489, -0.9385244220343667]","[[0.7617893565600042, -0.006717751541277191, 0.6477876712880852], [-0.004483743857552177, 0.9998661166972731, 0.015641730992796768], [-0.6478069861460516, -0.014820240270009923, 0.7616583802502436]]","[0.030509152974330128, -0.43043888457158813, -0.019753486493637368]",[0.6791406502209437],"[0.006105823830676066, -0.2819607647887242, 0.0, -0.959398827968776]",[0.4714401050312193],"[-20.298415368734165, -0.7239616477702873, -4.020101351694489]","[1351.4831609648895, 1434.1119942675402, 1316.5542329254092, 1436.469156758129]"
30,0.6002390438247005,"[-1.352122718715591, -0.06307932677027468, 1.9626238408747998]","[0.2283757866049447, 0.0, 2.1759451388028865]","[0.7234202729967157, 0.052760685735314596, -0.011934139548430372]","[-0.06555703951329908, 0.0, 0.07863292090044255]","[0.007716906776383261, -0.3412422495698388, -0.0004708294496681092, -0.9399362750925742]","[[0.7670932573132438, -0.006151768614437372, 0.6414846712358283], [-0.004381569897937656, 0.9998667017958213, 0.014828135022397602], [-0.641499204623711, -0.014185467420123702, 0.7669745993735944]]","[0.03177937058400561, -0.4521239752801923, -0.02118759274018188]",[0.6753437589039649],"[0.005704788108875938, -0.269676887726999, 0.0, -0.9628656147155534]",[0.47198096521030347],"[-21.262502784366802, -0.5596364057681943, -5.143172485884886]","[1381.6739937499765, 1417.0802545357692, 1378.5860219506983, 1385.0917931785427]"
31,0.6202470119521877,"[-1.3417431658650618, -0.062403037608544015, 1.9628066099893262]","[0.22705528946055548, 0.0, 2.177529001087867]","[0.7431936491009762, 0.05243117875436828, -0.0273046177155993]","[-0.06754573578767391, 0.0, 0.08101383823359805]","[0.007421931314457283, -0.33794751620180835, -0.00037643558817065985, -0.9411353879372101]","[[0.7715822380814359, -0.005725000212895254, 0.6361031457678515], [-0.004307892799669791, 0.9998891153665058, 0.014224515357814648], [-0.6361143212841703, -0.013715653469685682, 0.7714723513600669]]","[0.028442670827426426, -0.4560624793623015, -0.019315148888811168]",[0.6759293633867999],"[0.005430455836859338, -0.26333991817941016, 0.0, -0.9646628046404143]",[0.472396341967],"[-21.388465722729002, -0.6517634518416622, -3.4899158297576918]","[1404.127849510268, 1403.2463500924082, 1418.8260532480315, 1351.8496063176815]"
32,0.640254980079682,"[-1.3360472207556426, -0.062042431871767514, 1.9628164912341133]","[0.2256869076653848, 0.0, 2.179170186141925]","[0.759196587832315, 0.05138881001145221, -0.02831907790717101]","[-0.06953420246369378, 0.0, 0.08339365381541684]","[0.00746606537214557, -0.3365654663584479, -0.00038089066007959536, -0.9416302855297366]","[[0.77344687853618, -0.005742955909690384, 0.633834784863973], [-0.004308323185664947, 0.9998880205620567, 0.014316935821596757], [-0.6338461598822441, -0.013804157251031691, 0.7733356844272876]]","[0.00985609696354705, -0.401256015741997, -0.0064973225367594215]",[0.69102195896795],"[0.0055755388711193656, -0.27668847448531614, 0.0, -0.96093327478283]",[0.472396341967],"[-21.008573094510684, -0.47243401711812916, -4.880490603649076]","[1400.9706694696108, 1399.997959060102, 1386.9307420792177, 1378.6387028264544]"
33,0.6602629482071691,"[-1.3079232492477508, -0.06022969441800774, 1.9623663963872104]","[0.2242757854287396, 0.0, 2.180862514151633]","[0.7871991612584501, 0.05314637152984607, -0.051027305906142996]","[-0.07152243780710359, 0.0, 0.08577235937955846]","[0.007323086481335871, -0.328938702447337, -0.0003296106619122127, -0.9443188010022711]","[[0.7835908469110537, -0.005440208220269523, 0.6212411746618594], [-0.004195178040051501, 0.9998849316553029, 0.01404749989826648], [-0.6212508297313888, -0.013613813084497637, 0.7834838090062044]]","[0.011739248132815159, -0.46402129686188887, -0.0016666494287405726]",[0.6973246301546094],"[0.005247060284057571, -0.2674759759617524, 0.0, -0.9635430009340377]",[0.472396341967],"[-21.06214393068599, -0.513393979671671, -7.091909253002491]","[1415.898072120817, 1388.4149750805336, 1391.8019121315074, 1378.54211255626]"
34,0.6802709163346634,"[-1.289423932418502, -0.058967926048953366, 1.9617197133169597]","[0.22282604263823397, 0.0, 2.1826010397913884]","[0.7993961361369122, 0.05205543766944347, -0.06763550265619461]","[-0.07351044590892099, 0.0, 0.0881499746002172]","[0.0072345162212968574, -0.3242435818616842, -0.00040689271659421464, -0.9459454656087544]","[[0.7897310961905417, -0.00546128754576255, 0.6134276046856852], [-0.003921694264756449, 0.9998942204976188, 0.013950780334541363], [-0.6134393793735193, -0.013423050927093606, 0.789626750863995]]","[0.0010255661434868252, -0.42082276338011965, 0.015755544963335446]",[0.7045579952619143],"[0.005142619498250002, -0.2692911050680477, 0.0, -0.9630448058071465]",[0.472396341967],"[-21.967422109976503, -0.42878597399414425, -5.6780103112349956]","[1410.912812362967, 1414.3487505481316, 1400.9046251644395, 1385.087187637033]"
35,0.7002788844621506,"[-1.276877406599615, -0.058068868399132195, 1.9612281988276377]","[0.22133577152016698, 0.0, 2.184388027446609]","[0.8174540354263661, 0.05554376415941715, -0.06652700020120458]","[-0.07549819530614883, 0.0, 0.09052634856612424]","[0.00741251463869359, -0.3208668564556223, -0.0006291063885165455, -0.9470942642389824]","[[0.7940865553810872, -0.005948506645418032, 0.6077729921463971], [-0.003565214436777548, 0.9998877437779753, 0.01444441897430729], [-0.6077916451876538, -0.013636981417269477, 0.7939774561842456]]","[-0.0038421440098726414, -0.46169409284361657, 0.03260870674707722]",[0.7150951257260151],"[0.005035262630307354, -0.26880575248460037, 0.0, -0.9631734757449864]",[0.472396341967],"[-21.05932834317352, 0.06602937861416203, -4.220677273463199]","[1389.5368887550876, 1468.5290890305155, 1373.9174812091237, 1462.162237257534]"
36,0.7202868525896449,"[-1.2574539485349245, -0.056655410438201936, 1.9606896742601765]","[0.21978867864177362, 0.0, 2.1862429228485047]","[0.8411488504591597, 0.06049759480647792, -0.05523640336951599]","[-0.0774855407768781, 0.0, 0.09290078463738193]","[0.0074408757174965435, -0.3147741696264241, -0.0011019170850236114, -0.9491203328781525]","[[0.801800780828911, -0.0067760947716202615, 0.5975007308583901], [-0.002592687129453327, 0.9998556032940342, 0.014818282946661515], [-0.5975335277707127, -0.013430862804919608, 0.8016924760085491]]","[0.009770339319414054, -0.517218398637496, 0.04125249802195781]",[0.6999383822196276],"[0.003522810902632944, -0.25564405738144824, 0.0, -0.9665590675610518]",[0.472396341967],"[-19.710634962044065, 0.08036316320719883, -3.448278127160325]","[1396.123722958317, 1477.512254505164, 1393.3155328072646, 1474.5060290936922]"
37,0.740294820717132,"[-1.2395335866697421, -0.05536511917328847, 1.9602613785119458]","[0.21823438570665427, 0.0, 2.18810642163011]","[0.8666053514324581, 0.06318725032220061, -0.044088446045389945]","[-0.07947283351875646, 0.0, 0.09527496773901457]","[0.007525479188337322, -0.3090703547769017, -0.0015913045008084247, -0.9510069371820236]","[[0.8089438109534132, -0.00767848828408679, 0.5878321522824791], [-0.0016251218063356348, 0.9998795136832248, 0.015297215920701355], [-0.5878800535980916, -0.013329915734209594, 0.8088356097794136]]","[0.0190348891734878, -0.5423757974614126, 0.04992111301119097]",[0.6742002809464573],"[0.0020192808970076657, -0.23490599537332452, 0.0, -0.9720018980875869]",[0.472396341967],"[-18.087658858216788, -1.0360200612836554, -1.5446310300064034]","[1406.16441164971, 1480.396046128154, 1418.2927147190326, 1477.514360533396]"
38,0.7603027888446192,"[-1.2230608037119768, -0.05427541405444126, 1.9604961851396263]","[0.21661304580202867, 0.0, 2.1900499877803723]","[0.8972977401185065, 0.054192174634064595, -0.017443740655350704]","[-0.08145958513729333, 0.0, 0.09764655495981095]","[0.007199375894306805, -0.3025446333375695, -0.002150455735108494, -0.9530897749918483]","[[0.8168940705860466, -0.008455419825813746, 0.5766734291470285], [-0.0002571103349958085, 0.9998569188822403, 0.015024520786147364], [-0.5767353569037529, -0.012422085418599073, 0.8167996574792489]]","[0.04467432121113078, -0.5550989607588285, 0.03633241540626798]",[0.67271120559099],"[0.005103439031527562, -0.23387537912737263, 0.0, -0.9722497371142602]",[0.472396341967],"[-16.887241764349927, -1.78392964879882, -0.32247184315467337]","[1406.1174618540704, 1508.5931826675899, 1411.926617094914, 1519.3462086076063]"
39,0.7803107569721135,"[-1.2050787512759837, -0.05312933350383495, 1.961041396422132]","[0.21497211589064194, 0.0, 2.192016932813794]","[0.9331349720190177, 0.04775713408032675, 0.012500006565584832]","[-0.08344616275419088, 0.0, 0.10001730752420919]","[0.006934068517587352, -0.29776216012554946, -0.0025489912972865856, -0.9546112896618574]","[[0.8226619942968141, -0.00899599817978995, 0.5684588896192903], [0.0007371852987684436, 0.9998904396896676, 0.014756666489998052], [-0.5685295891405148, -0.011720693870712931, 0.8225788263976682]]","[0.06372251149265681, -0.547461433438264, 0.024125474364472214]",[0.6725319197123452],"[0.007308375180972685, -0.23587477821780084, 0.0, -0.971751665344327]",[0.4728685607551569],"[-15.864935171843324, -0.8948537926502251, -0.3757945002885634]","[1414.0227211511774, 1478.6127028959204, 1419.5442972905848, 1503.4449189620102]"
40,0.8003187250996007,"[-1.1853256206504361, -0.05196865783975943, 1.962336181125243]","[0.21328094276382226, 0.0, 2.1940438192277303]","[0.972660232831503, 0.04865758083844905, 0.04246840415981343]","[-0.0854322747296215, 0.0, 0.10238582657233615]","[0.006461295527097318, -0.2947472912143205, -0.002712778754913044, -0.9555457010978707]","[[0.8262260103797573, -0.008993266863267865, 0.563253957929702], [0.0013754694458793077, 0.9998944450563392, 0.013947294708230239], [-0.5633240701906426, -0.010748957949532732, 0.8261572320371265]]","[0.07097328660020664, -0.4710095413157884, 0.00919909359623325]",[0.6655720935158487],"[0.0068459818710747845, -0.2343731566438898, 0.0, -0.9721040029039678]",[0.47361038803800004],"[-15.818828007890296, -0.14769932136371577, -0.5858352557524888]","[1420.8515359189523, 1378.1082769817215, 1435.2960490618289, 1407.6077619033426]"
41,0.820326693227095,"[-1.167378227048635, -0.05097180403838814, 1.964049011321924]","[0.21155113608262344, 0.0, 2.196116762936131]","[1.005910412485968, 0.050737476523886986, 0.06915391773115044]","[-0.08741799571393205, 0.0, 0.10475247033733223]","[0.0057127469613759045, -0.29049040028566403, -0.0028968397166553358, -0.9568545706754948]","[[0.831210240561961, -0.008862704949873523, 0.5558810366768056], [0.002224712343710332, 0.9999143149225223, 0.012615544339919394], [-0.5559472323259612, -0.009249527824500923, 0.8311617529669595]]","[0.07346792703918979, -0.4043201585220865, -0.007038362628863804]",[0.6522508921229567],"[0.006314018610142233, -0.22496644082447637, 0.0, -0.9743381800266686]",[0.47361038803800004],"[-14.461981104285087, -0.7038115284108982, 0.9774803298990555]","[1395.0616838519604, 1362.696733670644, 1399.2645429938423, 1391.9005860930356]"
42,0.8403346613545821,"[-1.1417982864455662, -0.04959963072547214, 1.9672492166496305]","[0.20978691040148387, 0.0, 2.1982307194118382]","[1.0516061315589251, 0.04528169998078673, 0.10974895327823357]","[-0.0894033314108607, 0.0, 0.10711726629619367]","[0.005014043592352981, -0.2852249639424066, -0.003012951325399127, -0.9584415740104054]","[[0.8372730334930532, -0.008635736427133622, 0.5467127126374682], [0.002915214815795485, 0.9999293123386553, 0.011330073531917543], [-0.546773140914617, -0.007892597799328773, 0.8372409079781395]]","[0.05187901097100274, -0.4774555242171275, -0.006126744037251833]",[0.636413376517539],"[0.00712527039920245, -0.21535083341937478, 0.0, -0.9765088180813303]",[0.47361038803800004],"[-14.287374079484458, -0.9775839189880082, 0.40299391366731285]","[1345.6727371572053, 1405.6580265461564, 1316.4670652307148, 1444.772520783906]"
43,0.8603426294820693,"[-1.1211460331589813, -0.0485665658075301, 1.9702279432741152]","[0.20797815172856987, 0.0, 2.2003977029004838]","[1.0748254044269743, 0.04374000040431394, 0.12124288448957456]","[-0.0913879892718902, 0.0, 0.10947881172273137]","[0.004611573772457301, -0.2800508599051028, -0.003051435874848778, -0.9599689323414251]","[[0.8431238222789086, -0.008441517678758781, 0.5376521061255016], [0.0032756168767888354, 0.999938257320766, 0.010563049582912468], [-0.5377083938120967, -0.007144820620125747, 0.8430999115753876]]","[0.048569704512455215, -0.5738101261421721, -0.010395522776543605]",[0.6245594991033417],"[0.0075986688034617, -0.2080290099371948, 0.0, -0.9780896803307284]",[0.47361038803800004],"[-16.03894439668307, -0.26068317348757625, -2.1691256842461293]","[1335.9322916282754, 1360.8140015921424, 1318.1767834266816, 1380.5464473806169]"
44,0.8803505976095636,"[-1.107545410839938, -0.04788737619112064, 1.972384236074726]","[0.20612459702728475, 0.0, 2.202617975718346]","[1.0910478685713139, 0.04559045579761822, 0.1280703214264658]","[-0.09337247351716528, 0.0, 0.1118395247215127]","[0.004672773282594067, -0.2767867240393792, -0.003080732749514161, -0.960908850286664]","[[0.8467472718506635, -0.008507329946888147, 0.5319048344112186], [0.0033338835106163545, 0.9999253834392654, 0.010685630256013118], [-0.5319624166739495, -0.007274806554497703, 0.8467225840589103]]","[0.014664857700650846, -0.5650770899992944, -0.0005387218642288697]",[0.610032291956027],"[0.007322765836949808, -0.19777611615747467, 0.0, -0.9801744115336981]",[0.47361038803800004],"[-15.659398324547718, -0.2978086686403645, -0.5452358237079267]","[1335.6652950555556, 1316.0178115042431, 1321.3369927053627, 1319.8010639006957]"
