,t,p,p_d,v,v_d,q,R,w,T_sp,q_sp,hover_throttle,fa,pwm
0,0.0,"[-0.08665709573088055, -0.0905003438236809, 2.167613098883942]","[0.24972481884671152, 0.0, 2.1503302173714567]","[-0.058934767140413194, -0.010806017807056905, 0.030906615419692376]","[-0.007296334178983046, 0.0, 0.00875560020951276]","[0.014992258621715045, -0.04341183304024016, -0.0031153444200937973, -0.9989396668153944]","[[0.996210933137062, -0.007525765090411381, 0.08663819196764254], [0.004922399377683402, 0.9995305719957286, 0.030223209288428414], [-0.0868250161646096, -0.02968223804111659, 0.9957808082416129]]","[-0.026289901914425522, 0.09560180238082679, 0.009994025290350983]",[0.49917285502280695],"[0.04372310501121145, -0.08941898677791058, 0.0, -0.9949920245219113]",[0.485588819437],"[-2.3100539381032683, -0.805848345322448, -0.613091557571142]","[912.4377939189606, 1126.8168495778984, 872.9064119429887, 1171.1332834926702]"
1,0.020007974481657698,"[-0.08796563764843295, -0.09078082739678703, 2.169643774888425]","[0.24956623170145276, 0.0, 2.150520521929229]","[-0.07135875734474982, 0.00058295318457958, 0.03537854408232591]","[-0.009286563864901193, 0.0, 0.011143874611907361]","[0.01527647850191746, -0.04452542155185905, -0.0032333038414971886, -0.9988862703906017]","[[0.9960141845521636, -0.007819788920797039, 0.08885287754976201], [0.00509902234029389, 0.9995124692900661, 0.030806857704060893], [-0.0890504515362612, -0.03023100083786926, 0.9955683514687874]]","[-0.022338036838757208, 0.09428163372131011, 0.006734177004957942]",[0.49816949602506355],"[0.03344618900644297, -0.09963782134502808, 0.0, -0.9944613253864193]",[0.485588819437],"[-2.364342603992047, -0.8197592264137864, -0.5540700433297943]","[920.2097641387763, 1133.930078620408, 840.4516428064746, 1223.1774642097118]"
2,0.04001594896331895,"[-0.08875037009194645, -0.09081663406640415, 2.170719395194634]","[0.24935951690672728, 0.0, 2.1507685796080085]","[-0.06895979009025006, -0.005147484434088049, 0.015785751093775332]","[-0.011276792943827435, 0.0, 0.013532146100775603]","[0.015537060913418438, -0.045223717981507816, -0.0032521902646478816, -0.9988504634768419]","[[0.9958878872401408, -0.007902190828336706, 0.09024240437546242], [0.005091616184296932, 0.9994954560526281, 0.03133255325957315], [-0.09044452228843787, -0.03074424871817058, 0.9954262401995211]]","[-0.03731173359694628, 0.10949110349987666, 0.007578561910307889]",[0.5144744777691481],"[0.036574524401457885, -0.09611145402293393, 0.0, -0.9946973298103188]",[0.485588819437],"[-1.1911570037139507, -1.3057910454592074, -1.859445325356905]","[969.2225791119167, 1120.7693384159704, 861.8255858065012, 1246.1659913234928]"
3,0.060023923444976646,"[-0.09056159455356434, -0.09088231585390176, 2.1732547923924845]","[0.2491143027272652, 0.0, 2.151062836455483]","[-0.05756425495734746, -0.002964369756611507, 0.029790254762743388]","[-0.013267021113556921, 0.0, 0.0159204132251794]","[0.01701395503932155, -0.04810796662995261, -0.003287170605840486, -0.998691508499424]","[[0.9953490218710747, -0.008202752304633992, 0.09597817998322596], [0.0049287251795332105, 0.9993988254454518, 0.03429966303514831], [-0.09620189107480336, -0.03366710665989736, 0.9947916835200983]]","[-0.14921739356077385, 0.2597517340315825, 0.0021773580518737704]",[0.5069973674382363],"[0.034739558518031184, -0.09138518977687426, 0.0, -0.9952073919853662]",[0.485588819437],"[-2.3422585079735425, -0.2945787136510303, 0.0462666321363443]","[951.3327600417781, 1172.2907691540795, 920.5331895865314, 1202.245937722683]"
4,0.08003189792663434,"[-0.0918046848576965, -0.09082701677787527, 2.174915177869446]","[0.24882867636864284, 0.0, 2.15140558772689]","[-0.0656076921331906, 0.0012025876607009442, 0.026356627050121654]","[-0.015257247739451084, 0.0, 0.018308672939883353]","[0.019101336383599715, -0.05122229628759012, -0.003267519669678073, -0.998498779314148]","[[0.9947302730217177, -0.008482057426576387, 0.10216597264895161], [0.004568400179657708, 0.9992479981923862, 0.03848006184587803], [-0.1024156286183538, -0.03781058240329492, 0.9940219042880223]]","[-0.21583929598486676, 0.3125486982730344, 0.0018891977361400257]",[0.5124601156150488],"[0.03167738019253372, -0.09951256428418172, 0.0, -0.9945309943974052]",[0.48558624711377313],"[-3.7669631616565207, -1.3816319066315412, -1.9925566868417341]","[973.6542947593654, 1181.070059618836, 967.0541064508282, 1183.7980359461028]"
5,0.10003987240829204,"[-0.09309590398170846, -0.09097685781085663, 2.176556440720101]","[0.24850313116643932, 0.0, 2.1517962412903033]","[-0.06787441344102811, -0.006215501556061526, 0.024710643709839185]","[-0.01724747202299431, 0.0, 0.020696921410739547]","[0.02148363050938677, -0.05459273542424793, -0.0033278830566602, -0.9982712805083179]","[[0.9940156543008399, -0.008989960473410732, 0.1088537297768961], [0.004298559848005721, 0.9990532950633161, 0.043256339155616365], [-0.10913970981676706, -0.042529626198676014, 0.9931147111523898]]","[-0.23923086391654552, 0.3465375882686586, 0.007117438909887432]",[0.5153645295072827],"[0.03658698474117543, -0.1014550550010207, 0.0, -0.9941670449660481]",[0.48554772611999997],"[-2.78505993539034, -1.4900550891295978, -0.4411047691451522]","[984.1326556612031, 1158.930874809478, 982.944831352034, 1149.5130152359322]"
6,0.12004784688995329,"[-0.09429560538686921, -0.09086631972047218, 2.178443364769054]","[0.24811924386666476, 0.0, 2.1522569044797817]","[-0.06332460307519408, -0.0013431807253899489, 0.04059630395853227]","[-0.0192376909026475, 0.0, 0.02308514394316789]","[0.02351225928128374, -0.05860638012428429, -0.0033375618185575683, -0.9979882286476702]","[[0.99308748374566, -0.009417631624648022, 0.11682000773768253], [0.003905758004569436, 0.9988512466551837, 0.04732112081651957], [-0.1171339022130635, -0.046538711150012846, 0.9920041097104249]]","[-0.21646523403611354, 0.36373506285440027, 0.003721945116624374]",[0.5108574422268548],"[0.035407883420354266, -0.10215986225485381, 0.0, -0.994136661646672]",[0.48554772611999997],"[-2.5817583820724126, -0.5831832093567976, 1.2006507938463393]","[973.4263374389227, 1181.3682953357986, 985.5622226255638, 1162.967383171465]"
7,0.140055821371611,"[-0.09549425343751164, -0.09075429601024215, 2.180333513013669]","[0.2477348051877472, 0.0, 2.1527182293107026]","[-0.058526312076623704, 0.003838190469300519, 0.056338422063817534]","[-0.021227909708747415, 0.0, 0.025473366122536336]","[0.025539988219631653, -0.06261594736252063, -0.0033464803011541196, -0.9977051861597513]","[[0.992135973693811, -0.009876022619685529, 0.12477357270484825], [0.003479180387686118, 0.9986729054255051, 0.05138184347114447], [-0.12511544897472307, -0.050543671333597356, 0.9908537895581052]]","[-0.1934640895134084, 0.3801571338023981, 0.00039027926898603114]",[0.5063296769086304],"[0.033884834145946396, -0.10261138004528854, 0.0, -0.9941400937728258]",[0.48554772611999997],"[-2.1487526556545955, -0.09300151105877252, 0.947949756627736]","[962.507094499437, 1203.9749456297404, 988.1294899677056, 1176.3057650484416]"
8,0.1600637958532687,"[-0.09655311616478934, -0.09042452353106599, 2.1826374130779516]","[0.24728947154894748, 0.0, 2.153252626460355]","[-0.04587243679524495, 0.01732257537102425, 0.06739052204649312]","[-0.023218119865657503, 0.0, 0.02786154678550666]","[0.027254688197024177, -0.06621534644885618, -0.003282902846939266, -0.9974272975164014]","[[0.9912087823031444, -0.010158271071906078, 0.13191103913824084], [0.0029395565866200497, 0.9984920904563944, 0.05480389708475601], [-0.13226893711213863, -0.05393438288728393, 0.9897447011479151]]","[-0.16757639992041537, 0.35799042645335094, 0.00035002745897774154]",[0.4954236172537406],"[0.024068801531171902, -0.09746883187237418, 0.0, -0.9949474140639436]",[0.48554772611999997],"[-2.135438163238383, 0.26588153003153536, 0.9709289970585147]","[977.9800024097665, 1175.9653138533242, 984.5393543454798, 1170.334343037564]"
9,0.18007177033492994,"[-0.0974062803102306, -0.09011242055310666, 2.185033809645614]","[0.246795856327369, 0.0, 2.153844959338565]","[-0.03959626257899043, 0.02535430484850252, 0.07463670157081176]","[-0.02520831986184517, 0.0, 0.0302496786776299]","[0.028472657769467693, -0.07029829657536493, -0.003346817142181679, -0.9971093962743784]","[[0.9900847886927315, -0.010677444320496846, 0.139999598556546], [0.002671126959829212, 0.998347105214613, 0.05725126028577105], [-0.14038076967297133, -0.05631015810959263, 0.9884858065817834]]","[-0.12807414007266182, 0.4050714656235933, -0.0015440699476795198]",[0.4925784277897377],"[0.022059696932625564, -0.09757753754076337, 0.0, -0.9949823960614063]",[0.48554772611999997],"[-3.177259779512559, -2.046524819656863, 0.24777572681785998]","[1000.0582507959969, 1138.149212964499, 1006.821046784699, 1129.603452545434]"
10,0.20007974481658763,"[-0.09818366572922986, -0.08974970810661707, 2.1875790879949686]","[0.2462810633187444, 0.0, 2.154462704227698]","[-0.03498449708687025, 0.014934404864202031, 0.07555379888622075]","[-0.027198514142393413, 0.0, 0.032637783134807884]","[0.029516618853855592, -0.07442826921133587, -0.003397797058513367, -0.9967835859041745]","[[0.9888976356339026, -0.011167478380845532, 0.14817717119279547], [0.002379994963792908, 0.9982343085723653, 0.05934914667821892], [-0.14857833711567106, -0.058337578061432846, 0.9871782641064768]]","[-0.0994408731305967, 0.40907229112639726, -0.0011498036279386236]",[0.49453179609485803],"[0.03621166173165946, -0.0983815637513632, 0.0, -0.9944886481127097]",[0.48554772611999997],"[-2.4215286170522647, -1.0202096411471104, 1.1841006051626692]","[989.2486074516223, 1128.9386262225178, 1015.9134922042446, 1101.56178299136]"
11,0.22008771929824533,"[-0.09866652860037399, -0.08934325164550555, 2.189948739821248]","[0.24571504629705243, 0.0, 2.1551419140532557]","[-0.01742416869353649, 0.03377446704064569, 0.0925520371554178]","[-0.029188692469928522, 0.0, 0.03502581101818632]","[0.030180089483554412, -0.07741087022848506, -0.003368232490333973, -0.9965361537797413]","[[0.9879913557717152, -0.011385664882897748, 0.15408215464055497], [0.00204059692091576, 0.9981545658283072, 0.06067257620575669], [-0.15448876887239377, -0.05962962497292224, 0.9861923701494624]]","[-0.06429897664120668, 0.33455168489577175, -0.006693612867971177]",[0.48592694686734966],"[0.027943183842180957, -0.09392456717819868, 0.0, -0.9951817353807987]",[0.48554772611999997],"[-1.662706966915188, 0.06235610001220948, 1.6720066676689243]","[964.765508379608, 1125.4734123785686, 993.7755079233044, 1088.2206873472433]"
12,0.24009569377990303,"[-0.09901510518470036, -0.08872291032165185, 2.1928538921950387]","[0.24510499658648927, 0.0, 2.1558739581575996]","[-0.004067222415517716, 0.03495299110911568, 0.09036526801351301]","[-0.031178852409884644, 0.0, 0.03741375064202611]","[0.030313979686988804, -0.08069234078987893, -0.003380519830314554, -0.9962698976654063]","[[0.9869499645822292, -0.01162803225000665, 0.1605777461832943], [0.0018436083316067785, 0.9981345975776027, 0.06094737499756445], [-0.1609876542211648, -0.059856246764785716, 0.9851349456819491]]","[-0.00015699573382174647, 0.30056730884963817, -0.008215227656668971]",[0.48567631412570866],"[0.028143671659142704, -0.09073117084356093, 0.0, -0.9954753067844128]",[0.48554772611999997],"[-3.636099555067345, -1.6685215540227616, -1.4884049653368407]","[987.2435784570329, 1095.8944129039123, 965.1938825177768, 1120.452833029212]"
13,0.2601036682615643,"[-0.09919645538753108, -0.08804944911354612, 2.195833991868839]","[0.24446895644795216, 0.0, 2.15663718715675]","[-0.00447049841312747, 0.036824496700901, 0.07200477676396752]","[-0.03316899959459213, 0.0, 0.03980162904158745]","[0.030064107992409037, -0.08364851791675663, -0.0034344974686718946, -0.9960357240183093]","[[0.9859821437875246, -0.01187140049780399, 0.16642731400695482], [0.001812128193586655, 0.998168591708106, 0.06046443238845406], [-0.16684033441814605, -0.05931526989628104, 0.9841980341544907]]","[0.040101978585449845, 0.2615734586650294, -0.005941621546446859]",[0.5002503652627099],"[0.02702346983461476, -0.09730716713502868, 0.0, -0.9948849728051861]",[0.4855641217592425],"[-2.7459871204749957, -0.7122278264449037, -0.894851869661764]","[982.0483482033236, 1088.7999661629615, 960.4758258983381, 1118.358698864882]"
14,0.280111642743222,"[-0.09908928378479, -0.08723501541624257, 2.1985151959637608]","[0.24378494382984994, 0.0, 2.1574579749670555]","[0.02051573642931085, 0.04725960072157724, 0.08073216786583567]","[-0.03515911938572875, 0.0, 0.042189375954601226]","[0.02966478718061654, -0.08589733590596768, -0.003406142985827046, -0.9958563572756952]","[[0.9852199297991058, -0.011880310670516689, 0.17088073105644488], [0.0016878059143868385, 0.9982166352336486, 0.05966889101848974], [-0.1712849010835701, -0.058498576585700374, 0.9834831342222431]]","[0.04544155063641328, 0.20042433507129076, -0.010394497316054014]",[0.4943077902606663],"[0.022857618587425847, -0.0881754862107152, 0.0, -0.9958425937102219]",[0.485906179539],"[-2.4551282325214734, -0.7060544004975553, -0.43282080505920106]","[950.043884788074, 1103.870769043368, 977.6042316452576, 1082.1385799715677]"
15,0.3001196172248797,"[-0.09871168488242578, -0.08638244579224273, 2.2009832560748843]","[0.24306253711911985, 0.0, 2.1583248271613593]","[0.02474760694916251, 0.05018150741860913, 0.0638524691817405]","[-0.03714921239619491, 0.0, 0.044576994322832346]","[0.029488925122698448, -0.08759788441631362, -0.0034320715377001185, -0.9957134692088112]","[[0.9846297409994845, -0.01200105462367134, 0.17424237057385822], [0.0016683848058334774, 0.998237326298128, 0.05932632428605783], [-0.17464720297622216, -0.05812375546258593, 0.9829141058197801]]","[0.01918607636938934, 0.18802282162701123, -0.005921263660894137]",[0.5015138905058765],"[0.022228587440593292, -0.08941900022542817, 0.0, -0.9957454655125708]",[0.485906179539],"[-3.3888006019758388, -0.5102925602789661, -1.830393842175873]","[990.9020487561436, 1086.6590553582128, 973.7495638982622, 1102.5178600274185]"
16,0.3201275917065374,"[-0.09807051726571633, -0.08537086139067881, 2.203347796909832]","[0.24229944911141357, 0.0, 2.159240485665643]","[0.043181128792255066, 0.06295380842046973, 0.06330053171004799]","[-0.03913927193067182, 0.0, 0.04696445201096966]","[0.029213678288827895, -0.08910006292140885, -0.0034769520274881374, -0.9955880992108155]","[[0.9840981918813673, -0.012129105267588933, 0.17721077545106553], [0.0017173429727874896, 0.998268956308239, 0.058789174165908696], [-0.17761707368289245, -0.05754998758821304, 0.9824154922738438]]","[0.022014269381610427, 0.12977835612645972, -0.0017031120820022293]",[0.5000362555479055],"[0.016871865941702213, -0.08325662742922309, 0.0, -0.9963849228492923]",[0.485906179539],"[-2.1436584186194994, -0.5535041859076804, 0.08920975699958689]","[969.9926045396078, 1120.663055587983, 970.2074618123446, 1117.7462995744309]"
17,0.3401355661881986,"[-0.09710034528580759, -0.0842345496556518, 2.205642252703866]","[0.24148722125341443, 0.0, 2.1602150945782905]","[0.06099981010006221, 0.06449472797296311, 0.06464590399139578]","[-0.04112928281682542, 0.0, 0.049351676195414695]","[0.028835374673470325, -0.08949984990015812, -0.0035120988648144496, -0.9955630651549787]","[[0.9839547375627488, -0.01215455523214482, 0.1780029444217095], [0.0018315084117831587, 0.9983122261619316, 0.058043532632095544], [-0.17840803516833825, -0.0567862033471539, 0.9823164495745024]]","[0.03327249057911014, 0.05031762196907462, -0.0011539982649425413]",[0.4984986694057241],"[0.01720442294090833, -0.07923589733890177, 0.0, -0.9967035560280307]",[0.485906179539],"[-2.5385247661103283, -1.187295391666543, -0.8152739524893562]","[984.313061324522, 1121.3217535866654, 990.7834679105372, 1114.0193988628914]"
18,0.3601435406698563,"[-0.0959492423863732, -0.08300278924171235, 2.207901738228559]","[0.2406534688829913, 0.0, 2.1612155236364785]","[0.07566507714852169, 0.06953277503745185, 0.05310771101960457]","[-0.043119269015077864, 0.0, 0.05173878188319995]","[0.028630627449607145, -0.089808281160011, -0.0034981172691366568, -0.9955413315519656]","[[0.9838444914670745, -0.01210757552764616, 0.17861540503624593], [0.0018225057685187715, 0.9983361205405894, 0.05763426574717494], [-0.17901601820547666, -0.05637762615022568, 0.9822295394596154]]","[0.029364205166516572, 0.032064323900873215, -0.004279928303616305]",[0.5063580679285908],"[0.014754508877359039, -0.07522464524594698, 0.0, -0.9970573959270123]",[0.485906179539],"[-3.2964566432488356, -1.1097130603686352, -2.639185468033105]","[986.5794694218134, 1124.9750557573368, 1014.5388543241348, 1097.7384082654403]"
19,0.380151515151514,"[-0.09448346323035371, -0.08169985215565849, 2.2099414486259565]","[0.23977037393017717, 0.0, 2.1622751397791244]","[0.08501443440390324, 0.07037372151190313, 0.03803352380839147]","[-0.04510919321435377, 0.0, 0.05412558999039712]","[0.02835978560027231, -0.09008786204306994, -0.003568362067043348, -0.9955235386837943]","[[0.9837428374174647, -0.012214521770032773, 0.17916677846081794], [0.001995031959119279, 0.9983659283138603, 0.057108600453424654], [-0.1795715703934799, -0.05582273601496256, 0.9821597489545609]]","[0.041341389376306895, 0.005447060888547444, -0.0011260617740828107]",[0.5127801579441216],"[0.015554504370269513, -0.07304643860327774, 0.0, -0.9972071385229881]",[0.485906179539],"[-3.770710626996018, -1.7469831181467035, -2.3425597185057114]","[978.7245755266744, 1130.9007240052463, 1038.2514799918656, 1073.2294997395143]"
20,0.40015948963317527,"[-0.09268791973369322, -0.08025389308832147, 2.211956446873093]","[0.23884794858839872, 0.0, 2.163381928595549]","[0.09623481331282492, 0.06929441451797633, 0.03454046623762088]","[-0.04709905920337389, 0.0, 0.05651211870574659]","[0.027537820920798754, -0.08945747373273963, -0.0035828049118288947, -0.9956034627524181]","[[0.9839691105279914, -0.012061033736524923, 0.1779310159546859], [0.002207178169807954, 0.9984577265791471, 0.05547451708338537], [-0.17832566651491033, -0.05419248237822752, 0.9824781203479319]]","[0.07156655993845303, -0.07612650112360611, -0.003224115340723924]",[0.5145904781098269],"[0.017306440566619233, -0.07188569763070526, 0.0, -0.9972605347069406]",[0.485906179539],"[-2.2091984920257404, -0.9007112768599606, -0.46604997776842794]","[999.6465713537251, 1120.1093807407037, 1005.0562675254479, 1115.814414563134]"
21,0.42016746411483297,"[-0.0906808638405692, -0.07878077434646688, 2.2137841411863777]","[0.237885748189917, 0.0, 2.1645364189141487]","[0.12262955566536517, 0.07927801145176573, 0.0429077956434504]","[-0.049088858245233284, 0.0, 0.058898326097563444]","[0.026864306563699994, -0.08853325538558211, -0.003576989745647053, -0.995704389107054]","[[0.984297989289391, -0.011880017806584634, 0.1761137152405151], [0.0023664797515421474, 0.9985308819734315, 0.05413118100491301], [-0.17649808863692423, -0.0528644508182611, 0.9828801970663751]]","[0.07573032974090803, -0.1029647559540991, -0.005026038964912349]",[0.5087364334841699],"[0.013059698005175561, -0.0626886535073025, 0.0, -0.9979475043300031]",[0.485906179539],"[-2.0537678751971327, -0.28754435042200677, -0.34617605710358745]","[996.7424861515505, 1144.4869249822661, 1027.8177930741367, 1118.973848624174]"
22,0.44017543859649066,"[-0.0882714950790219, -0.07718255567463128, 2.2156191878644242]","[0.2368747652314599, 0.0, 2.165749406038367]","[0.13337073830774626, 0.0841841065827217, 0.03908733206401177]","[-0.0510785627774998, 0.0, 0.06128407988281497]","[0.025763674754540094, -0.0865939813407055, -0.003592963347807248, -0.9959028217422298]","[[0.9849747703009402, -0.011618443014920595, 0.17229324484800945], [0.0026945263310699926, 0.9986442716360936, 0.05193849077518677], [-0.172663516604401, -0.05069397477079534, 0.983673055198462]]","[0.09762431165151798, -0.17878130444463558, -0.0040509041693612136]",[0.5096858533865304],"[0.011503820939664131, -0.060044083699497125, 0.0, -0.9981271393620329]",[0.485906179539],"[-4.4034513002799285, -1.4148445740826154, -1.4906744428084018]","[988.6459073485125, 1165.8223492907653, 1001.2702713933202, 1156.0936382667796]"
23,0.46018341307814836,"[-0.0858466995894627, -0.0756451128245212, 2.217447271927676]","[0.23584223674216967, 0.0, 2.1669882258855773]","[0.13430272975786525, 0.08211479869819897, 0.03739606485814437]","[-0.05306822020358306, 0.0, 0.06366960758137385]","[0.024845452501816894, -0.08510423965023926, -0.0036508221685460822, -0.9960555578254716]","[[0.9854879106760798, -0.011501750111092056, 0.169355689138701], [0.0030439367353590086, 0.9987387808689304, 0.050116302991751675], [-0.16971851445382577, -0.04887350121274226, 0.9842799746610524]]","[0.12480591665390385, -0.23035593839181687, -0.001411494820359775]",[0.5112267391330112],"[0.015231754780778782, -0.06560823370440882, 0.0, -0.9977273656150926]",[0.485906179539],"[-2.4081099409316082, -0.7660494447520615, 0.15151468856233663]","[987.6963046429994, 1169.122269382813, 985.9502670643296, 1173.6064480761925]"
24,0.4801913875598096,"[-0.08301122628828135, -0.07393224912543711, 2.2193152949912833]","[0.23476017853223963, 0.0, 2.1682864258733408]","[0.16381894802154912, 0.0921480064485968, 0.05088137196527092]","[-0.05505776123483464, 0.0, 0.0660545766479637]","[0.023679274752121594, -0.08281263960541574, -0.0036456079813976983, -0.996277067485734]","[[0.9862574795147896, -0.0111859577501491, 0.16483601676761298], [0.0033421847654888388, 0.9988519299660497, 0.04778604166027759], [-0.16518131817973317, -0.04657843198065314, 0.9851626443243248]]","[0.1196748383368878, -0.2402439304640909, -0.0053092431235554904]",[0.5028055167314384],"[0.010457187245975937, -0.0532889564052488, 0.0, -0.998521033698961]",[0.4861812107024547],"[-2.1849857048192374, -0.8132268997774398, -0.3162117779717484]","[996.1739621868569, 1148.7824907515435, 989.6811823538665, 1161.9564529384004]"
25,0.5001993620414673,"[-0.08127939333998237, -0.07295704770991401, 2.220384723212247]","[0.2336391036541396, 0.0, 2.169631393499089]","[0.16521411375138523, 0.08836045990819309, 0.03972016765459997]","[-0.057047197273145334, 0.0, 0.06843904181621709]","[0.023254885795950378, -0.08148908733059941, -0.0036397845836104036, -0.9963961254131791]","[[0.9866923090659894, -0.011043373351874688, 0.16222153620970342], [0.0034632956739174235, 0.998891672347172, 0.04693536165561865], [-0.1625601073089583, -0.04574895076042507, 0.9856372257028541]]","[0.1027856318839335, -0.22450923924816918, -0.003425923845705972]",[0.5083788691818192],"[0.012914821490510745, -0.05425133120349409, 0.0, -0.9984427036881862]",[0.48619103511100004],"[-3.8839957278315254, -1.4839005522732216, -1.6994454308815392]","[988.1400695970159, 1158.9016373200275, 1001.0112453939598, 1147.450996102573]"
26,0.520207336523125,"[-0.07634788590796261, -0.07024277878362448, 2.2234374800330095]","[0.23247800590481207, 0.0, 2.1710243269808327]","[0.17755529083780228, 0.09159581266669559, 0.04199898979632062]","[-0.05903651395074862, 0.0, 0.07082293414126328]","[0.021361424048277452, -0.077447586611186, -0.0036485483388025266, -0.9967609219156083]","[[0.9879772053185459, -0.010582242289911413, 0.15423757928495777], [0.0039646793334424555, 0.9990608417875996, 0.04314960798253157], [-0.15454933203786095, -0.042019322928633536, 0.9870912082537664]]","[0.13734890244711376, -0.3114668550755491, -0.004381469064333199]",[0.49813179269847313],"[0.0060590877634615495, -0.04301611339705179, 0.0, -0.9990558039721119]",[0.48619103511100004],"[-1.6576110387449559, -0.4863713531244138, 0.5049671825318605]","[980.0185742114943, 1149.1008334195458, 980.542078718844, 1148.9371232116732]"
27,0.5402153110047863,"[-0.07303419594399765, -0.0684875562524574, 2.225364133000111]","[0.23127519111095135, 0.0, 2.1724672467532558]","[0.19736679509343596, 0.09685324010640728, 0.04854451845808409]","[-0.06102569200629456, 0.0, 0.0732061611991927]","[0.02017734846277815, -0.07452534559865773, -0.0035959254879117117, -0.9970080939985012]","[[0.9888653070727986, -0.010177781368633145, 0.1484596330565631], [0.004162885898820799, 0.9991591105640206, 0.040769934645103346], [-0.14874985802302623, -0.03969798428616878, 0.9880769176510511]]","[0.11458275267439276, -0.32286760807205467, -0.006399044512099376]",[0.49795907741226014],"[0.006262629898133546, -0.03868335677724771, 0.0, -0.9992310655501636]",[0.48619103511100004],"[-2.4943131290122573, -0.49735531737514904, 0.004136039870846986]","[985.0069524796876, 1147.4872554808176, 1003.8390902636789, 1128.6842760314319]"
28,0.560223285486444,"[-0.06907988924384671, -0.06649747596546123, 2.2276843945740885]","[0.23003534708371057, 0.0, 2.1739545263297937]","[0.19936045186429402, 0.10012853195499509, 0.04892588888678064]","[-0.0630147339698714, 0.0, 0.07558873514849634]","[0.01919115374598758, -0.07143971348472807, -0.0035594759177104054, -0.9972537624098975]","[[0.9897670644912097, -0.009841422552397686, 0.14235042521707647], [0.004357380452178813, 0.9992377290525655, 0.03878547643577987], [-0.14262366701544416, -0.03776832467691178, 0.989055803464623]]","[0.09895070783155667, -0.28701153989913886, -0.007869484954951718]",[0.49814006962221963],"[0.004948273032557143, -0.03973771422962807, 0.0, -0.9991978105780016]",[0.48619103511100004],"[-3.219560238785495, -0.5295590526845129, 0.9991938860124208]","[978.4160503301538, 1146.1868409148747, 1004.8645764512472, 1116.4041519686332]"
29,0.5802312599681017,"[-0.06532771474479071, -0.06463320143177166, 2.2299092126503144]","[0.22875337330084636, 0.0, 2.1754922648250425]","[0.20802196408151402, 0.10343463301576264, 0.06651245916678523]","[-0.06500360625827546, 0.0, 0.07797049484490702]","[0.01814199557707385, -0.06833528612642216, -0.0035214123700926087, -0.9974907465809627]","[[0.9906348098431047, -0.009504629425453482, 0.13619986025685055], [0.004545675590798973, 0.9993159684960276, 0.03667421886904664], [-0.13645540204742362, -0.03571167198152903, 0.9900013465262281]]","[0.11245228964023184, -0.34470762103327995, -0.0052703162343856694]",[0.48981133667587173],"[0.0034168094792757153, -0.035859767025750014, 0.0, -0.9993500338033389]",[0.48619103511100004],"[-2.7076016788933512, -1.0900006862892118, 1.143778916053435]","[966.3979113912054, 1141.0425701700892, 996.6681122721429, 1102.7106824422322]"
30,0.6002392344497594,"[-0.06111132790130578, -0.06260304739901054, 2.232413831412889]","[0.2274339422697371, 0.0, 2.1770748541859257]","[0.21163398896360341, 0.09873692115512846, 0.06353201949862765]","[-0.06699231242117867, 0.0, 0.08035145734706461]","[0.016739356743135973, -0.06443217437550197, -0.003470847759026099, -0.997775234082583]","[[0.9916720719338057, -0.009083358175669493, 0.12846145622225366], [0.004769145565239605, 0.999414669994968, 0.03385149972162949], [-0.12869385525761148, -0.03295696264946794, 0.9911357533737905]]","[0.11962087802245593, -0.3963744486135596, -0.008852999581731205]",[0.49100313422518516],"[0.005969957556706417, -0.033963482321442286, 0.0, -0.9994049668335465]",[0.48619103511100004],"[-2.737322712237105, -1.4185982635308136, -0.05911762154469358]","[986.0480817833818, 1117.9826687594182, 959.6511497561662, 1138.063351209325]"
31,0.6202472089314206,"[-0.057240451188249324, -0.06077805565755118, 2.234734870814948]","[0.22607174628606724, 0.0, 2.1787086357775847]","[0.21824076739122264, 0.09767744671578983, 0.06771670037664375]","[-0.06898081134328521, 0.0, 0.08273142538669283]","[0.015758620377575288, -0.06072914102592316, -0.0033814475666513336, -0.9980231594739629]","[[0.9925990982052033, -0.008663540926697327, 0.12111160450060432], [0.004835511009562303, 0.9994784871122872, 0.031865641008650795], [-0.12132475229472245, -0.03104423138406306, 0.9921252983480863]]","[0.11375124150505642, -0.39206449501246377, -0.008305569299252736]",[0.488645284268023],"[0.006158007748963381, -0.029696668761960525, 0.0, -0.999538590930869]",[0.48619103511100004],"[-2.1623179016350886, -0.3791727155935049, 0.008800990904425987]","[966.007636347805, 1137.1712078074738, 976.5288961180313, 1118.1864805030839]"
32,0.6402551834130783,"[-0.05251787219471503, -0.0586248014293656, 2.237508648443332]","[0.22467417829330408, 0.0, 2.1803847467205966]","[0.22411604770976007, 0.10236986145303732, 0.06170102603195206]","[-0.07096912289088109, 0.0, 0.08511049432712764]","[0.014418313082586875, -0.056175016342652796, -0.0033163946175141282, -0.9983111529236969]","[[0.993666414869632, -0.00824148541441655, 0.11206465702928099], [0.0050016895222253395, 0.9995619042875317, 0.029160522557059334], [-0.1122559242928839, -0.028415328469709168, 0.9932726363118553]]","[0.12408893650431232, -0.4275215896936251, -0.009063857278059714]",[0.49122249493706827],"[0.0026960491278194033, -0.025600184328926277, 0.0, -0.9996683258661706]",[0.48619103511100004],"[-3.1214042646422384, -1.2588047451074749, -0.9810698146518639]","[954.2707256455178, 1124.5629543965429, 924.4431722750389, 1136.181911249725]"
33,0.660263157894736,"[-0.04802060587277329, -0.05658611898725735, 2.240274503729879]","[0.22323434198969774, 0.0, 2.182111424346093]","[0.21753484251212715, 0.09149672987088278, 0.05781698900547882]","[-0.07295719229790007, 0.0, 0.0874884014200358]","[0.01275328092908057, -0.05143296579135126, -0.003259055406104012, -0.9985896305886313]","[[0.9946879250813607, -0.00782079599160436, 0.10263772532101136], [0.005197039744592786, 0.9996533326726372, 0.025805833953955738], [-0.1028039799176413, -0.025135342413098675, 0.9943838756167288]]","[0.14998238183121565, -0.44640770246134026, -0.008609068600925985]",[0.49369336998843605],"[0.008040886031036514, -0.02801845426021603, 0.0, -0.9995748914195997]",[0.4861923967765631],"[-2.794332518990881, -1.3764723815801791, -0.0352218414650558]","[962.2845728790613, 1115.9672087516815, 928.7399606425548, 1133.0367268741074]"
34,0.6802711323763937,"[-0.04437794472208466, -0.05498559650559844, 2.24248249236243]","[0.2217519653882274, 0.0, 2.1838889737801277]","[0.22275251174518007, 0.09420672449791877, 0.06505750514400038]","[-0.07494499464343343, 0.0, 0.0898650271507446]","[0.011694722427927325, -0.04788822922320323, -0.0031709370073282886, -0.9987781470650161]","[[0.9953912162476547, -0.00745420427393911, 0.09558526724327707], [0.005214046080617832, 0.9997042481785903, 0.023664567510528433], [-0.09573360015582566, -0.02305716527749133, 0.9951377928653311]]","[0.13890637425348296, -0.42224101816640763, -0.009814653572985235]",[0.49069165945406645],"[0.005814334449939028, -0.024253936473319814, 0.0, -0.9996874172956158]",[0.48627917794028175],"[-2.5275121451036897, -0.17022874331055154, 1.1981241607903286]","[940.9770283528754, 1138.1651600151074, 933.1569960306007, 1135.5679721555582]"
35,0.700279106858055,"[-0.039809990338091475, -0.05291083697124592, 2.2453888627372796]","[0.22023466552895604, 0.0, 2.185708269209462]","[0.21560325393970928, 0.09564749528765527, 0.07486075310146113]","[-0.07693255871924295, 0.0, 0.09224050971704532]","[0.010397901554885304, -0.0431731659720732, -0.0030534092313240515, -0.9990081916760913]","[[0.996252237824693, -0.006998582328444932, 0.08619719483619705], [0.005202941010083567, 0.9997638496313072, 0.021038828346193198], [-0.08632419103057339, -0.020511526972094744, 0.9960546517270706]]","[0.1250916796852131, -0.4462886544838842, -0.011380119033720902]",[0.48627812487964267],"[0.003934646849535015, -0.026384815395365968, 0.0, -0.9996437598072947]",[0.48629260335600005],"[-3.163452872051936, -0.6033566184693154, 1.0950529076002447]","[923.3428699116757, 1160.1990395178, 919.0901335964925, 1153.4238743147673]"
36,0.7202870813397126,"[-0.03537687188964825, -0.05101504221384603, 2.2483110206578205]","[0.21867652864973272, 0.0, 2.187576362022041]","[0.21100247443332315, 0.09479023566099963, 0.07943597197355365]","[-0.07891982487121453, 0.0, 0.09461456297473814]","[0.009158096564102642, -0.03831147794451544, -0.0029635034454712377, -0.9992195502023364]","[[0.9970470285442726, -0.006624101588672411, 0.07650887541716754], [0.005220660730554967, 0.9998148257635039, 0.018528970652763745], [-0.07661743562005426, -0.018074825865205077, 0.9968968517842604]]","[0.12235808666522899, -0.46267264217059495, -0.010306988411127161]",[0.4840744354298433],"[0.0032707877544449477, -0.025718938645599848, 0.0, -0.9996638615630777]",[0.48629260335600005],"[-2.4148579655843556, 0.253043221720397, 0.7061328180370623]","[913.0834568969901, 1175.3748146545147, 903.685377395318, 1171.0738544053506]"
37,0.7402950558213703,"[-0.03144894171019801, -0.04920588546709777, 2.251002906649479]","[0.21707652584259612, 0.0, 2.1894944571281023]","[0.20778303588851227, 0.10140218436369478, 0.08276791276292828]","[-0.0809067594193798, 0.0, 0.0969870254353665]","[0.007878039364783443, -0.03429163054178709, -0.002869698125319302, -0.9993762462030565]","[[0.9976307938866005, -0.006276117911016723, 0.06849526682447392], [0.005195514649853487, 0.9998584987285631, 0.015943064071394196], [-0.06858569720365916, -0.015549437559874563, 0.9975231372127952]]","[0.1197204793767084, -0.407927952930002, -0.010065013679328551]",[0.48256233000236065],"[-0.0012425204764317166, -0.024032969343759283, 0.0, -0.9997097306889386]",[0.48629260335600005],"[-2.435746079553572, -2.1221860965800303, 0.43833417695773846]","[938.2465359767532, 1131.6796718565233, 905.9721936707613, 1148.438234822178]"
38,0.7603030303030316,"[-0.027340748026795526, -0.04739599979020903, 2.253952811761716]","[0.21543857305659153, 0.0, 2.1914578541995664]","[0.20009625018370206, 0.07382301652507538, 0.08221168308528491]","[-0.08289336913983111, 0.0, 0.09935792970028282]","[0.006712137611002381, -0.03022333583776022, -0.0027557203565873097, -0.9995166847916854]","[[0.9981576119444248, -0.0059145033284713905, 0.06038046333130595], [0.005103050571645045, 0.9998944064201307, 0.013584361189253547], [-0.06045445042830937, -0.013251212942005184, 0.998082694351174]]","[0.10540123084420103, -0.39389624347802205, -0.009852993690668246]",[0.48291798727125596],"[0.01305801255483563, -0.023262077052339236, 0.0, -0.9996415305543622]",[0.48629260335600005],"[-2.7930142911758953, -1.8630088991775886, 0.11182205866749584]","[903.38861148725, 1151.7770044334652, 883.8862454184047, 1154.6404557290177]"
39,0.7803110047846893,"[-0.02380024743384649, -0.04590805485198353, 2.2566335125413937]","[0.21375862037317023, 0.0, 2.193471361379023]","[0.18944606042100892, 0.08335742243530475, 0.081118831198151]","[-0.08487959270254257, 0.0, 0.10172698168716449]","[0.0060106678116631455, -0.026635529277231347, -0.002651693009164871, -0.9996229482936634]","[[0.998565683987165, -0.0056215810045287, 0.05321909571930318], [0.004981191730635637, 0.9999123305718373, 0.012158061451776751], [-0.053282849502569576, -0.011875544464657389, 0.9985074906837105]]","[0.09703468572107922, -0.38007810850287566, -0.00906832332041951]",[0.4835160121313],"[0.0061046950574929135, -0.024505317673958863, 0.0, -0.9996781834778018]",[0.48629260335600005],"[-2.9939533421404985, 1.20828627355024, -0.19447552272821866]","[912.0393628880873, 1142.0850975425597, 879.8266332843127, 1156.9309793764608]"
40,0.800318979266347,"[-0.019910134176575472, -0.04399163123819384, 2.259723913340662]","[0.21204213727185287, 0.0, 2.1955284274742746]","[0.17670447941932882, 0.08783405008265413, 0.07691839398597723]","[-0.08686545513233056, 0.0, 0.10409430155388211]","[0.005046156771952006, -0.02328313451054822, -0.002545700290990561, -0.9997128466436657]","[[0.9989026544999406, -0.005324919262980909, 0.04652720535512958], [0.004854957875450219, 0.9999359358088791, 0.010207959266794051], [-0.04657858936618055, -0.009970871737599352, 0.9988646882835496]]","[0.09470006041798618, -0.3009372818612674, -0.007403934574082991]",[0.4858284179169452],"[0.0017951362477656141, -0.02671112876151076, 0.0, -0.9996414080782908]",[0.48629260335600005],"[-2.5706529649496392, -0.9557499174325141, -0.40595740390961055]","[927.0328123463007, 1123.374727162754, 891.4251374286018, 1144.9142866353457]"
41,0.8203269537480047,"[-0.0168524587666993, -0.04256996113627238, 2.262279988075923]","[0.2102775372513754, 0.0, 2.1976428283621248]","[0.1678897476342184, 0.07529584572240149, 0.0750250865706536]","[-0.08885080353920859, 0.0, 0.10645915619083472]","[0.004527939049844952, -0.02103252247208775, -0.002486265496420894, -0.9997641019328132]","[[0.999100213227906, -0.005161825942027765, 0.04203260656411799], [0.004780890022755335, 0.9999439427669055, 0.009158326705399605], [-0.042077637198636095, -0.008949156965699409, 0.9990715717960651]]","[0.05564126192927486, -0.25263213070969637, -0.006434208269510855]",[0.4874102814592323],"[0.00864047562743062, -0.025551528219955197, 0.0, -0.999634477133897]",[0.48629260335600005],"[-2.7407220649222244, -1.4666012898521197, -0.16352960777270908]","[916.683316351326, 1135.504943595846, 896.2698396666473, 1143.6185415290593]"
42,0.8403349282296659,"[-0.013234809201236975, -0.04100406675908571, 2.265482585220184]","[0.20848580517019769, 0.0, 2.1997895430524137]","[0.151598237811426, 0.07209965149405616, 0.07524555973361163]","[-0.09083584691945333, 0.0, 0.10882254801978539]","[0.004087612063866296, -0.018275994388026556, -0.0024569790121434765, -0.9998213671969711]","[[0.9993194261592679, -0.005062490580470409, 0.03652537303774035], [0.004763669879911808, 0.999954032956241, 0.008263571233806132], [-0.03656554574594317, -0.008083956295256399, 0.9992980825062309]]","[0.028214319206276504, -0.2430316410190084, -0.004873300832630129]",[0.4877110410454369],"[0.008551423428510022, -0.028628451373694446, 0.0, -0.9995532530106261]",[0.48629260335600005],"[-3.030523106088969, -0.5399438673019007, 0.14307147060471692]","[925.1497261968789, 1135.9472265460702, 890.7798182991185, 1157.8268339790727]"
43,0.8603429027113236,"[-0.010140383087528907, -0.03950801065284997, 2.2684926287718636]","[0.20664970912471886, 0.0, 2.2019890566023594]","[0.13824636673743307, 0.06904045876517816, 0.07936427285498926]","[-0.09282035655418709, 0.0, 0.11118338039720956]","[0.0039013462346831427, -0.016431887131966496, -0.002405780687890462, -0.9998544683769752]","[[0.9994483837404107, -0.004939074103426696, 0.032840219978669295], [0.004682648179462552, 0.9999579565649603, 0.007880619964322617], [-0.03287776311238199, -0.0077224938974118935, 0.9994295182969614]]","[0.012004577131411067, -0.16293720390065164, -0.00190875401650635]",[0.4862675317139118],"[0.008256400147141817, -0.03078738476868208, 0.0, -0.9994918536809236]",[0.48629260335600005],"[-2.3287173340779086, -0.5243763413173146, 1.4131548247767967]","[933.2904198467862, 1131.200127604097, 902.0054049094891, 1149.7389045167563]"
44,0.8803508771929813,"[-0.007351113096296549, -0.038102010674392436, 2.2715061797123077]","[0.20477167877521704, 0.0, 2.2042384362412637]","[0.1284718586744192, 0.06730176117655379, 0.09342781536512726]","[-0.09480432445273777, 0.0, 0.11354161526109612]","[0.004108339349545798, -0.01507056356156965, -0.0023318680060592316, -0.999875283158219]","[[0.9995349008284787, -0.004786984344291787, 0.030118207806782305], [0.004539324387092477, 0.9999553876961833, 0.00828593907087933], [-0.030156528227131264, -0.008145368810869302, 0.9995120191408521]]","[-0.01418240231400832, -0.12594197167093915, -0.0072217209774753585]",[0.479941485211794],"[0.007495412925700789, -0.030634920129451734, 0.0, -0.9995025177759229]",[0.4862932893274716],"[-2.0819734439203446, -0.3124052559480814, 1.5611308199561371]","[914.3924759262044, 1151.777360034582, 888.5832226891717, 1162.813651402043]"
