,t,p,p_d,v,v_d,q,R,w,T_sp,q_sp,hover_throttle,fa,pwm
0,0.0,"[-0.5119252251305768, -0.045237585347389024, 1.9560456662818642]","[0.24956407321606466, 0.0, 2.1505231121040373]","[-0.11823245058530953, -0.04679867162764298, -0.0443117395901494]","[-0.009291955718955964, 0.0, 0.011150344745492478]","[0.010068827701968328, -0.12083892019471551, -0.007530458479083308, -0.9925925148473679]","[[0.9706825293835841, -0.017382765973678955, 0.2397359695971407], [0.012515940905148987, 0.9996838560686498, 0.021808430962890306], [-0.24003926115291155, -0.01816854107815604, 0.9705931824108106]]","[-0.04907211426282252, -0.04852580962473832, -0.013168240412537753]",[0.6019469350072548],"[0.02310720265155039, -0.20152948159914139, 0.0, -0.9792045685415763]",[0.44423781375200005],"[-8.425706798023658, -0.7664742396688982, -8.17461102723059]","[955.1504335164416, 1176.6991329671168, 926.1547316169115, 1203.2614554239283]"
1,0.020007974481657698,"[-0.5133630803346175, -0.045856004670582165, 1.9554325427145784]","[0.24935910058727456, 0.0, 2.1507690791907392]","[-0.11262014975676307, -0.046773291442436776, -0.03280146378165753]","[-0.011282184829788443, 0.0, 0.013538616387322452]","[0.010586192888724663, -0.12015227450456842, -0.007373767002264777, -0.992671567837089]","[[0.9710179675635968, -0.017183368009855846, 0.23838737318367947], [0.012095547394158423, 0.9996669707410846, 0.02278917513853], [-0.23869961366288944, -0.019245275630574616, 0.9709025774834495]]","[-0.05775449653319412, -0.06836889731615618, -0.005028067441421494]",[0.6208600457375066],"[0.026823857255382264, -0.20163310373851648, 0.0, -0.9790645650711969]",[0.44423781375200005],"[-8.641554946573011, -0.8261088098610968, -9.257630030631788]","[925.2820478738287, 1307.6323697388368, 908.862105131189, 1319.9053429126247]"
2,0.040015948963315395,"[-0.5153036866985934, -0.04670830903982679, 1.9549487900861038]","[0.24911368320376392, 0.0, 2.151063579883191]","[-0.10747586564148871, -0.04261412441260509, -0.022294330300293538]","[-0.013272412996135718, 0.0, 0.01592688349603974]","[0.011225662607215149, -0.11968035878750366, -0.007288339270828563, -0.9927223145219799]","[[0.9712471010820155, -0.017157576716834686, 0.23745509268146073], [0.011783611402998797, 0.9996418466390846, 0.024032473648750562], [-0.2377823584319457, -0.020543389413159304, 0.9711013098587269]]","[-0.04741904406415365, -0.04967190937616614, -0.0048690483915390615]",[0.6265353320665308],"[0.02119363436226772, -0.19742082367637284, 0.0, -0.9800878604885745]",[0.44423781375200005],"[-7.44188228213064, -0.29765855195969027, -5.910809292635012]","[970.0011716146804, 1445.7846449998365, 971.6538551814159, 1465.7412689700666]"
3,0.06002392344497309,"[-0.516557702047942, -0.04735104214344895, 1.9558546937367893]","[0.24878724855982656, 0.0, 2.1514553006672967]","[-0.0932579821969652, -0.03875083288320647, 0.024252008954968998]","[-0.01526263673603365, 0.0, 0.018315129357548667]","[0.01208799990573341, -0.12295405908725303, -0.007205966940861252, -0.9922968605832043]","[[0.9696295526594197, -0.017273454055078463, 0.24383964220108229], [0.011328379436453446, 0.9995727144680411, 0.025761774484433557], [-0.24418806511188967, -0.022217762944323774, 0.9694411650950833]]","[-0.06632924331632065, 0.12238675595615645, -0.0024992019350528363]",[0.6200340633060709],"[0.019900720229577482, -0.1983867121981281, 0.0, -0.9799196540008244]",[0.44423781375200005],"[-6.670979204503233, -0.4606846843030248, -2.112811565351606]","[1025.2742442695194, 1435.9854488797178, 1021.5397235942918, 1460.2347426925223]"
4,0.0800318979266379,"[-0.5177268857337949, -0.04797767661303827, 1.9569235164247674]","[0.2484522054751264, 0.0, 2.1518573515074118]","[-0.07635089945481756, -0.03542219786715785, 0.07832392331557711]","[-0.017252859958243338, 0.0, 0.020703372734064404]","[0.013014158472863177, -0.1266715856744175, -0.007130824249201638, -0.9918142844154405]","[[0.9677684038195248, -0.017441954879979855, 0.2510837728492406], [0.010847858520076917, 0.9995210484125537, 0.027621802175687788], [-0.25145497955652557, -0.02400871091643995, 0.9675313644869572]]","[-0.08996997363250736, 0.3088074640044758, 0.00046993499559581757]",[0.6113995062766427],"[0.01960891767691032, -0.19973436787198856, 0.0, -0.9796512440588214]",[0.44423781375200005],"[-6.740753749499024, -0.47915783140654944, -1.5673541186386828]","[1075.2809443793708, 1422.8946327971041, 1069.1736319049871, 1449.2076740138777]"
5,0.1000398724082956,"[-0.5188960694196473, -0.04860431108262737, 1.957992339112745]","[0.24811716239042636, 0.0, 2.1522594023475268]","[-0.059443816712675915, -0.03209356285111041, 0.132395837676166]","[-0.01924308318045232, 0.0, 0.02309161611057929]","[0.013940317039992618, -0.13038911226158065, -0.007055681557542049, -0.9913317082476768]","[[0.965881784977828, -0.017624372829558824, 0.25832100591465096], [0.01035371057560033, 0.9994957612922031, 0.029478924718916787], [-0.2587144396660324, -0.025798988500163527, 0.9655926853839598]]","[-0.11361070394868567, 0.49522817205272895, 0.003439071926243417]",[0.6027649492472176],"[0.01931711512424326, -0.20108202354584856, 0.0, -0.9793828341168185]",[0.44423781375200005],"[-6.720904508180562, -1.2913152435908049, 0.37935765808288835]","[1125.2876444892045, 1409.803816714495, 1116.8075402156655, 1438.180605335237]"
6,0.12004784688995329,"[-0.5197925100517219, -0.049320379830261246, 1.9617481516799256]","[0.2477329766373105, 0.0, 2.15272042354724]","[-0.0387695991340444, -0.035384277732757666, 0.20414790183459955]","[-0.021233301446404267, 0.0, 0.025479835697229506]","[0.015009041137524628, -0.13552382925970666, -0.006986200015505283, -0.9906350392500329]","[[0.9631675370179115, -0.017909714510084915, 0.2682995955091531], [0.009773383596189712, 0.9994504109806039, 0.03163055726890513], [-0.2687190201628639, -0.02784337095660314, 0.9628146083674889]]","[-0.10985900728279566, 0.5631495300653232, 0.0018786940506514594]",[0.5644565736997756],"[0.025520291192431124, -0.20804323089472657, 0.0, -0.9777823421981052]",[0.4448683085531444],"[-5.343166250582587, 0.28187379338629537, 3.1310306998890525]","[1188.4543256185968, 1374.9216703180289, 1185.9518344766275, 1395.5356484771992]"
7,0.140055821371611,"[-0.5198630651547075, -0.04965715557694898, 1.9653638541097351]","[0.24728458605417591, 0.0, 2.153258488887349]","[-0.007851512925139081, -0.015396142656713201, 0.26584844396957785]","[-0.023223510950867627, 0.0, 0.02786801322883006]","[0.015925934469476898, -0.14095065258788692, -0.0069382962610546875, -0.989860628919518]","[[0.9601624736537123, -0.018225434314284448, 0.2788220055313577], [0.009246350888105683, 0.9993893758061626, 0.03348482579186237], [-0.2792640009376912, -0.029572996248487353, 0.9597514827862725]]","[-0.12660174476377298, 0.6651030943815618, 0.003742075549766014]",[0.5168457825673634],"[0.009227837904105668, -0.2081069493577951, 0.0, -0.9780491469205823]",[0.44493167471],"[-4.446284915474148, -0.006592824561687971, 6.004759390346674]","[1210.9021744862555, 1335.7140535898632, 1233.4447038914252, 1328.610532488835]"
8,0.1600637958532687,"[-0.5191950122148418, -0.04996511093167922, 1.9729038497867424]","[0.24679212933457187, 0.0, 2.1538494314250056]","[0.019776605715157325, -0.021966904499318256, 0.3395956182396147]","[-0.025213710577771355, 0.0, 0.030256143348314782]","[0.01728315235829271, -0.14821775814435598, -0.0069573029636097435, -0.9887680664911959]","[[0.9559440887743116, -0.018881658191070717, 0.2928654840258634], [0.008634977806216778, 0.9992836817221094, 0.036240449976358315], [-0.2933464605343548, -0.03211566658436903, 0.9554434821924866]]","[-0.12246309034802279, 0.6984409087537418, 0.006671100374495011]",[0.5018899579288146],"[0.01835626130548882, -0.20264499050912518, 0.0, -0.9790801944047183]",[0.44493167471],"[-4.776995950408931, -1.3716287778091334, 7.134769219699251]","[1131.4101859016787, 1293.8015379433473, 1179.0512071116652, 1263.212868152722]"
9,0.18007177033492638,"[-0.518061353689145, -0.05009621836315358, 1.9803916800455685]","[0.24626086758118193, 0.0, 2.154486937690884]","[0.04981727530767618, -0.015771422394841784, 0.4001277170545496]","[-0.027203900127406113, 0.0, 0.03264422509737427]","[0.018184269752356572, -0.1540755085877439, -0.006981023075887003, -0.9878495789501667]","[[0.9523894612686901, -0.019395902633094878, 0.3041529629563525], [0.008188900191530613, 0.9992066506289811, 0.03807785579852351], [-0.3046607421833899, -0.03377543707500325, 0.9518255953022092]]","[-0.08114436020285573, 0.6311707133252459, 0.003955264144404157]",[0.48024726173120125],"[0.018531512714006968, -0.2027650802388173, 0.0, -0.9790520215964325]",[0.44493167471],"[-4.579711435659558, -0.12628583584413233, 6.618823386994464]","[1046.4394366408467, 1213.5327917380234, 1088.4909129119517, 1191.6982016969419]"
10,0.20007974481658408,"[-0.516522612966229, -0.05017805159203375, 1.9889018568064323]","[0.24571028073577142, 0.0, 2.155147632295177]","[0.07826657342629285, -0.010117768526238375, 0.44734956976723184]","[-0.0291940827543087, 0.0, 0.035032273617541757]","[0.018844272089208754, -0.16042777439417732, -0.007003818434353559, -0.9868345762365207]","[[0.9484114631767551, -0.019869509656105802, 0.3163673858012115], [0.007776931130705505, 0.999175391589749, 0.03943957253064854], [-0.316895313242173, -0.034945144515911526, 0.9477993569409336]]","[-0.04038431230509219, 0.5919176564394006, -0.0001610833133206726]",[0.4618170865913942],"[0.01853213394060156, -0.202355231342686, 0.0, -0.9791363704354612]",[0.44493167471],"[-4.9986803185243485, -0.3765118577980423, 4.382105233194562]","[998.1961470988415, 1137.6751132274253, 1024.6683108370112, 1135.0634802675054]"
11,0.22008771929824889,"[-0.5140076417279108, -0.050139423406180585, 1.9998049524454409]","[0.24511099371384923, 0.0, 2.155866762564034]","[0.1026967341145712, -0.005940243398980618, 0.4623624217252631]","[-0.031184247704334485, 0.0, 0.03742023728931014]","[0.018903387657305367, -0.16786744048475102, -0.007028676734691159, -0.9856027861431557]","[[0.9435413102465312, -0.02020149335026814, 0.3306355024869144], [0.007508440140176597, 0.9991855892664894, 0.03962223503206326], [-0.3311669656910494, -0.034902691138273975, 0.942925438709968]]","[-0.0008044572334503499, 0.6143477712089213, -0.007526607218845306]",[0.4511044209925392],"[0.01825312962145837, -0.20068778597964404, 0.0, -0.9794849671248418]",[0.44493167471],"[-5.6990648056340945, -0.8206903163087125, 3.0528934511852555]","[1033.5939695436705, 1074.7740503565421, 1022.5669385931249, 1113.8150894269093]"
12,0.24009569377990658,"[-0.5115972464271624, -0.05007406895278952, 2.0088113634347406]","[0.24446769481190334, 0.0, 2.156638701171598]","[0.12329987019447032, -0.0055461947483141285, 0.47777390784708473]","[-0.033174391562038795, 0.0, 0.03980809971963026]","[0.01856849366256062, -0.17277585283805236, -0.007152615453848545, -0.9847600427683917]","[[0.9401944755583542, -0.020503594457409267, 0.34001988587084053], [0.007670845143541743, 0.9992078882923937, 0.03904261969669824], [-0.34055113904974266, -0.034099422756452974, 0.9396072174602224]]","[0.04274765241140853, 0.49511115536297834, -0.011628706200503467]",[0.4389975190880307],"[0.02127186713696398, -0.1996070180570929, 0.0, -0.9796450340314723]",[0.44493167471],"[-6.406007767361281, -0.5946538893284643, 2.467473670052616]","[947.3352166681955, 1064.3089367059695, 951.021717208135, 1077.815404571825]"
13,0.2601036682615643,"[-0.5090757847107038, -0.04992005191353205, 2.016691227846741]","[0.24376859379198196, 0.0, 2.1574775917742604]","[0.13804021010960082, 0.0007076992417644704, 0.4699142471491826]","[-0.03516450097655652, 0.0, 0.042195796825666265]","[0.018243779555681978, -0.17695599656336783, -0.007215951699249454, -0.9840160217632581]","[[0.9372548719006045, -0.02065791655337874, 0.34799177906670486], [0.00774453178394634, 0.9992160503551212, 0.03845815460880371], [-0.3485183639950471, -0.033350530912428455, 0.9366933408335038]]","[0.041781039896105356, 0.5112994780883237, -0.009685987691641414]",[0.43779216732288867],"[0.019602655251821775, -0.19735403116546069, 0.0, -0.9801328852917647]",[0.44493167471],"[-7.010644298141628, -0.10665249409677657, 0.565261668022611]","[932.3723009544931, 1018.5151840722011, 951.5983821387637, 1032.9240329570978]"
14,0.280111642743222,"[-0.506133347216251, -0.049705776961282144, 2.0253307749633747]","[0.24305725600328845, 0.0, 2.1583311634377393]","[0.1525488050306606, 0.006332832478393705, 0.4554604317049655]","[-0.03715460106290886, 0.0, 0.044583449157630406]","[0.017863702785143116, -0.18129277946035433, -0.007276319671160502, -0.9832376207628688]","[[0.9341553140482053, -0.02078582314150836, 0.3562477982522219], [0.007831581824019287, 0.9992512340627349, 0.03776681768381177], [-0.35676772630012316, -0.03249024081410482, 0.9336229799497273]]","[0.04058252400211073, 0.5046209876939005, -0.00793341354876148]",[0.43976538513930347],"[0.018071980052967274, -0.19426099428826196, 0.0, -0.9807794062790066]",[0.44493167471],"[-7.274173154155205, -0.4494530183082609, -1.715093430667693]","[918.1815341703815, 974.6638050981352, 939.673085833374, 1001.7338138521203]"
15,0.3001196172248797,"[-0.5016319916491406, -0.04926776313100038, 2.0366424251625235]","[0.2422955970992185, 0.0, 2.1592451072872856]","[0.16682269705891303, 0.00964837122428154, 0.4170349313766979]","[-0.03914466151781618, 0.0, 0.04697091126370512]","[0.017282087382921644, -0.18608993128014598, -0.007331533389848844, -0.9823530686644328]","[[0.930633008153043, -0.02083635355399826, 0.3653586216798213], [0.007972263740136792, 0.9992945921121199, 0.03668287223647004], [-0.36586543848259806, -0.031225574057689776, 0.930143169828114]]","[0.041218005317489016, 0.3992944814586308, -0.006924411083734032]",[0.45329675504837574],"[0.017026949258024837, -0.18805726520337188, 0.0, -0.9820085768358284]",[0.4449930387198391],"[-7.3702415472861675, -0.12926754277344976, -2.8260140333431316]","[903.4552822157109, 944.1348291213308, 880.7065188899019, 1021.9786116488311]"
16,0.3201275917065374,"[-0.4985401948003168, -0.048981797556198754, 2.043172836288033]","[0.24149221488842085, 0.0, 2.160209104969315]","[0.18476978624692508, 0.018872227915201295, 0.3923570257068144]","[-0.0411346820204888, 0.0, 0.0493581816060443]","[0.016936225997992212, -0.18867783280474648, -0.007420517551984779, -0.9818645753225261]","[[0.9286904913517045, -0.02096286746409092, 0.370260809234649], [0.008180905795320622, 0.9993154690333861, 0.03605833503416604], [-0.37076351148377895, -0.030457986354173756, 0.928226948011073]]","[0.04351679159143907, 0.3124866402011951, -0.0020294277891232983]",[0.46004403960507334],"[0.01240692285485699, -0.18409766328688776, 0.0, -0.9828275062706641]",[0.4456817554117692],"[-8.47159023659917, 0.11503926662882247, -3.450510047251232]","[894.0407510491419, 948.2889293313601, 901.1799957330147, 995.9907230605521]"
17,0.34013556618819507,"[-0.49516703431063624, -0.048593503237694326, 2.048949148284656]","[0.24063681821531316, 0.0, 2.1612354970318988]","[0.18848177682436792, 0.024748503506984057, 0.3453663874348581]","[-0.043124641744492806, 0.0, 0.051745160223386995]","[0.016947014735559696, -0.1911897918681052, -0.007574844886019443, -0.9813751265717707]","[[0.9267734255725897, -0.02134772115771246, 0.3750010703717786], [0.008387336277402983, 0.9993060959848339, 0.036159223496629596], [-0.3755145544033904, -0.030366291427864643, 0.9263137795057896]]","[0.01736656698057792, 0.29218480210099856, 0.005787740347740888]",[0.4728413524590118],"[0.01014820795358409, -0.18305742986338375, 0.0, -0.9830481610073416]",[0.445752410999],"[-10.016182114534995, -0.3091336764836169, -6.289068940091347]","[905.5978978740744, 974.450062009777, 940.4790965791199, 991.6807588730137]"
18,0.3601435406698599,"[-0.4913182491676035, -0.048120235871174415, 2.0549045853611054]","[0.23976558611535317, 0.0, 2.16228088339503]","[0.19491440705828916, 0.029020947371491343, 0.2940408983574488]","[-0.045114580627993346, 0.0, 0.05413203881156913]","[0.01699647219273608, -0.19354334156247846, -0.007748100527963778, -0.9809136981751114]","[[0.9249615052096105, -0.021779543931346738, 0.3794352491080989], [0.008621327839523192, 0.999301795201954, 0.036343331322902614], [-0.3799620106087791, -0.03034495825512616, 0.9245038111991964]]","[-0.004845914889658132, 0.2510439992730914, 0.014236675836165986]",[0.4872761158331829],"[0.00879553955169637, -0.1802201340293521, 0.0, -0.983573262766685]",[0.445752410999],"[-8.496262530674567, -0.8804849166754037, -7.573273383759648]","[916.4853041782643, 1005.3811087990521, 982.0692019198954, 990.9130663571982]"
19,0.38015151515151757,"[-0.48556480971239174, -0.04731484184480497, 2.0617977638158242]","[0.2388453746277107, 0.0, 2.1633850169829048]","[0.22059557724457488, 0.028566919915484084, 0.24256841531930268]","[-0.047104450010478, 0.0, 0.056518583814206776]","[0.016954209794051593, -0.19516518639155048, -0.00796807914668018, -0.9805914233301035]","[[0.9236940444737627, -0.022244603172455128, 0.382484430845334], [0.00900911711414501, 0.9992980539727785, 0.036360488730461396], [-0.38302480078736767, -0.030140122123083538, 0.9232461345848567]]","[0.010319891764172789, 0.09294329000475549, 0.021684808799891816]",[0.5019884979864302],"[0.009792869501933579, -0.17008455706593983, 0.0, -0.9853768900141499]",[0.445752410999],"[-8.23955804546631, -0.6134808557365512, -4.8971484070196105]","[917.5366375537171, 1044.796562858633, 1025.7625902079137, 997.937783267506]"
20,0.40015948963317527,"[-0.4815052634663686, -0.04673202653835906, 2.065370395085309]","[0.23787609656980416, 0.0, 2.1645479945138852]","[0.23625637035085117, 0.03579947902862733, 0.2326591922238441]","[-0.049094235582866436, 0.0, 0.05890472655780005]","[0.01661198689535145, -0.19586975709210622, -0.00818562990991011, -0.9804550604507524]","[[0.9231361173917572, -0.022558856212316288, 0.3838110299068431], [0.009543712860277328, 0.9993141246611759, 0.035781247915577775], [-0.3843549482140176, -0.029367978547177882, 0.9227182102485785]]","[0.02573990579745669, 0.06060370760792974, 0.017445077091760443]",[0.4980407185774104],"[0.0066545079434498205, -0.17362299392075922, 0.0, -0.9847868780278839]",[0.445752410999],"[-9.143385911514926, -0.24129813911538212, -2.8548109638150017]","[966.9373321366298, 1055.9149900320353, 1040.7669579500848, 1053.3702177932355]"
21,0.42016746411483297,"[-0.47729609906704507, -0.046191013628886654, 2.068502604006314]","[0.23687713552629938, 0.0, 2.1657465658829818]","[0.2528978188431062, 0.03823981002956606, 0.205451145206766]","[-0.05108396362592159, 0.0, 0.06129059318491848]","[0.01627158307651046, -0.19575560187357474, -0.008392511287594813, -0.980481641442186]","[[0.9232183237103813, -0.022827913563322425, 0.38359642880373795], [0.010086899409009715, 0.9993293062085207, 0.03519373916410753], [-0.3841426665822845, -0.02862221477077196, 0.9228296633701745]]","[0.041971589805056546, -0.01512363285274805, 0.013067853832186258]",[0.5058036193906873],"[0.006680934755609391, -0.16987776235762872, 0.0, -0.9854366476943277]",[0.445752410999],"[-8.758348470056932, -1.2496768497305228, -4.6450420415786695]","[994.1397766923883, 1071.5350549445322, 1019.2529340600407, 1115.2466733292679]"
22,0.44017543859649066,"[-0.4720542224280719, -0.04549504583799436, 2.07173133376329]","[0.23583554824314043, 0.0, 2.1669962469250534]","[0.27357472899490165, 0.03415286926506632, 0.18342921155117053]","[-0.05307360105126773, 0.0, 0.06367602489026077]","[0.015341847963050775, -0.19439169839749093, -0.008505208012084266, -0.9807664892653302]","[[0.9242778077955724, -0.02264790176915354, 0.38104475594283316], [0.010718590240779435, 0.9993833280094518, 0.03340022439251355], [-0.38156669837569523, -0.026786857069741515, 0.9239517403243873]]","[0.09497941739231484, -0.15423164592993746, -0.0019092297533570479]",[0.5133323387439523],"[0.009958211670581212, -0.16450796437861798, 0.0, -0.9863222448789883]",[0.445752410999],"[-9.124886601370074, -1.2035849136426573, -4.845769963962962]","[980.5838374757359, 1100.00071680022, 1001.4045628803927, 1144.1741358505099]"
23,0.46018341307814836,"[-0.46634296499506744, -0.04475335832228389, 2.0746981302675436]","[0.23475302391579192, 0.0, 2.1682950048936296]","[0.2892505088674265, 0.03481394280769233, 0.1594751669391731]","[-0.055063139698669106, 0.0, 0.06606098251682511]","[0.014209807102983302, -0.19186430550923278, -0.008613669930629973, -0.9812794058232235]","[[0.9262250838724685, -0.02235754336544, 0.3763001862412447], [0.011452124280503784, 0.999445070093741, 0.03119289374000831], [-0.3767897805938968, -0.024582270543503988, 0.9259696372560082]]","[0.11336200201806838, -0.23622509120664473, -0.009143743101883907]",[0.5223500564553084],"[0.010134919448447709, -0.16103454689139082, 0.0, -0.9868967244811668]",[0.445752410999],"[-8.044121131130083, -1.5155476914234784, -4.168525641683406]","[1000.657904162371, 1105.9110451881425, 1016.3523000180766, 1152.454382534163]"
24,0.48019138755980606,"[-0.4587598035123672, -0.04380176164953272, 2.0781344402469637]","[0.23363298683740333, 0.0, 2.1696387277045357]","[0.3221316582645675, 0.027091659267535026, 0.1540705436879991]","[-0.05705257728729878, 0.0, 0.06844545512648867]","[0.013062500088538393, -0.18953438723146365, -0.008683642039859668, -0.9817477554201015]","[[0.9280005945986877, -0.022001878062991847, 0.3719230583289986], [0.012098706263023593, 0.9995059046679744, 0.028939857830119247], [-0.37237677862865654, -0.022356462738270532, 0.9278101480597144]]","[0.1232278305594684, -0.26661965973973273, -0.012229628427955691]",[0.5235144854187835],"[0.011393649003474348, -0.15700264508241762, 0.0, -0.9875310350101528]",[0.445752410999],"[-8.338644153244394, -1.0182178467300254, -2.933735528124089]","[1010.0870368682378, 1125.728186480997, 1027.127701159643, 1174.609703095151]"
25,0.5001993620414638,"[-0.453017773120948, -0.04314656442341412, 2.080472965337865]","[0.23246080263385874, 0.0, 2.1710449454771563]","[0.3332040133893204, 0.0332787941106065, 0.14870676134721725]","[-0.05904185747976829, 0.0, 0.0708291723539097]","[0.01172783172239971, -0.1862144285177528, -0.008757271906594137, -0.9823953740150209]","[[0.9304857097235824, -0.021573989783937632, 0.36566697867884657], [0.012838423856181495, 0.999562252426151, 0.02630419602954618], [-0.3660777939239179, -0.019781274495702182, 0.9303640052722566]]","[0.1301133288963702, -0.32409666455178304, -0.014058465778749007]",[0.5230459933639655],"[0.010185374535239768, -0.15309945637744798, 0.0, -0.9881521928783545]",[0.445752410999],"[-9.424791040790195, -0.12765080085226754, -2.63814248558878]","[1023.425027621249, 1132.397754638893, 1031.5300664048414, 1191.311908414447]"
26,0.5202073365231286,"[-0.44603589786588527, -0.042361615436784635, 2.08330576624527]","[0.23126764161138794, 0.0, 2.172476295850107]","[0.35359134483892, 0.03427943230363915, 0.15248983094557944]","[-0.06103106479658023, 0.0, 0.07321253984439405]","[0.010423718052367569, -0.18277707706343468, -0.008826303547052893, -0.9830571654127385]","[[0.9330246808332061, -0.02116395532756664, 0.35917662476157336], [0.013543088456586229, 0.999622292836841, 0.023720713370454012], [-0.3595446363600497, -0.017267729516034197, 0.932963180305745]]","[0.12448875269067888, -0.3581852255462461, -0.012936160995389143]",[0.5182082059222248],"[0.010869626825678005, -0.14700019659380884, 0.0, -0.9890585581269067]",[0.445700784415095],"[-7.0469603273329, -1.0436221317365908, -0.5879713809127836]","[1027.9263343637017, 1138.4472669336199, 1038.946607794141, 1194.9469077720153]"
27,0.5402153110047863,"[-0.43749830487090524, -0.04142889507491208, 2.0867675535607013]","[0.23003066390773566, 0.0, 2.173960141509291]","[0.3861581027027228, 0.031209453308176437, 0.17043374242450093]","[-0.06302011710673429, 0.0, 0.07559516344767112]","[0.009250374815921397, -0.17914216211527056, -0.008890339176726077, -0.9837389146053658]","[[0.9356568691651671, -0.020805809514173757, 0.3522937542994187], [0.014177280934570529, 0.9996695587913648, 0.02138517652632826], [-0.3526227101779203, -0.015014638198101045, 0.9356438065580515]]","[0.10136312317215833, -0.35558083297133974, -0.008120480900248543]",[0.5069126254237077],"[0.011818512740758527, -0.13899096897273144, 0.0, -0.9902104680073542]",[0.44557951575099997],"[-7.188586276218315, -0.009623561046739892, 0.31617374734705805]","[1021.0929774516954, 1139.9070225483044, 1045.3489116409949, 1182.1317180565686]"
28,0.560223285486444,"[-0.4307503054961691, -0.04077933419506111, 2.0896550456252925]","[0.22874510271553233, 0.0, 2.1755021747730185]","[0.4020743614919362, 0.04034651060193587, 0.1816888934395528]","[-0.06500897252133381, 0.0, 0.07797684217250485]","[0.008403151868229208, -0.17548840732422055, -0.008933618461230664, -0.9844024372454844]","[[0.9382427807721679, -0.020537863049031622, 0.34535229065125694], [0.014639240097595254, 0.99969391705991, 0.019679659310064802], [-0.3456525728619071, -0.013408673408450311, 0.9382611739271486]]","[0.0982583657118655, -0.37972826124844516, -0.010214079557587095]",[0.5004658080285502],"[0.0050733737486225415, -0.13771612692812324, 0.0, -0.9904362085662476]",[0.44557951575099997],"[-7.323582089610588, -1.021238926054839, 0.5697716955099068]","[1022.4221319529424, 1130.3717257710161, 1024.4624710179487, 1187.5414056960103]"
29,0.5802312599681017,"[-0.4212585413526317, -0.039874546585865214, 2.093806888840165]","[0.22742930429571628, 0.0, 2.1770804143641844]","[0.42986006602506194, 0.025386743327867504, 0.20182606984567905]","[-0.06699769465821633, 0.0, 0.0803578813303296]","[0.007451569319515153, -0.17155452294277634, -0.008918723304427355, -0.9851046745377589]","[[0.9409762477139628, -0.020128452875769372, 0.3378654080081593], [0.015015051196631568, 0.9997271046275629, 0.01774124618209236], [-0.33813124194793737, -0.011621056895093735, 0.9410242831940776]]","[0.08357723306654427, -0.39933289060035254, -0.009468863307962198]",[0.48975877997616735],"[0.012322540327924918, -0.12979912626590814, 0.0, -0.9914610898442883]",[0.44557951575099997],"[-5.853821397752082, -1.4229650145419712, 2.2625325638332114]","[998.6125728498786, 1131.5397167602525, 1016.4275442225241, 1160.674314247256]"
30,0.6002392344497594,"[-0.413418573946738, -0.03919228582981571, 2.097450068124141]","[0.22607043514176642, 0.0, 2.1787102144743224]","[0.45462651038900925, 0.028372246453494135, 0.22508726484652194]","[-0.06898621084621089, 0.0, 0.08273793221959619]","[0.006751084556002795, -0.1663326496770773, -0.008954788334381495, -0.9860056198145942]","[[0.9445059208659334, -0.019904794808688526, 0.32788894561404774], [0.015413091679112766, 0.9997478672777635, 0.01629216196603465], [-0.32813076374695377, -0.010334267282214428, 0.9445751430487961]]","[0.05498062565170438, -0.38930642396090864, -0.00643184341557231]",[0.47701818470405255],"[0.010774082354592866, -0.12267960639629172, 0.0, -0.9923872659387408]",[0.44557951575099997],"[-6.925414888700759, -0.7849649705203965, 1.6973083306070045]","[985.7033503200632, 1115.1600257094394, 1022.350854409643, 1124.9337665072721]"
31,0.620247208931417,"[-0.403471400932188, -0.03841916773679507, 2.102320153017647]","[0.2246542316334995, 0.0, 2.180408620547756]","[0.46345773201277485, 0.01870179720044972, 0.23131360642922644]","[-0.07097441679324354, 0.0, 0.08511649446092467]","[0.006319529368285689, -0.162836003685039, -0.008934219700733449, -0.986587236986644]","[[0.946798928258602, -0.019686868073360272, 0.32119092578757624], [0.015570680443352749, 0.9997501835479568, 0.015379159301249019], [-0.3214167660427022, -0.0095599087728027, 0.9468786959190507]]","[0.052645115828600014, -0.42272903654907773, -0.005599042428781687]",[0.47413195548812676],"[0.014370085956577338, -0.1195863871495351, 0.0, -0.992710271870736]",[0.44557951575099997],"[-7.816289556881537, -1.526591658267716, 0.44163475521518336]","[977.9069079970907, 1083.8558975974547, 982.6348372870439, 1130.8829566777904]"
32,0.6402551834130747,"[-0.3940088855324916, -0.03769495416039727, 2.106970011894136]","[0.22322903486788362, 0.0, 2.1821177839910875]","[0.47295721332889623, 0.01706676871941343, 0.23703035002446268]","[-0.07296256948617282, 0.0, 0.08749480118108593]","[0.005920023581386058, -0.15941687863545637, -0.008920602219512323, -0.987152875301757]","[[0.9490125275578998, -0.019499499622415373, 0.3146320398822446], [0.01572449289924393, 0.9997699165872351, 0.014532125723205263], [-0.3148432805842433, -0.008843747477672546, 0.949101588487409]]","[0.05379183078552244, -0.45160495961460245, -0.006645990102534326]",[0.47088315283313464],"[0.012746307228962295, -0.11597734689538763, 0.0, -0.9931278924120132]",[0.44557951575099997],"[-7.21181600146553, 1.0730455042593388, 0.6117887897479939]","[971.1298706915171, 1050.551961250652, 949.4805172339316, 1127.2857328200646]"
33,0.6602631578947395,"[-0.38821957699856807, -0.03729438682945451, 2.109874707335074]","[0.22174617785847656, 0.0, 2.183895906631076]","[0.48129505117251753, 0.03502499264661124, 0.23947453498534085]","[-0.07495036736391131, 0.0, 0.0898714054795353]","[0.005602892710609084, -0.1566994360410235, -0.00890647307621214, -0.9875897321497609]","[[0.9507308329361309, -0.01934782297537242, 0.30940970410939406], [0.0158359424635692, 0.9997774746338274, 0.01385799723898255], [-0.30960931216169785, -0.00827544000635454, 0.9508266986479923]]","[0.05408506929826461, -0.441668408550743, -0.010880404621054154]",[0.46959097606010103],"[2.527620008965694e-05, -0.11544160810889155, 0.0, -0.9932976387635088]",[0.44557951575099997],"[-8.889226869693275, 0.29343180463395957, -0.7917132467993646]","[966.3605898550854, 1026.9248267659343, 944.2284706723661, 1095.2565440621722]"
34,0.6802711323763972,"[-0.3761825166068476, -0.036533088807693105, 2.1159296301172845]","[0.22021520734272174, 0.0, 2.1857315322875848]","[0.4690651046724167, 0.025345132748326726, 0.2277551301799608]","[-0.07693782607901296, 0.0, 0.09224638259038352]","[0.005445737269184851, -0.1502640570489841, -0.008844160145156746, -0.9885820326725018]","[[0.9546665853678069, -0.01912295277854151, 0.2970003679651687], [0.015849758475779224, 0.9997658469406375, 0.013425034807146687], [-0.29719301985523716, -0.008109197268737949, 0.9547637115963432]]","[0.013043484540855629, -0.442769906731687, -0.003958228260593681]",[0.4733671684379696],"[0.0052804131576199625, -0.11717525812466117, 0.0, -0.993093380767519]",[0.44557951575099997],"[-9.057938059607407, -1.3928526662317287, -1.5638381743157197]","[943.8120964207139, 1041.9316110469167, 937.0443333400553, 1086.1037157457645]"
35,0.700279106858055,"[-0.36568409768130794, -0.03587730751416376, 2.1212535442404]","[0.21864781084320356, 0.0, 2.187610682822206]","[0.47149510869284267, 0.02388362466141709, 0.22414177239722677]","[-0.07892501735260675, 0.0, 0.09462007664067265]","[0.005616681651171483, -0.14556782658722198, -0.00880675372968406, -0.9892791355479026]","[[0.9574372040945932, -0.019059891714556954, 0.2879154978354281], [0.015789459152183504, 0.9997540941437071, 0.013676891936475422], [-0.28811335676374766, -0.008548971937599341, 0.9575292276915627]]","[-0.008248659599040378, -0.4777384684663571, 0.0009322871475578422]",[0.4731315684178858],"[0.005845027926577182, -0.11420321266482877, 0.0, -0.9934344728776989]",[0.44557951575099997],"[-7.447852572525028, -0.5219323665905575, -0.8134430169718811]","[903.5318603600211, 1076.1166471261351, 946.8244483933668, 1062.6973202991978]"
36,0.7202870813397126,"[-0.3553747677735276, -0.03523054162257123, 2.1264769519481734]","[0.21707067096247845, 0.0, 2.189501467704897]","[0.4739270228755073, 0.02082519029056828, 0.22268236072751707]","[-0.08091212876024244, 0.0, 0.0969933875618832]","[0.005798842521189818, -0.14086015842709942, -0.008770373108384065, -0.9899721558376352]","[[0.9601599922318328, -0.018998502099671986, 0.2787935533943977], [0.015731198594757592, 0.9997759075468768, 0.013952177555153968], [-0.2789969854444281, -0.009010592973106961, 0.9602465779715822]]","[-0.024950367314549218, -0.5086348399657697, 0.005170758220288229]",[0.4719621868996922],"[0.007324927457109093, -0.11131553487868709, 0.0, -0.9937547001642499]",[0.4455972966322445],"[-7.316086814733101, -1.452776926625232, 0.253594229924488]","[871.5834040703612, 1104.6665667387929, 946.4349776211168, 1055.0865604522562]"
37,0.7402950558213703,"[-0.3461357918607269, -0.03465738608492553, 2.131130412604986]","[0.2154325624625369, 0.0, 2.191465049841766]","[0.47644245539262764, 0.012055334560642814, 0.23333734379083682]","[-0.08289873634071311, 0.0, 0.09936428156514591]","[0.006014851733673174, -0.13604995098910042, -0.008743689211980004, -0.9906438350542732]","[[0.9628253451072438, -0.018960404194102973, 0.26944890642514596], [0.015687123059811212, 0.9997721665527609, 0.014296308554965286], [-0.26965927440200743, -0.009537994599950063, 0.962905892426559]]","[-0.011008313917807905, -0.5150035195085279, 0.004073199430483522]",[0.4654314330136361],"[0.012139060662358352, -0.10876897755794733, 0.0, -0.9939860132046597]",[0.44570496672399995],"[-6.871095085023006, 0.4121945569522854, 1.268734447731724]","[886.278259552672, 1100.928650912603, 893.2983806643775, 1130.3223507314474]"
38,0.760303030303028,"[-0.336881999546903, -0.03426594673043847, 2.1357938233773686]","[0.2137536150738445, 0.0, 2.1934773567076773]","[0.47749545734586296, 0.02783574343168069, 0.23810460460175856]","[-0.08488496828149539, 0.0, 0.10173337374381426]","[0.00594673603431981, -0.13090673130172475, -0.008736853020486633, -0.9913365487965974]","[[0.9655706117486069, -0.018879258993678667, 0.25944134292842363], [0.015765387889010715, 0.9997730290098871, 0.014077859295284942], [-0.2596491659631576, -0.009503007812182917, 0.9656525496110863]]","[0.030185972698271155, -0.506192388395721, -0.008255185058044408]",[0.4607572426201701],"[0.0031408878655925392, -0.10566412158970898, 0.0, -0.9943907756769569]",[0.44570496672399995],"[-8.030920080786737, -0.770931087736288, -1.263596705070345]","[889.758025497154, 1096.3923434067603, 891.1767658620639, 1132.3718524117874]"
39,0.7803110047846857,"[-0.32932166886103564, -0.03394739576731671, 2.139644588156494]","[0.21203482461532502, 0.0, 2.195537173818217]","[0.46125912530498847, 0.00737462090379018, 0.21929987390388772]","[-0.0868708076399253, 0.0, 0.10410058295330905]","[0.0056206492887487195, -0.12543364631400242, -0.008640869402862579, -0.9920462427571631]","[[0.9683790752153678, -0.018554321120410222, 0.24877482048934724], [0.015734246980650395, 0.9997830910737661, 0.013319599530566079], [-0.2489690896752007, -0.008984176504469477, 0.9684652210665883]]","[0.02628243997545132, -0.4313477793321734, -0.00890640157666439]",[0.4679338383740507],"[0.012939822126854567, -0.10800595439359405, 0.0, -0.9940584813734662]",[0.44570496672399995],"[-8.87936597716512, -1.13421984500152, -1.2957383666564475]","[914.3693851172926, 1057.6227819683593, 891.4443130637786, 1118.8422746573938]"
40,0.8003189792663505,"[-0.3203903118894929, -0.033596799422134165, 2.1442448888099834]","[0.21027728369646098, 0.0, 2.1976431672791774]","[0.4500208907002317, 0.019108060818252177, 0.2292148766838996]","[-0.08885623521296335, 0.0, 0.10646581724573488]","[0.005322575161474095, -0.12122791533250185, -0.008452191235254354, -0.992573403597994]","[[0.9704626443439142, -0.01806932982652721, 0.24056523421908402], [0.015488351062422974, 0.9997983996429436, 0.012615376134744026], [-0.2407451839115992, -0.008516810040977912, 0.9705488638045697]]","[0.011134314439227804, -0.39911142114672965, -0.012004906950759725]",[0.46394371668394574],"[0.006320714483877879, -0.10989020196193837, 0.0, -0.9939181176949284]",[0.44570496672399995],"[-7.225616354202969, 0.30370419023401335, 1.635534008717471]","[897.2614300852745, 1058.6054968689718, 885.0302993345539, 1103.697289600059]"
41,0.8203269537480082,"[-0.31164901527108, -0.033360504614594076, 2.148899059146493]","[0.20847907487850298, 0.0, 2.1997975917847485]","[0.44778886833751935, 0.012293017765748232, 0.24039304001327383]","[-0.09084120218054605, 0.0, 0.10882884264561253]","[0.0053297676853842945, -0.11901595956582287, -0.0083638214353315, -0.9928425533801243]","[[0.9715299900855694, -0.01787657049041774, 0.2362390639262097], [0.015339260829062031, 0.9998027745011563, 0.012574096782885989], [-0.2364173728270591, -0.008592383847833281, 0.9716130842564134]]","[0.00465980476253202, -0.40657929029050105, -0.017759201105132603]",[0.4583653929038993],"[0.010223315566784966, -0.10706041881694953, 0.0, -0.9941960750472766]",[0.44570496672399995],"[-7.039156946145903, -1.2365666350672815, 0.3614566103033887]","[871.0734656716256, 1087.250158452764, 884.5239049858583, 1100.1079016738654]"
42,0.8403349282296659,"[-0.3005380042417358, -0.032983819776989054, 2.154964855277901]","[0.20664204162685623, 0.0, 2.201998217135521]","[0.4360763257075124, 0.008674830202459122, 0.23415364467766908]","[-0.09282569730226575, 0.0, 0.11118960545214002]","[0.0053959050333735725, -0.11437487393526631, -0.008147621782721354, -0.9933891870830711]","[[0.9737031972762716, -0.01742183067471332, 0.22714959849579106], [0.014953206842878234, 0.9998081892694294, 0.012584233857902818], [-0.22732545366934068, -0.008856701000818881, 0.9737777331754419]]","[0.006346708075740919, -0.38851416752971124, -0.014942557136462963]",[0.46048318348615447],"[0.011911787076716678, -0.10698191660247428, 0.0, -0.9941889290152106]",[0.44570496672399995],"[-8.253972548519492, -0.744372255205371, -1.2808489374885497]","[872.0207229729452, 1095.2951637512642, 880.3757347075699, 1112.0597735295607]"
43,0.8603429027113236,"[-0.2942274045411897, -0.03289944807401831, 2.158506083439257]","[0.20476231996837205, 0.0, 2.2042496066584905]","[0.41668417756234927, 0.005741092130615077, 0.22784263576811603]","[-0.09480964215998931, 0.0, 0.11354772984829292]","[0.0053537101169567865, -0.11171226952470513, -0.008002475336837924, -0.993693056172256]","[[0.9749108813230978, -0.017100158563896396, 0.221929727165543], [0.014707858133725927, 0.9998128192237856, 0.012427838499345518], [-0.2221010988982291, -0.008851939772570943, 0.9749816361220983]]","[-0.010291444643467679, -0.36414311717602593, -0.017825959404691942]",[0.4637233444313063],"[0.012937300596858834, -0.10997541567023808, 0.0, -0.993848753916512]",[0.44570496672399995],"[-8.608637331293792, -0.6528957558908199, -0.5922075462082006]","[852.3340329384108, 1092.2823471521644, 863.236557660229, 1100.7109201256958]"
44,0.8803508771929813,"[-0.2851538448698141, -0.03272080022291923, 2.163816539603739]","[0.20283745686246443, 0.0, 2.2065546165840857]","[0.3979543559411334, 0.0036645160613866033, 0.2308369790782206]","[-0.09679295149027689, 0.0, 0.11590280742331402]","[0.005667663370727246, -0.10811407073097355, -0.007725763309050043, -0.9940870764426967]","[[0.9764928982497423, -0.01658567123944793, 0.2148620269391096], [0.014134654605279314, 0.9998059580136184, 0.012938829262626008], [-0.21503717504198006, -0.009597774379244422, 0.9765480282709894]]","[-0.02957902878527577, -0.33230565919590854, -0.0192370525385202]",[0.462964840673665],"[0.013567486575871082, -0.11263980727892331, 0.0, -0.9935409188569819]",[0.44570496672399995],"[-8.201284286137833, -0.6287612450322029, 0.2395200979805061]","[855.4416632685361, 1091.889956709179, 858.566747451017, 1103.3719240181263]"
