,t,p,p_d,v,v_d,q,R,w,T_sp,q_sp,hover_throttle,fa,pwm
0,0.0,"[-1.450474973021973, -0.11394118302445934, 1.910190309023082]","[0.24995554568347608, 0.0, 2.150053345180446]","[-0.1341626445634687, 0.0014670198376949021, -0.010327896464400702]","[-0.002857967434528394, 0.0, 0.0034295609087487047]","[0.010456508884952788, -0.24427549050156533, -0.010314492223608916, -0.9695945555818267]","[[0.8804460367823699, -0.025110288680816224, 0.47348066414563605], [0.014893213333592953, 0.9995683901458083, 0.02531630346487974], [-0.4739120784639558, -0.015237992876093145, 0.8804401371259095]]","[-0.12498938240039344, -0.008352977138412413, 0.025493979664983523]",[0.6143103167024068],"[0.014501621638898407, -0.23838122440880885, 0.0, -0.9710622067918874]",[0.499035292324],"[-15.117822945198323, -0.8083273983311833, -2.1740425138640873]","[1235.5820101932961, 1295.9153194353162, 1221.8697632063602, 1292.997497514906]"
1,0.020000000000003126,"[-1.4532825688773663, -0.1143174259509359, 1.910078934667472]","[0.24987763238862307, 0.0, 2.1501468411310984]","[-0.1376428265435241, -0.014702489761237073, -0.02982503501729005]","[-0.004847404193596591, 0.0, 0.005816884913138703]","[0.01150011304881957, -0.2443396775271845, -0.010283483366691878, -0.9695668984029627]","[[0.8803845950346351, -0.025560917972993282, 0.4735708041511195], [0.01432118231749432, 0.9995238458625408, 0.027325583899402178], [-0.47404384903612995, -0.01727493186070754, 0.8803315898946699]]","[-0.09714819656239138, 0.014590535588842579, 0.023842611424898998]",[0.6187479394852909],"[0.017287579501819483, -0.23874090808685403, 0.0, -0.9709288525055811]",[0.499035292324],"[-15.229929167087501, -0.8787845525722071, -2.373623363623576]","[1243.278328445095, 1298.4001749717024, 1241.5149499634438, 1288.8945532028447]"
2,0.03999999999999915,"[-1.456539945096536, -0.11470433917937993, 1.9099240225403114]","[0.24976254488867305, 0.0, 2.1502849461261113]","[-0.14503809107860222, -0.00914758824471471, -0.030591898230211596]","[-0.006836840885128073, 0.0, 0.008204208593342472]","[0.012599335897080916, -0.24454407431429961, -0.010306942193069357, -0.9695014537936769]","[[0.8801837748334915, -0.026147376748549417, 0.4739119498751603], [0.013823005012843101, 0.999469896867872, 0.029471152213339902], [-0.47443139238220944, -0.01938914566287933, 0.8800787544181392]]","[-0.06480832031640524, 0.00424503327599479, 0.01525856866182053]",[0.6209724152340599],"[0.016442773177725262, -0.2407671885289597, 0.0, -0.9704432803153241]",[0.499035292324],"[-15.532701715583272, 0.427461355779279, -1.9093219727604236]","[1227.5846981340082, 1311.9430600082283, 1238.7811705294403, 1296.7846307986333]"
3,0.060000000000002274,"[-1.4591227760844627, -0.11498170126247667, 1.9097200946166266]","[0.24960336418420592, 0.0, 2.150475962951225]","[-0.14161704784971593, 8.300009248293208e-05, -0.0247217749482943]","[-0.00882627730245361, 0.0, 0.010591530957366292]","[0.013178628340484182, -0.24461284403811692, -0.01028524920791864, -0.9694766847542053]","[[0.8801174887072564, -0.026389942125701893, 0.47402180721934134], [0.013495295090153231, 0.9994410231542153, 0.030584553947060375], [-0.474563989126143, -0.020520937705501306, 0.8799817089199211]]","[-0.05370239966258884, -0.001298824854064321, 0.009731724498789405]",[0.6211988018778336],"[0.015013233262618922, -0.24156087080170818, 0.0, -0.9702690024797647]",[0.499035292324],"[-15.105187882739722, -0.8878719077903834, -1.6191210769605426]","[1244.3799417904208, 1307.0510552176775, 1235.102363541441, 1321.225557956251]"
4,0.0799999999999983,"[-1.4625269061887607, -0.1153725937567338, 1.9094118522267876]","[0.24940936168725694, 0.0, 2.1507087658964026]","[-0.1444427888088061, -0.005391660726374547, -0.020145404821163504]","[-0.010815713352245043, 0.0, 0.012978851557294795]","[0.013640501433567606, -0.2444852250462313, -0.010276359303549962, -0.969502597880272]","[[0.8802427217495137, -0.026595716208544017, 0.47377777226370454], [0.013256111957627149, 0.999416645722608, 0.031473839186435426], [-0.4743384710389522, -0.02142416711849805, 0.8800818023118666]]","[-0.035249138708390484, -0.019533208004617917, 0.007188220272073622]",[0.6223705598486856],"[0.016061240370758213, -0.24320463549798083, 0.0, -0.9698417471125924]",[0.499035292324],"[-16.0190352871053, -0.49359635953948144, -2.4908990216690974]","[1231.6635531340287, 1329.1901623691679, 1210.9910689314113, 1355.8738650576736]"
5,0.10000000000000142,"[-1.4651995474370658, -0.11570036166595472, 1.9091912486560174]","[0.2491719806304017, 0.0, 2.1509936230135325]","[-0.15100101520333226, 0.006302595353635629, -0.023894233408683716]","[-0.012805148456447302, 0.0, 0.01536616761843073]","[0.0138549684788809, -0.24401597658735016, -0.010300812885602913, -0.9696175309044687]","[[0.8807002128128466, -0.026737364840816617, 0.47291890256406444], [0.01321403018497231, 0.9994038861695015, 0.03189516648635139], [-0.473489772315412, -0.02184091482265557, 0.8805285060019534]]","[-0.015709584724649464, -0.053343186834033086, 0.0012878417506915008]",[0.624848804753386],"[0.014175989370571214, -0.24484531031225545, 0.0, -0.9694575751799508]",[0.499035292324],"[-16.24837340119737, -1.065854616291872, -3.351372493747675]","[1226.0210669295923, 1336.5193133567598, 1210.3365607735914, 1358.4172871564367]"
6,0.11999999999999744,"[-1.4683742479603714, -0.11605381164160575, 1.9089539573769185]","[0.24889504774137397, 0.0, 2.151325942158367]","[-0.1571830343581022, -0.007002439685646739, -0.02763872196040958]","[-0.014794582150181423, 0.0, 0.017753476908975007]","[0.013653596605077171, -0.24344622767156454, -0.01016780140387545, -0.9697649803726216]","[[0.8812610879044614, -0.026368588633034616, 0.471893598281949], [0.013072922282413343, 0.9994203780389836, 0.03143218547845095], [-0.4724489065168652, -0.02153093389650248, 0.8810950148747304]]","[0.0007193554599013189, -0.07298483384045619, -0.006448392467073128]",[0.6275270038678545],"[0.016491963697169376, -0.24642303346112426, 0.0, -0.9690214292875614]",[0.49906294149582187],"[-16.226072873286302, -2.616909319488342, -2.639882187061371]","[1236.0235764728181, 1331.743016927127, 1212.2328309976592, 1359.697836971019]"
7,0.14000000000000057,"[-1.471736781018327, -0.11637259823953287, 1.9087624670114411]","[0.24857612171624643, 0.0, 2.151708652769753]","[-0.16280237740354514, -0.010080130022485846, -0.02183584271816506]","[-0.01678401364555032, 0.0, 0.02014077564775074]","[0.013979327589955081, -0.2429668244003548, -0.010146541896986412, -0.9698807945975164]","[[0.881728347257317, -0.02647489789849965, 0.4710140297543363], [0.012888846571365044, 0.9994032595759681, 0.03204710882848112], [-0.4715813970866691, -0.022186016575057355, 0.881543408682517]]","[-0.010294205506484999, -0.054631026120554135, -0.003184410524076055]",[0.6289690845253385],"[0.017118674625839873, -0.24848230351530246, 0.0, -0.9684841483712534]",[0.49921793057949737],"[-15.637614203977147, 0.2777209352868566, -2.0598954044458395]","[1226.2175098150426, 1345.9964820454793, 1219.143538771653, 1355.6874975523676]"
8,0.1599999999999966,"[-1.475596046856515, -0.11663422587340276, 1.9087010542393037]","[0.2482231399358154, 0.0, 2.15213222983565]","[-0.16300393446033498, 0.008034141814459531, -0.01808748844076139]","[-0.018773442275569745, 0.0, 0.022528060632712094]","[0.014523428908138012, -0.24239563230047406, -0.010174068579648523, -0.9700154190651094]","[[0.8822816889814995, -0.02677883826048804, 0.4699594769675469], [0.012697175327051653, 0.9993711141236932, 0.033108199530044215], [-0.47055052641443906, -0.023243600384315055, 0.8820668523499268]]","[-0.03134882678401632, -0.05080504628965834, 0.0027404678502655874]",[0.6299140172729374],"[0.014205804590222275, -0.24976793649067738, 0.0, -0.9682005564508714]",[0.49927004275],"[-16.308013282622472, 0.26947510890057247, -3.108653247017461]","[1222.7265354369656, 1363.9076697915266, 1219.583051367031, 1362.345493748007]"
9,0.17999999999999972,"[-1.4796409017828795, -0.11678277004429471, 1.9087838127384487]","[0.24783061655672714, 0.0, 2.152603256170122]","[-0.1753003605559356, 0.006323804960820473, -0.021052559143313367]","[-0.020762867021330282, 0.0, 0.024915326973369366]","[0.014527192421369286, -0.24205858965470253, -0.010019473827038921, -0.9701011863107358]","[[0.8826146003197501, -0.026472670309957917, 0.4693515403129685], [0.012406943473321386, 0.9993772433317024, 0.033036292610779845], [-0.4699337596099536, -0.02333509379615886, 0.8823933013919966]]","[-0.025147591762171538, -0.02096457676176218, -0.005910346709381647]",[0.6329867931934519],"[0.01454493420356331, -0.25230276768637905, 0.0, -0.9675385774919706]",[0.49927004275],"[-16.084092482134086, -1.874407300457411, -2.106404339327014]","[1228.611972995259, 1369.9038838013687, 1235.5292358244822, 1356.497798602008]"
10,0.20000000000000284,"[-1.4832537874903788, -0.1167947824511477, 1.9089742882293133]","[0.24739524331267249, 0.0, 2.153125701165272]","[-0.17286635897907812, 0.0014212603049988904, -0.004953362256968973]","[-0.02275228555346383, 0.0, 0.02730256348856685]","[0.014649596658342083, -0.2421197166414457, -0.009791399343832552, -0.9700864381819597]","[[0.882564479539169, -0.026090919812209904, 0.469467226958435], [0.011903095044892887, 0.9993791725477327, 0.033164131755490774], [-0.4700409871628666, -0.023681368416882873, 0.8823270011768856]]","[-0.026156915526935137, 0.0013925450334416958, -0.013600239606609537]",[0.6320736434585976],"[0.015486710932974618, -0.2538635998800248, 0.0, -0.9671158116308001]",[0.49927004275],"[-15.859899057394959, -0.9709110829037264, -1.8582822948067843]","[1221.915289989653, 1384.5742786441172, 1239.9208507282458, 1350.8422139971783]"
11,0.21999999999999886,"[-1.4866231882982337, -0.11672775673419222, 1.9092847636261707]","[0.24691969811358327, 0.0, 2.1536963508851765]","[-0.18272202913356902, 0.008547478911657387, -0.005075238483892512]","[-0.024741696319952242, 0.0, 0.029689762728941006]","[0.015158939064268843, -0.24218601706077456, -0.00973270063002233, -0.970062627551644]","[[0.8825025024846382, -0.026225224442350516, 0.4695761333009219], [0.01154009214298149, 0.9993510493370534, 0.034124488520819785], [-0.470166282964047, -0.024695992517499786, 0.8822323665406371]]","[-0.028598166187253846, 0.012539183855627991, -0.008579365786652169]",[0.6344075122900622],"[0.014342818896285074, -0.256150502604675, 0.0, -0.9665302127912179]",[0.49927004275],"[-16.255960358433185, -0.08738650664057235, -2.8455979992191125]","[1226.8955758982158, 1390.1998310305023, 1227.8620896625066, 1372.1424094961346]"
12,0.240000000000002,"[-1.4906852993046138, -0.1165753237011123, 1.9097476600557455]","[0.24640205618993577, 0.0, 2.154317514277567]","[-0.1820716608231544, 0.01510364832535429, 0.0028935621528749676]","[-0.026731096525016755, 0.0, 0.03207691127472468]","[0.015321762568794554, -0.2424171010221793, -0.00952660601009802, -0.9700043421569475]","[[0.8822863731214778, -0.025910212920581734, 0.4699993524184803], [0.011053183862672473, 0.9993489620410438, 0.034343176865553875], [-0.470583209999973, -0.025105528019360144, 0.8819983727491921]]","[-0.005764121213038691, 0.02173236540223783, -0.020439207426969388]",[0.6346943525134154],"[0.013329998665036395, -0.25755051834789205, 0.0, -0.9661724704552074]",[0.49927004275],"[-15.128755012399145, -0.17191742679022637, -1.5885985899618689]","[1228.569888600394, 1388.36429296282, 1217.126147710523, 1385.0527637094117]"
13,0.259999999999998,"[-1.494829717403197, -0.11639115561650126, 1.9103188211071558]","[0.245851016666671, 0.0, 2.1549787523850013]","[-0.1781787202332034, 0.021626057688253132, 0.015077916754533637]","[-0.02872048673541526, 0.0, 0.03446401184615511]","[0.015148534709841335, -0.24273708093332802, -0.009273889987425685, -0.9699294779581242]","[[0.8819853748204427, -0.02534426074005791, 0.47059472869274405], [0.01063581635652157, 0.9993689995327982, 0.03388825469478292], [-0.4711566720702231, -0.024883786757004804, 0.8816984286837299]]","[0.02329994086226901, 0.035049166721397844, -0.03351412816441042]",[0.6341077720919351],"[0.012336319882622274, -0.2587681825383278, 0.0, -0.9658604933396473]",[0.49927004275],"[-14.63534452292232, -1.0601411575822535, -2.462549798162147]","[1248.776935013057, 1372.8205728952312, 1207.6455630037142, 1399.0605783221497]"
14,0.28000000000000114,"[-1.497896056851371, -0.116130529497023, 1.9109955734813269]","[0.24525543674224398, 0.0, 2.1556934344519045]","[-0.16997589220869483, 0.018865345781568597, 0.01503416304119989]","[-0.030709859692171524, 0.0, 0.03685102960132751]","[0.01464449139310753, -0.24317681419585627, -0.009053764339671392, -0.969829152057378]","[[0.8815661116973312, -0.02468361070993072, 0.4714147514752686], [0.010438807659952615, 0.9994071153658977, 0.03280864047738077], [-0.47194510257105876, -0.02400197820297541, 0.8813011307384422]]","[0.03341708175114588, 0.05599746244114123, -0.03476997733521144]",[0.6347420459978016],"[0.012844418786717745, -0.2585761117671889, 0.0, -0.9659044162718052]",[0.49927004275],"[-14.610263567064592, -0.1747942026492203, -1.9430420517183045]","[1240.7043279337975, 1381.9132024267649, 1221.3445999235016, 1386.997960453137]"
15,0.29999999999999716,"[-1.5012441620840187, -0.11576137925976043, 1.9118586146110306]","[0.24462324366618446, 0.0, 2.156452047612562]","[-0.16467977038017517, 0.033537295586741366, 0.03347839398117261]","[-0.03269921577018742, 0.0, 0.039237966339571544]","[0.014356912428457325, -0.24392269051367763, -0.008834571735850841, -0.9696480682034496]","[[0.8808471684999728, -0.024136804248182264, 0.4727846569496418], [0.010128897420107995, 0.9994314845258787, 0.03215220981792914], [-0.4732920056406599, -0.023532399788549825, 0.8805910259465278]]","[0.023658944136682264, 0.08372772221483185, -0.029825255227665996]",[0.6330614856590215],"[0.010492636722894967, -0.2599091902301281, 0.0, -0.9655758613716849]",[0.49927004275],"[-14.986827657905067, -0.3758939892246742, -0.9638429835823601]","[1235.3787597480903, 1387.154449874131, 1241.7193252492666, 1368.7189695529983]"
16,0.3200000000000003,"[-1.5049079860329964, -0.11520747778196738, 1.9130815711258617]","[0.24394846095433215, 0.0, 2.157261761223016]","[-0.15894268284323554, 0.028055652817036154, 0.04292169563252234]","[-0.034688547861694535, 0.0, 0.0416247879444423]","[0.014084946624856074, -0.24507113420426127, -0.00865998536492985, -0.9693639697618525]","[[0.8797300354271989, -0.023692983271975807, 0.47488230418929067], [0.009885727893735968, 0.9994529856246748, 0.031551504419459905], [-0.475370205915839, -0.023062254677157255, 0.8794832546773903]]","[0.018536879447375823, 0.11864447383742466, -0.02052919214757319]",[0.6327640112980836],"[0.011441368907610704, -0.2606796559252595, 0.0, -0.9653573629782507]",[0.49933748144822104],"[-13.832175750539186, -1.2709643501771888, -1.691219051136251]","[1257.4619762719612, 1360.374701973969, 1256.0570809046105, 1355.809825354108]"
17,0.3400000000000034,"[-1.5082641049279877, -0.11457667899061827, 1.914490976112826]","[0.2432348438580674, 0.0, 2.1581180678267073]","[-0.1409480023474971, 0.03328441890665981, 0.05122326139294048]","[-0.03667785372942349, 0.0, 0.04401148367812739]","[0.01402329754000679, -0.2465356910115743, -0.008559346053229687, -0.9689942510276562]","[[0.8782934020511307, -0.023502400934844618, 0.4775432740137876], [0.009673427537698683, 0.9994597901884484, 0.03139735798111405], [-0.4780233950395969, -0.022956620805753364, 0.8780466211130574]]","[0.007358200458936452, 0.15008252952915369, -0.011622735367738076]",[0.631593828817819],"[0.010612698107984635, -0.2597283251105648, 0.0, -0.9656232510067708]",[0.49961451835799997],"[-14.452990857943073, -0.18886785935251849, -3.1410399039256234]","[1249.679765663517, 1366.8215174667155, 1257.656015835541, 1349.0673018731216]"
18,0.35999999999999943,"[-1.5114238182168596, -0.11382812680038011, 1.9159816327360482]","[0.2424796221317959, 0.0, 2.15902428883721]","[-0.14137086375028038, 0.03807544091008408, 0.04095845888588614]","[-0.03866712619471995, 0.0, 0.04639801908435769]","[0.014008540639920021, -0.24820247495145167, -0.008504630614936651, -0.9685692379316887]","[[0.87664581056451, -0.023428556101771688, 0.48056428910577953], [0.00952073827262712, 0.9994622692868413, 0.031358223798635176], [-0.4810408389601669, -0.022914742329934526, 0.8763979896265823]]","[0.0020028867001004387, 0.169362757504388, -0.0057038258046057414]",[0.6343325020859406],"[0.00977239888828757, -0.2601447514824527, 0.0, -0.9655201670875143]",[0.49961451835799997],"[-15.672333900577838, -0.7817671300912439, -3.8505632359606423]","[1247.909538797673, 1363.5740034793898, 1258.4503300740382, 1348.1564262919708]"
19,0.38000000000000256,"[-1.514118888864827, -0.113074599807962, 1.9174159472249677]","[0.24168768506905688, 0.0, 2.159974556231432]","[-0.1335176182724153, 0.03739010245629743, 0.04392108139808905]","[-0.04065636440240145, 0.0, 0.04878439005931078]","[0.013892998525633138, -0.24990041076086308, -0.008500579437668755, -0.9681342777065907]","[[0.8749545199292711, -0.023403136744461445, 0.48363811026590786], [0.0095156725914383, 0.9994689197101008, 0.03114917277194267], [-0.4841105044162861, -0.022651979599227597, 0.8747130088147569]]","[0.0065334286635218486, 0.1847901669159026, -0.002174603781509774]",[0.6344989728799912],"[0.009884572172670674, -0.26016023519205056, 0.0, -0.9655148457422721]",[0.49961451835799997],"[-13.870599753796704, -1.0623389274393833, -0.599267547324402]","[1243.1313131514628, 1360.7311286832744, 1255.4484341999726, 1355.2016060894905]"
20,0.3999999999999986,"[-1.5167821209138423, -0.11218267291854139, 1.9191088360292867]","[0.24085487940613062, 0.0, 2.1609738497232436]","[-0.11342399563352258, 0.03812578738071157, 0.06865363945259428]","[-0.042645558549236566, 0.0, 0.05117054955078847]","[0.013772897792967725, -0.2517515220366163, -0.00854630168456269, -0.967655854958047]","[[0.8730956782279679, -0.02347445369107857, 0.48698225390744443], [0.009605061762141055, 0.9994739504962427, 0.030957939291953476], [-0.4874530832658819, -0.022351761464462456, 0.8728623713457039]]","[0.006450428198775461, 0.19022965643250367, 0.001232702653072315]",[0.630500700178925],"[0.009806683564616281, -0.2598133085249018, 0.0, -0.9656089488984461]",[0.49961451835799997],"[-13.796378191394368, -1.102777615247914, -0.8562098439256083]","[1248.429554540915, 1360.7070982310643, 1266.6659308674807, 1344.6722022560987]"
21,0.4200000000000017,"[-1.5193577330280728, -0.11127939742851965, 1.9208575983703373]","[0.23998167125075573, 0.0, 2.162021606643954]","[-0.10441148280368462, 0.03698026577718341, 0.06615954472809696]","[-0.04463470212374423, 0.0, 0.05355646630679995]","[0.013628617976502437, -0.25355017186632384, -0.008569101018619707, -0.9671880550123874]","[[0.8712773538408846, -0.023486941155292252, 0.49022782514252294], [0.009664787434321597, 0.9994812546918704, 0.030708267098422337], [-0.49069496515926225, -0.022017478954378666, 0.8710527343695204]]","[0.009711732256220957, 0.17338231422763115, -0.0002828657358081639]",[0.6312219248380662],"[0.009967541585739788, -0.2593475721597539, 0.0, -0.9657321850863088]",[0.49961451835799997],"[-15.596511990948999, -0.5731818131067733, -3.6800339387589887]","[1253.4726959807879, 1359.4891477966194, 1265.7278345532677, 1343.3679481670988]"
22,0.4399999999999977,"[-1.5216766830429735, -0.11036077734172689, 1.9226654478485077]","[0.23906911000398823, 0.0, 2.1631165644123174]","[-0.10312099408766912, 0.042915596771864906, 0.05754364312614746]","[-0.0466237892275882, 0.0, 0.055942112019872176]","[0.013551696171482963, -0.2550350745626056, -0.008657358888819945, -0.9667979476393211]","[[0.8697640809086441, -0.02365214929846418, 0.4929001295317191], [0.009827517924288445, 0.9994825624847032, 0.03061936443069361], [-0.4933694171209542, -0.021787643751791888, 0.8695466836962553]]","[0.02134036453710258, 0.14219302262847952, -0.001944233169050201]",[0.6334439312825333],"[0.008919410813297772, -0.2595466926570293, 0.0, -0.9656889948144542]",[0.49961451835799997],"[-15.70248198355641, -1.068908184624407, -3.8846628769783713]","[1251.4996069611782, 1355.312375820732, 1245.5115534336978, 1358.2928440958572]"
23,0.46000000000000085,"[-1.5237835414721292, -0.10946876090743528, 1.9245255274275983]","[0.23811565447473315, 0.0, 2.1642605669182693]","[-0.09360123503869991, 0.036392645905410206, 0.05245781434145417]","[-0.048612809226609204, 0.0, 0.058327435652162]","[0.013211263314039164, -0.2563439513448148, -0.008673248889383154, -0.966456299641992]","[[0.8684248699586747, -0.023537886935369703, 0.4952612841549014], [0.009991377174659335, 0.9995002377841146, 0.029982887094767586], [-0.4957196224543648, -0.021089547529561572, 0.8682262454945634]]","[0.03245386395139671, 0.12199961528255684, -0.011045901265441681]",[0.6344243205661312],"[0.009969047195000854, -0.25880498356682824, 0.0, -0.9658779196004728]",[0.49961451835799997],"[-14.059846819218729, -1.334937779524909, -1.5088531549231803]","[1256.1455556122505, 1347.8070865720572, 1245.8266717814379, 1357.3293420534062]"
24,0.4799999999999969,"[-1.5255441496775815, -0.108612988254696, 1.926359720977575]","[0.237124881631854, 0.0, 2.165449319839067]","[-0.07294077937013163, 0.039050583913985276, 0.07040579975946791]","[-0.05060176027113117, 0.0, 0.0607124283299427]","[0.012848882023334146, -0.2575008615673325, -0.008637478694479579, -0.966153923455859]","[[0.8672371978322835, -0.02330746424124678, 0.4973489715036358], [0.010073071476504568, 0.9995203977096214, 0.029276311968927424], [-0.49779289928253345, -0.020379679146535545, 0.8670562223701794]]","[0.03521586047542994, 0.11926872988237472, -0.01730261271292408]",[0.6311383274829802],"[0.009559334282103746, -0.25787530078612403, 0.0, -0.9661307439478866]",[0.49961451835799997],"[-14.356939343050469, -0.8975731940982358, -1.3755910617350082]","[1267.4083527215082, 1348.8054891724032, 1249.2187345930636, 1355.512952461303]"
25,0.5,"[-1.5272923792357203, -0.10769168129608181, 1.928292069283877]","[0.23609236436147124, 0.0, 2.1666881261665885]","[-0.06740939423226283, 0.03759524219350265, 0.06469721905221006]","[-0.052590624267504785, 0.0, 0.06309700321684633]","[0.012405114726110944, -0.25857999474802623, -0.008516012606142199, -0.9658725894383625]","[[0.8661276097451384, -0.02286619529662147, 0.49929937398169216], [0.010035337293715745, 0.999547063370181, 0.02836766155551823], [-0.499721942435245, -0.019559379575636734, 0.8659648809438184]]","[0.03490472549345622, 0.10003309326550296, -0.020687895208885948]",[0.6325276811907811],"[0.009757965383542169, -0.25759819908757525, 0.0, -0.9662020071927839]",[0.49961451835799997],"[-16.448202649143532, -0.2696695108406365, -3.846748959237974]","[1268.4948714004881, 1342.32577023528, 1257.465086975137, 1347.381265377055]"
26,0.5200000000000031,"[-1.5288446325626566, -0.10677777058489948, 1.9301322968391303]","[0.23502086224728688, 0.0, 2.167973670705831]","[-0.06959840705847734, 0.04693696082808693, 0.05592727670724259]","[-0.05457939679280092, 0.0, 0.06548113909195381]","[0.012074643162201235, -0.2594231006544891, -0.008457863879708363, -0.9656511883389145]","[[0.8652561339332554, -0.022599575349367865, 0.5008201994826226], [0.010069809875628786, 0.9995652302246447, 0.027708117581871042], [-0.5012287022356704, -0.018931456491520837, 0.8651076108410818]]","[0.041470775373707955, 0.08206844204682455, -0.02311595618431725]",[0.6351739073450396],"[0.008141688296565709, -0.25816690985839325, 0.0, -0.966065685827897]",[0.499719790490047],"[-16.27013504049662, -0.8070776858592099, -3.089027758440693]","[1264.3016084281016, 1343.352971968559, 1260.532650382508, 1345.3344381874458]"
27,0.5399999999999991,"[-1.530272833696836, -0.10582352029930393, 1.9319554089066813]","[0.23390909967127527, 0.0, 2.1693074755839565]","[-0.062117079515759066, 0.03940523489860978, 0.05898506660285258]","[-0.05656806375060762, 0.0, 0.0678647683092837]","[0.011583515710286632, -0.26021977209151, -0.008367654880787669, -0.9654436506062366]","[[0.8644312728965462, -0.022185518186539906, 0.5022611997323608], [0.010128478913943053, 0.99959157679884, 0.0267213218804256], [-0.5026489071794403, -0.018011604896349682, 0.8643029525205332]]","[0.03943853122532473, 0.06602656181047158, -0.0196933317981111]",[0.6356375877334812],"[0.009360612698012399, -0.2580812274700717, 0.0, -0.9660778125280908]",[0.500040276988],"[-15.266420497590289, -1.2700981533713014, -1.2390458627507037]","[1260.7243271980883, 1354.2509772964293, 1267.9031512209438, 1344.632163424283]"
28,0.5600000000000023,"[-1.5315234968406317, -0.10482594972391746, 1.9337035093555708]","[0.23275877053143604, 0.0, 2.1706875028550665]","[-0.05248326494758047, 0.043871355493197144, 0.07059725232949665]","[-0.05855661846800705, 0.0, 0.07024785885340595]","[0.01117985254660568, -0.2608333875402296, -0.008338100551365541, -0.9652831221093059]","[[0.8637929149555368, -0.021929413089229754, 0.5033696958809927], [0.010265097841504065, 0.9996110488610322, 0.02593315596674587], [-0.5037425708197248, -0.017233735916890945, 0.8636819845912184]]","[0.03641628874982492, 0.05970203663375654, -0.013907653867652553]",[0.63427269917986],"[0.00860150164624928, -0.25818675964255067, 0.0, -0.9660566507072054]",[0.500040276988],"[-15.530220152259007, -0.0841295530265862, -2.0363797810422355]","[1263.1773368875245, 1355.6808648369613, 1278.3427769559723, 1340.689787451269]"
29,0.5799999999999983,"[-1.5327622163727073, -0.10375172448813712, 1.935455826902189]","[0.23156812320205733, 0.0, 2.172115843069078]","[-0.04792350334419943, 0.04838630154888811, 0.062198758768190476]","[-0.06054504316691287, 0.0, 0.07263032541569131]","[0.01082564988124213, -0.26127700768309203, -0.00830242504005478, -0.9651674734042315]","[[0.8633308414074828, -0.021683448012466924, 0.5041723804349181], [0.010369474383683866, 0.9996278015044414, 0.025235595829631946], [-0.5045318970215136, -0.01655866474571719, 0.8632343125398718]]","[0.027626192714343797, 0.04310171517148103, -0.007101098994760599]",[0.6360730114162353],"[0.007780169941361316, -0.2578060369842173, 0.0, -0.966165347600702]",[0.500040276988],"[-16.707051147341993, -0.4413210186234065, -4.999216256470177]","[1265.5610617491036, 1346.762801981777, 1279.4739683520136, 1336.6091134241515]"
30,0.6000000000000014,"[-1.5339371918298244, -0.10260035960721971, 1.9372127673884922]","[0.23033666696055172, 0.0, 2.1735930738187097]","[-0.049622209744020776, 0.04897469853291014, 0.04156268030477235]","[-0.06253332175127772, 0.0, 0.07501209076634101]","[0.010564164362717694, -0.2616517325382375, -0.008373834726601106, -0.9650682591777381]","[[0.8629365961927427, -0.021690908021133617, 0.5048466389302358], [0.01063438038783846, 0.9996366513359003, 0.024772336150799004], [-0.505200489195828, -0.016008222693982853, 0.8628536352714344]]","[0.03251387674989855, 0.03287790966333448, -0.005101480973997744]",[0.6401474731608751],"[0.007575074318693095, -0.25754335036504594, 0.0, -0.9662368142799943]",[0.500040276988],"[-15.829017392535045, -1.174551363204375, -3.7713349916392467]","[1257.8209322873317, 1356.5414570521352, 1261.3640897897944, 1358.3835821591817]"
31,0.6199999999999974,"[-1.5348637322108807, -0.10146050263289343, 1.9389759177447001]","[0.22906565952366967, 0.0, 2.17511767740311]","[-0.032649103548215784, 0.04471330633951752, 0.049595262709660984]","[-0.06452144403734192, 0.0, 0.07739310605409722]","[0.010329332903911921, -0.26186306520439284, -0.008444879971170997, -0.9650128308737903]","[[0.8627128779533189, -0.021708576606208126, 0.5052279757552466], [0.010889093503268256, 0.9996440175533194, 0.02435868188235171], [-0.5055768956614698, -0.01551307326421562, 0.8626421197122942]]","[0.025014209737287112, 0.007698311338324437, 0.0010158099778266735]",[0.6385248905890245],"[0.00823848309952344, -0.2563984270654169, 0.0, -0.9665360388530809]",[0.500040276988],"[-14.202605984610523, -1.081889986121951, -0.5421502554786635]","[1262.8573261810131, 1356.1096004548056, 1263.6320024679717, 1364.6485419304465]"
32,0.6400000000000006,"[-1.5355488484819537, -0.10035797957491928, 1.9407376650140422]","[0.22775532961961897, 0.0, 2.1766893683158224]","[-0.015113480007635943, 0.04643735854511388, 0.06578622470072168]","[-0.06650939588915705, 0.0, 0.07977330346534686]","[0.010250044083214067, -0.26199807768099775, -0.008598017490131907, -0.9649756655351694]","[[0.8625661798654524, -0.02196473899154127, 0.5054672786417075], [0.011222771607750988, 0.9996420384751129, 0.024287414330492953], [-0.5058197988749159, -0.015276758113364326, 0.8625039048675579]]","[0.02778639817625722, 0.005253489886354805, 0.004299302112483164]",[0.635720139892266],"[0.007932618169858045, -0.2556139839035765, 0.0, -0.9667458901223879]",[0.500040276988],"[-14.49221260283959, -0.09652285965464191, -1.2638419215635217]","[1269.6839019034924, 1351.4128198293727, 1282.5802145705522, 1353.0227255394825]"
33,0.6599999999999966,"[-1.535906458607481, -0.09922950190140215, 1.94261358023173]","[0.22640567613737325, 0.0, 2.178308135349799]","[-0.0016005164104483636, 0.05305941283540965, 0.06611386446805613]","[-0.06849716145679678, 0.0, 0.08215260696825236]","[0.01005153136491061, -0.2621321731007565, -0.00874570250554381, -0.9649400332386094]","[[0.8624205375424681, -0.022147816452137727, 0.5057078402434204], [0.011608497413440003, 0.9996450233259584, 0.023983310024853398], [-0.5060594710555911, -0.014813190012569678, 0.8623714456015394]]","[0.015275760995945404, 0.010712158397381984, 0.0146704500529593]",[0.6353606808868251],"[0.006777989851207861, -0.25442759818920613, 0.0, -0.9670680691688543]",[0.500040276988],"[-15.78087851488481, -0.33356907951366677, -3.1716189792728997]","[1265.1354106561307, 1347.7354878133817, 1286.7657968277642, 1345.0976000111261]"
34,0.6799999999999997,"[-1.5359996710602226, -0.09808658906742453, 1.9446124513392378]","[0.22501614755658092, 0.0, 2.1799746246471776]","[0.0012634034633189784, 0.0518070723562878, 0.0611530374156376]","[-0.07048472078935662, 0.0, 0.08453092086131422]","[0.009808279654470065, -0.26225686862795405, -0.008948711599295063, -0.9649067479556485]","[[0.8622824900182983, -0.02241392183295476, 0.5059313015418355], [0.012124766997720398, 0.9996474156038176, 0.02362187261344007], [-0.5062823874054879, -0.014234428284296975, 0.8622502441973124]]","[0.018573950801921653, 0.012274407914666908, 0.016060338827884914]",[0.6368006689752438],"[0.0069095362572034, -0.25434062791629225, 0.0, -0.9670899487302435]",[0.500040276988],"[-15.45128594566852, -1.2649958197202495, -1.7916367299523372]","[1274.742140370886, 1333.1512152683104, 1282.6848199973238, 1345.6362618600717]"
35,0.7000000000000028,"[-1.5358556461605417, -0.09708345808194964, 1.9465448889725712]","[0.22358598112603748, 0.0, 2.1816897327369107]","[0.017972937664019858, 0.04620244133818219, 0.07499923594827214]","[-0.07247205047636956, 0.0, 0.08690813285461826]","[0.009443000881689438, -0.26247776549621366, -0.009108886778146757, -0.964848904131718]","[[0.8620450288716063, -0.022534554393518827, 0.5063307383441731], [0.012620243309500352, 0.9996558431000737, 0.023003898600197734], [-0.5066747992476821, -0.013440377609453873, 0.8620326319769773]]","[0.02826725285382378, 0.015577442378583793, 0.01336299652845234]",[0.633282667731139],"[0.007807434635818192, -0.25354461614092205, 0.0, -0.9672911579984139]",[0.500040276988],"[-14.88302418083614, -2.1001148582163456, -1.8795524609534446]","[1272.7037425627764, 1336.9799887694949, 1272.803807693309, 1355.006743608247]"
36,0.7199999999999989,"[-1.5355029225155006, -0.0962959095332695, 1.9482220000509602]","[0.2221169044371294, 0.0, 2.183451376324513]","[0.02706475080834423, 0.03558116615541958, 0.0685919916459077]","[-0.07445914123260094, 0.0, 0.08928419844359065]","[0.009130020561776047, -0.26258187541649436, -0.009214625670579426, -0.9648225364461713]","[[0.8619317334863899, -0.022575712867185505, 0.5065215626845864], [0.012986201180376269, 0.9996635015299596, 0.022456886572120364], [-0.5068580815719522, -0.012778511812753492, 0.8619348375879707]]","[0.04453852704130687, 0.015452410156697533, 0.005784353130252497]",[0.6321818548576674],"[0.009511085760720614, -0.2527066540360234, 0.0, -0.9674949745134549]",[0.5001209393170988],"[-14.731703296530345, -0.6019973331771317, -2.0862117744355437]","[1282.219924096189, 1318.8545566928628, 1264.3877074671243, 1362.782820620967]"
37,0.740000000000002,"[-1.5346153213046638, -0.09493170810062392, 1.9513707648133791]","[0.22060759480887315, 0.0, 2.1852611187966886]","[0.04600819192719971, 0.04529072834643938, 0.08025992030720754]","[-0.07644596408703927, 0.0, 0.09165897868227732]","[0.008567280556202952, -0.2628169735026147, -0.009468486023643276, -0.9647611695364594]","[[0.8616750987528317, -0.022772908793677528, 0.5069489831084164], [0.0137664018059613, 0.9996738252827224, 0.02150771689907012], [-0.5072734598132445, -0.011553801537527192, 0.8617076066157341]]","[0.06981115037926157, 0.015001485876574116, -0.009216878212022377]",[0.6331235520531435],"[0.007876226683824254, -0.25095670979664836, 0.0, -0.9679651870624543]",[0.500377578018],"[-14.628430345920098, -0.9410388087911148, -1.1796379890899296]","[1277.6745950813956, 1316.2341578540056, 1281.37804037071, 1344.9206198189952]"
38,0.759999999999998,"[-1.5336892041700252, -0.09399172562716981, 1.9536715131461795]","[0.219061531230596, 0.0, 2.1871147843922456]","[0.05530725951219338, 0.03232370777201907, 0.08180460477062484]","[-0.07843252392046164, 0.0, 0.09403249704450113]","[0.007751045603272369, -0.26289229920785046, -0.009512500940492776, -0.964747194147252]","[[0.8615943786660066, -0.02242969758314535, 0.5071017523902053], [0.014278936783508655, 0.9996989432156985, 0.019957125481854795], [-0.507396679704569, -0.009954072508002853, 0.8616551965984044]]","[0.05757169429080497, 0.002910197099273623, -0.006767896250235623]",[0.632979718080559],"[0.009997064733711416, -0.2502406944194538, 0.0, -0.9681319163506545]",[0.500377578018],"[-15.668047408735228, -0.8902262173024578, -2.701039754507729]","[1289.7646537966684, 1306.099583862579, 1285.5958944220697, 1338.6611804101613]"
39,0.7800000000000011,"[-1.5326501651799147, -0.0931840824980859, 1.9557526204186277]","[0.21747104466709427, 0.0, 2.189021511811919]","[0.06155610086593856, 0.04149078939396594, 0.07514854456698898]","[-0.0804187377400543, 0.0, 0.09640435546060257]","[0.007433420803254367, -0.2628489982982591, -0.009607254134393629, -0.9647604834569948]","[[0.8616361509466116, -0.02244513271091332, 0.5070298238233409], [0.01462966386265392, 0.9997048312697315, 0.019393455547018282], [-0.5073154828743199, -0.009292427044529586, 0.8617102381209407]]","[0.053132255581996295, -0.002633892359880321, -0.010797600348282541]",[0.6341619562903832],"[0.008426484435470042, -0.249465684540608, 0.0, -0.9683457391659289]",[0.500377578018],"[-16.26523575519842, -1.0310679845295794, -4.047265752559692]","[1272.716906816711, 1326.6579995369166, 1272.9793930924186, 1352.967959290947]"
40,0.7999999999999972,"[-1.5313517374851582, -0.09233502341035375, 1.9579441655884213]","[0.2158420488178562, 0.0, 2.1909742137296675]","[0.06334687002993936, 0.02655005383826243, 0.06098867401216161]","[-0.08240462700495198, 0.0, 0.09877465697255769]","[0.006786106630731072, -0.26262047445245357, -0.009586625745340955, -0.9648276891386575]","[[0.8618771039770324, -0.02206322501512402, 0.5066368992438436], [0.014934542842933878, 0.9997240286938888, 0.018130135560832657], [-0.5068971227019908, -0.008059558754274464, 0.8619688082769876]]","[0.051057012093599134, -0.028788411549700715, -0.01476316679961524]",[0.6368647961261056],"[0.010833998640171217, -0.2488249354809133, 0.0, -0.9684873916695683]",[0.500377578018],"[-15.854029707389486, -1.193173861514806, -3.1564398963960407]","[1260.5271404873104, 1335.925267194663, 1273.2390687439547, 1346.9779898279676]"
41,0.8200000000000003,"[-1.5299975201125016, -0.09152786703160072, 1.9599337314744913]","[0.21417166125176643, 0.0, 2.1929763038021646]","[0.07382540102225657, 0.034825235150787635, 0.06426180755349845]","[-0.08439013945506654, 0.0, 0.10114315100806522]","[0.006455449980623123, -0.2621313140344587, -0.009645787943409857, -0.9649623756015356]","[[0.8623881921385302, -0.021999996069051772, 0.5057691752173021], [0.01523129372463393, 0.9997304980644897, 0.017515458834765484], [-0.5060182468236716, -0.007401606560750422, 0.862490928919724]]","[0.026613946385532928, -0.054395974149093806, -0.0036376801923218697]",[0.6363145622578298],"[0.009448055212714142, -0.24798572444986738, 0.0, -0.9687175822262285]",[0.500377578018],"[-15.916975930067085, -0.048050326205613336, -3.0180062956151197]","[1263.9489270788522, 1337.0785956243406, 1275.1867583479725, 1346.8828665806275]"
42,0.8400000000000034,"[-1.5285524376705197, -0.09072226248729173, 1.9617858354864957]","[0.2124654634543254, 0.0, 2.195021103539353]","[0.07436544593243674, 0.03297665064171454, 0.05264473348247262]","[-0.08637530724023643, 0.0, 0.10350999186495002]","[0.006144252814041708, -0.26158172716456224, -0.009642655815923105, -0.9651135877561918]","[[0.8629640083166916, -0.021826964826472818, 0.5047936645602403], [0.015398067773541808, 0.9997385046041969, 0.016904488880446898], [-0.5050306522207676, -0.006815118629316589, 0.8630744662537746]]","[0.009444863189872494, -0.06324696169462775, 0.004883295199041404]",[0.6388076719289254],"[0.009690606630001541, -0.2476297672006064, 0.0, -0.9688062469537395]",[0.500377578018],"[-16.313560574897412, 0.3181117406988029, -3.2581920468795076]","[1276.7696742148485, 1333.9422390136842, 1279.6929054614282, 1355.3873089252763]"
43,0.8599999999999994,"[-1.527010483284384, -0.08987809596169112, 1.9635686896997986]","[0.2107209292366078, 0.0, 2.1971115946909334]","[0.08023187642858756, 0.04482358422809009, 0.0544335986875079]","[-0.08836007573233957, 0.0, 0.10587491767568268]","[0.006156875380190055, -0.26089747176326045, -0.009795631974289983, -0.9652971967943876]","[[0.8636731400753129, -0.022124018612529283, 0.5035665753169647], [0.015698765729917092, 0.9997323073913411, 0.0169977403238509], [-0.5038078172583083, -0.006775117858188454, 0.8637892346579701]]","[-0.0055049088992701, -0.07170932662069666, 0.015054622345526254]",[0.6389428017727632],"[0.0077064067423288085, -0.24728977738006125, 0.0, -0.9689105998473168]",[0.500377578018],"[-16.390948083735484, -1.186443548508024, -3.5992879157562747]","[1259.7766378561064, 1349.4070711075628, 1257.272305243157, 1376.9114037205122]"
44,0.8800000000000026,"[-1.5254629912623598, -0.08902359364033528, 1.96515512422429]","[0.20893394644331356, 0.0, 2.199252649073336]","[0.07812356218097885, 0.02685071852145255, 0.038330031159860764]","[-0.0903443743341624, 0.0, 0.10823759000770376]","[0.006258396196289891, -0.25997059196895106, -0.009924112446153955, -0.965545274115156]","[[0.8646336471925307, -0.022418357672194134, 0.5019025349139113], [0.015910361816491275, 0.9997247295240049, 0.0172454845165221], [-0.5021509710242497, -0.006925574966949788, 0.8647522881623191]]","[-0.01431136582067686, -0.09950406182892739, 0.022192661508374803]",[0.6424019775480845],"[0.010575401523382, -0.24698791004674403, 0.0, -0.9689602119202378]",[0.500377578018],"[-17.069135488130726, -0.8828748211501948, -4.586941841976163]","[1256.6772671909953, 1362.8330583399172, 1266.1408509916193, 1378.5874399812435]"
