,t,p,p_d,v,v_d,q,R,w,T_sp,q_sp,hover_throttle,fa,pwm
0,0.0,"[-0.1368159282031157, -0.06539811498831573, 2.333297851153736]","[0.24964925684435102, 0.0, 2.150420891770853]","[-0.14717794355047173, -0.01876481020082392, -0.20446044898410148]","[-0.008331821093307878, 0.0, 0.009998184073823874]","[0.01155361487360317, -0.06776827299298659, -0.01016681387697632, -0.99758238738624]","[[0.9906082027110168, -0.021850405972631524, 0.13497394421871964], [0.018718531865390842, 0.9995263083266256, 0.024429340253668073], [-0.1354437980268244, -0.02167339058053281, 0.9905479588865399]]","[-0.08057254900089798, -0.11128814483552488, -0.011637453125117037]",[0.49572344204136437],"[0.024401617984706855, -0.1287083758192372, 0.0, -0.9913790229904627]",[0.494981573231],"[-3.50615266410236, -0.6345891194663781, 0.20665625291971068]","[936.1542125557099, 1196.9220998514402, 956.9044110233862, 1186.8257170041213]"
1,0.019999999999999574,"[-0.14002043315136734, -0.06585584972162134, 2.329937660232251]","[0.24946415367232996, 0.0, 2.1506430155311267]","[-0.14106113128341996, -0.0181674824862928, -0.1917314528865145]","[-0.010321257272487852, 0.0, 0.012385505294887675]","[0.012425895471324094, -0.0668889213070492, -0.009949813539221945, -0.9976334097709029]","[[0.9908536965862965, -0.0215148423041394, 0.13321397459290307], [0.01819022332673534, 0.9994931464170093, 0.02612404152671741], [-0.13370851596489325, -0.023461912347338094, 0.9907428884086986]]","[-0.07096606577857183, -0.07812974409733009, -0.011236511969352183]",[0.48740187601680446],"[0.023671506160555866, -0.13388334792777815, 0.0, -0.9907142992831828]",[0.494981573231],"[-3.4023454692351436, -0.6672198963972128, 0.6336162453191179]","[909.6628661660384, 1236.3628571314957, 908.4347570790059, 1249.5268862768098]"
2,0.03999999999999915,"[-0.14244112440002266, -0.06620229657616229, 2.3276195860993156]","[0.24923456044071637, 0.0, 2.1509185272890545]","[-0.15881904289895066, -0.014890951535643359, -0.19365150968416583]","[-0.01231069263090863, 0.0, 0.014772822576169686]","[0.013071236764438823, -0.06607998452331738, -0.009797479348681453, -0.9976805457779276]","[[0.9910747736981059, -0.02127700333387044, 0.13159729970391798], [0.017822014841491506, 0.9994661879462056, 0.02737667182573246], [-0.13210956039296323, -0.02478700269081889, 0.9909250404401775]]","[-0.07208333428193964, -0.07499974242135497, -0.012840731280169992]",[0.4904848251871342],"[0.02249873721341524, -0.14368622622243812, 0.0, -0.9893567111983531]",[0.494981573231],"[-4.6616853710129815, -0.3547701698854746, 0.2141396400833102]","[876.8296905309844, 1227.6551996731157, 836.0532423157601, 1279.6000461033561]"
3,0.05999999999999872,"[-0.14543634648424952, -0.06647596168093137, 2.324861735605943]","[0.24897111821777235, 0.0, 2.1512346577156514]","[-0.1573090912328321, -0.012452765648887042, -0.1925128333545979]","[-0.014300126926466379, 0.0, 0.01716013475570637]","[0.01398449654217701, -0.06633905551258386, -0.0095976868563097, -0.9976530012535823]","[[0.9910140911745249, -0.021005758779432896, 0.13209827802760465], [0.017294885609724826, 0.9994246994600519, 0.029176752854952727], [-0.13263515330222447, -0.026629946930340223, 0.9908071900734321]]","[-0.08194186475049348, 0.05661647294471048, -0.013537792335459]",[0.49385777618273047],"[0.02196302713314821, -0.14450801653700057, 0.0, -0.9892597880776035]",[0.494981573231],"[-3.274647118479249, 0.016441418038526612, 0.6893929601506841]","[886.0339481908093, 1213.644290695234, 866.6672268775613, 1243.0816905700115]"
4,0.0799999999999983,"[-0.14838650396556316, -0.06672485851447123, 2.3221768841746493]","[0.24866544250102443, 0.0, 2.1516014680752784]","[-0.16103113034303124, -0.004714111830497371, -0.18758833564784325]","[-0.016289559258083897, 0.0, 0.019547437508319915]","[0.015119465095713013, -0.06847307030860007, -0.009466070960531812, -0.9974933016078634]","[[0.9904433171204202, -0.020955237144404757, 0.1363166140877431], [0.01681413235829603, 0.9993632433858323, 0.031459472198588634], [-0.13688910180566832, -0.02886678842888186, 0.9901653336697189]]","[-0.1219954051657922, 0.23950808593455955, -0.009643043925580824]",[0.49613584765660323],"[0.019015085819787357, -0.14824868906837435, 0.0, -0.9887664850171138]",[0.495000977337988],"[-4.689080338421059, -0.5057698060569187, 1.2684457203974304]","[866.8930750394331, 1178.2045579929672, 881.5367052536525, 1173.1627880308126]"
5,0.10000000000000142,"[-0.1509294153802233, -0.06694661819993351, 2.320112903301671]","[0.24831863871736573, 0.0, 2.15201763169671]","[-0.1718190786381191, -0.006782963883994873, -0.17886353486075576]","[-0.018278988714762134, 0.0, 0.021934726461348857]","[0.016281147002586593, -0.07149124705044103, -0.009328573610303639, -0.9972642890142316]","[[0.9896031172003505, -0.020934025663245696, 0.1422875755644501], [0.016278187652739834, 0.9992949625145653, 0.0338070357009463], [-0.14289509507754533, -0.03113939025853653, 0.9892470102761166]]","[-0.13164291138828987, 0.3551314048720844, -0.009873387772323034]",[0.4977511105755527],"[0.020706980625693552, -0.15438613294988213, 0.0, -0.9877915875130736]",[0.4955531710278155],"[-4.533178834889306, -0.38034182688975826, 0.45913985336809304]","[851.0985946229024, 1219.919782971133, 895.1561359018154, 1182.163736618985]"
6,0.120000000000001,"[-0.1539942603937489, -0.06709425347287672, 2.317791949412882]","[0.2479337107087462, 0.0, 2.152479543743389]","[-0.1709434652834874, 0.0021389812854163805, -0.18178593716601682]","[-0.020268414348181697, 0.0, 0.024321997062490604]","[0.017591173471947944, -0.07617859055780278, -0.009201611524339858, -0.9968957204381595]","[[0.9882226794980191, -0.021026235902199316, 0.1515604875430765], [0.0156659526967961, 0.9992101360485255, 0.036475062696909664], [-0.15220795612126103, -0.03367119950977108, 0.9877731200390685]]","[-0.13664217098588233, 0.4836338635081441, -0.010870538586238725]",[0.5027706934179497],"[0.017712321082115748, -0.15504869351079123, 0.0, -0.9877476242055605]",[0.495603615018],"[-2.9732016562271095, -0.6305046005927544, 0.30622136091674435]","[903.6586204629823, 1178.0851733080697, 930.3157361193977, 1157.592579637988]"
7,0.14000000000000057,"[-0.15706100854403304, -0.06714266877570592, 2.3153207187397977]","[0.24750916029941225, 0.0, 2.152989001690032]","[-0.16161177429998433, -0.0030521162689382186, -0.17278388805115247]","[-0.02225783468763721, 0.0, 0.026709242252913507]","[0.01858496624840164, -0.08234961336360339, -0.009037186434018993, -0.9963885841740944]","[[0.9862724820831323, -0.021070028361682022, 0.1637685177235762], [0.014948169221956048, 0.9991445977844938, 0.03852411403180901], [-0.16444034094300325, -0.03554727879686395, 0.9857450216195104]]","[-0.10665911706668109, 0.623363980601578, -0.014520562345232663]",[0.5034640347203213],"[0.020878248835774917, -0.15403206440415898, 0.0, -0.9878450058501882]",[0.495603615018],"[-4.410145570353616, -1.7941306544073732, 0.8925636841078664]","[935.178262586824, 1155.5461187789433, 971.1592792505761, 1125.8841103819664]"
8,0.16000000000000014,"[-0.1601638411590117, -0.06728753884727423, 2.312927305387422]","[0.24704438220444994, 0.0, 2.153546731420797]","[-0.17148484809894754, -0.00475422589429804, -0.17159180026924853]","[-0.02424724789426506, 0.0, 0.029096453205629497]","[0.01969663461863253, -0.08905181837829453, -0.008859834973550687, -0.9957924432988848]","[[0.9839818245142234, -0.021153155688518083, 0.17700523774175006], [0.014137071173629714, 0.9990663623965851, 0.04080548865315957], [-0.17770327347077172, -0.03764955099345438, 0.9833629030351407]]","[-0.09489951232404567, 0.6430796258559754, -0.02153997604129444]",[0.5081127084477414],"[0.02234978572194692, -0.1597481128482093, 0.0, -0.9869045618589253]",[0.495603615018],"[-5.233781958315042, -0.05037245417266245, -1.1867478268456964]","[940.5057901122689, 1172.5232842020343, 948.7854976528696, 1164.968573497409]"
9,0.17999999999999972,"[-0.16326019812371512, -0.06721578693152086, 2.3106363519442357]","[0.24653908823004153, 0.0, 2.1541530781552294]","[-0.16752631250137495, 0.008787692389716136, -0.1815770923786245]","[-0.026236651763707736, 0.0, 0.03148361934048129]","[0.02041991194046203, -0.09583283929806025, -0.00868138257862387, -0.9951493850343367]","[[0.9814799718464704, -0.021192341347672377, 0.1903814360515642], [0.013364748789789018, 0.9990138924150137, 0.04230564870309668], [-0.19109052832267204, -0.038977802536927716, 0.9807967590461109]]","[-0.06510464410738079, 0.6605406073055197, -0.020983751843751265]",[0.5151989804876925],"[0.01781589551534305, -0.15934069381179483, 0.0, -0.9870623479044346]",[0.495603615018],"[-5.0495087168198225, -0.6703351375421669, 0.19396769248540835]","[966.2641168613656, 1149.030035559411, 975.7356056105966, 1155.1170936203603]"
10,0.1999999999999993,"[-0.16573185648514224, -0.06724901989082514, 2.308788044038891]","[0.24599250268715547, 0.0, 2.15480897187724]","[-0.17044095385540955, 0.00293251449976266, -0.16367490860730946]","[-0.02822604352445972, 0.0, 0.03387072735379405]","[0.020720896452942675, -0.10172711839615953, -0.008640526847634151, -0.9945565806275132]","[[0.9791490822979138, -0.021402739846292616, 0.20198867113413183], [0.01297123149932037, 0.9989871844326591, 0.042974159642819816], [-0.20270482898256664, -0.03945825605228192, 0.978439688606696]]","[-0.04579300484190753, 0.7023668833521538, -0.021067272908561294]",[0.5140577232146771],"[0.02063002846766992, -0.16354489838404615, 0.0, -0.9863183235272973]",[0.495603615018],"[-5.0316304780476875, -0.6163742683021591, 0.04789599534498379]","[993.21597258684, 1142.5300049679638, 998.8171115180451, 1149.857732073518]"
11,0.21999999999999886,"[-0.16809734458108805, -0.06714960007156559, 2.306984729303785]","[0.2454074187360418, 0.0, 2.155511059964435]","[-0.1608653483866403, 0.0157465548945663, -0.17314494878473272]","[-0.0302154208947631, 0.0, 0.036257766293529406]","[0.020932412747386997, -0.10732722841697738, -0.00855626763031684, -0.993963074229891]","[[0.9768084151605313, -0.02150246384404137, 0.21300039716059532], [0.012515992467012356, 0.9989703512730175, 0.043448731631595086], [-0.2137168104630549, -0.03977544967017187, 0.9760785027852006]]","[-0.03651853312057582, 0.6811138172528256, -0.02117221821444036]",[0.5222525380879828],"[0.015388729566956203, -0.1611323825534464, 0.0, -0.9868063878237812]",[0.495603615018],"[-4.637128970436795, -1.3227721819406992, 0.6229528706434202]","[988.007618822468, 1166.6816356070437, 1006.8724648810223, 1162.7343318571945]"
12,0.23999999999999844,"[-0.17089544661924885, -0.06694872726058596, 2.304955009837493]","[0.2447827253615548, 0.0, 2.1562606744983186]","[-0.15473817445705193, 0.0019201263929831138, -0.14349805416560155]","[-0.0322047805801046, 0.0, 0.03864472034692062]","[0.020783110425133495, -0.1138056421870974, -0.008452456476702074, -0.9932443425303524]","[[0.9739430934333873, -0.021521179609092094, 0.22572228382809834], [0.01206023869478139, 0.9989826664627359, 0.043209288174674], [-0.22642495717337408, -0.039361539225115726, 0.9732221061164817]]","[-0.005166042666262915, 0.6226387600527599, -0.021135177766564966]",[0.5171724457781807],"[0.02114975825161101, -0.16401784619873477, 0.0, -0.9862296755471998]",[0.495603615018],"[-5.565408522722974, -1.5831287197024708, 1.9061211226744348]","[988.3216249575177, 1167.5695452342977, 973.874250495166, 1200.2320812678431]"
13,0.26000000000000156,"[-0.174066925608397, -0.06662416211483543, 2.3026553724580943]","[0.24412171934069307, 0.0, 2.157053858661635]","[-0.1494381274330992, 0.012962481120038472, -0.14395707508897923]","[-0.03419412114218391, 0.0, 0.04103158260983949]","[0.020890984179322895, -0.1211032598793988, -0.008344886954343149, -0.9923837177919794]","[[0.9705262398669139, -0.021622592453019583, 0.24001314074900923], [0.011502727308199784, 0.9989853725337868, 0.043484931123411806], [-0.2407104723543749, -0.03944255906942771, 0.9697926477035139]]","[-0.005030655370862512, 0.5939533282293313, -0.018832990412838584]",[0.520110742041573],"[0.01811528447281506, -0.1644920916973613, 0.0, -0.9862118138861697]",[0.495603615018],"[-4.608881796886388, 0.20940808790408116, -0.5788074818404816]","[1019.8011280917179, 1165.3007261714956, 1021.4759936673006, 1179.018761329819]"
14,0.28000000000000114,"[-0.17657744738573558, -0.06622859086774524, 2.3007562550727743]","[0.24341834011491872, 0.0, 2.157897882268218]","[-0.1284113930221552, 0.01820362949716692, -0.13986810815267262]","[-0.036183434549373, 0.0, 0.043418314531688436]","[0.020320387209847354, -0.12717547747557018, -0.008273393259850324, -0.9916374225330074]","[[0.967515644797093, -0.021576922627401476, 0.2518876882773989], [0.01123990284379825, 0.9990370126666552, 0.0424052582716207], [-0.25256016249571683, -0.03819656731896218, 0.966826706596441]]","[0.034413681961453974, 0.5603857523537281, -0.02072260889156231]",[0.520693457585562],"[0.016964610873447358, -0.160937220538674, 0.0, -0.9868185629107802]",[0.495603615018],"[-5.208269416883278, -0.9802183244849956, 0.4229124497875958]","[1005.5188016054342, 1158.2405991972828, 1051.1146437789423, 1155.5564048163028]"
15,0.3000000000000007,"[-0.1781289574946032, -0.06601040226182608, 2.299443280662212]","[0.2426706400767004, 0.0, 2.158795079466045]","[-0.12492566425231268, 0.01956272030908974, -0.1333519466419726]","[-0.038172713510256286, 0.0, 0.04580488111561739]","[0.020079211218753886, -0.1308965524314873, -0.0082391586849513, -0.991154955801952]","[[0.9655895299596519, -0.021589164972613404, 0.2591466616647174], [0.0110759668762993, 0.9990509953902154, 0.04196017434971628], [-0.2598084048947173, -0.03764626448253199, 0.9649189479849888]]","[0.04163348333964898, 0.49494897866206733, -0.027530284630912387]",[0.5218575623805057],"[0.0173670618136112, -0.16338967031047727, 0.0, -0.9864044765330009]",[0.4957221125312273],"[-6.036515320164032, 0.5859866802735207, 0.027816402120912187]","[1017.5669558241622, 1153.4700573558046, 1006.1080022602496, 1189.3965689138813]"
16,0.3200000000000003,"[-0.1803849024697814, -0.06550845697144833, 2.2974406064658717]","[0.24189046546916926, 0.0, 2.159731236224806]","[-0.10894287473298193, 0.03880471644290788, -0.1341793566664659]","[-0.04016196366208933, 0.0, 0.048191309420603005]","[0.019665424307674255, -0.1362742311135873, -0.008193132662295613, -0.9904409287030381]","[[0.9627221686749161, -0.021589409000164043, 0.26962090918444154], [0.010869846691961008, 0.9990900429797132, 0.04118790793719629], [-0.27026539490529394, -0.036721856521332474, 0.9620829656941583]]","[0.048525366983207946, 0.4453373379428895, -0.020985056184869975]",[0.5238173844723948],"[0.011959878425117004, -0.1608922088231373, 0.0, -0.9868981431975413]",[0.49625671962668505],"[-4.675718494922506, -1.1734259886530807, -0.6649838084737709]","[1013.7181562478308, 1161.049840369884, 1028.601301357563, 1167.4542190300278]"
17,0.33999999999999986,"[-0.18214590785403936, -0.06489471267065754, 2.2953614193084353]","[0.24106846093796414, 0.0, 2.160717573123971]","[-0.08804849757985762, 0.020580759462793998, -0.138151232637463]","[-0.04215117041134665, 0.0, 0.050577529401055796]","[0.018734987901814014, -0.14083084937980087, -0.00808388506641313, -0.9898233284353621]","[[0.9602025439517368, -0.021280164564917443, 0.2784924171811495], [0.010726307527586403, 0.9991672006824469, 0.039365576966722875], [-0.2790982231368251, -0.03481173536595628, 0.9596312428039085]]","[0.05647975277252144, 0.4083947441160621, -0.018868664954114607]",[0.5264913083408981],"[0.018368302736347063, -0.156850105920899, 0.0, -0.9874514777380414]",[0.49628996304799994],"[-5.742787145168265, -1.9378245853303504, -2.089699391367656]","[1028.6161160863098, 1146.9573803068035, 1030.1955161497992, 1169.6002054066441]"
18,0.35999999999999943,"[-0.18338852830943644, -0.06427968652653401, 2.293332920966568]","[0.24020557240134938, 0.0, 2.1617529521398997]","[-0.0790219813414893, 0.03050324795381092, -0.15442758815079838]","[-0.04414032814049068, 0.0, 0.05296351409579068]","[0.018288581146090156, -0.1441841755367155, -0.008047267300441962, -0.9893490386105986]","[[0.9582921574138458, -0.021196960322840182, 0.28500260469816574], [0.010649264345698867, 0.9992013659635763, 0.03850815755094802], [-0.2855912971022794, -0.03386700314679684, 0.9577527300351811]]","[0.04380896871700528, 0.3198791797792341, -0.011997784998792105]",[0.5328003155400427],"[0.01534009460284807, -0.15535954453888132, 0.0, -0.9877388210597988]",[0.49628996304799994],"[-6.262911387370551, -0.19964960753213967, -1.4888640584302202]","[1023.1996345511933, 1160.8265461736894, 1035.9216638498049, 1176.8498231574915]"
19,0.379999999999999,"[-0.18437013869413324, -0.06358719047310576, 2.2911933661510075]","[0.23930163555373454, 0.0, 2.16283756623211]","[-0.05986038510979464, 0.03072790399987208, -0.1480996918407827]","[-0.046129428693889696, 0.0, 0.055349224362309976]","[0.017687264234898557, -0.14716681652477073, -0.008113488455132479, -0.988920125083669]","[[0.9565519525306676, -0.02125314077679394, 0.2907854423833378], [0.01084122729486412, 0.9992424176705084, 0.03737065565283223], [-0.29135946404002877, -0.03259451058542292, 0.9560579312882604]]","[0.0502939474897671, 0.2666810584291051, -0.009277352105003156]",[0.5324554008033934],"[0.015553614671932052, -0.15272890615674264, 0.0, -0.9881445068159175]",[0.49628996304799994],"[-4.971586506619954, -0.4581117759385379, 0.23628491397409945]","[1034.9276758246726, 1157.6148135710519, 1057.86899698914, 1172.843269602711]"
20,0.3999999999999986,"[-0.1849283006446054, -0.06293963896552601, 2.2892802957233167]","[0.23836029832209255, 0.0, 2.1639670361379126]","[-0.03531779852917733, 0.04077096165370005, -0.14504124563742835]","[-0.04811847024180531, 0.0, 0.05773465142127924]","[0.01729570070412188, -0.1494369075609139, -0.008083708471591082, -0.9885869700198375]","[[0.9552066028718269, -0.02115212978355403, 0.2951831325049488], [0.01081366567426165, 0.999271099028872, 0.03661261749815271], [-0.29574238611416487, -0.031780599915678574, 0.954739013031441]]","[0.04871905087319499, 0.22751363405716374, -0.010355131491981653]",[0.5320400967118113],"[0.012743552248763172, -0.1481809686083068, 0.0, -0.9888780365735043]",[0.49628996304799994],"[-5.740217119266148, 0.4414351216778456, -0.3521138383024862]","[1062.9969116423158, 1150.2681504042514, 1044.588848912625, 1203.0205818642164]"
21,0.4200000000000017,"[-0.18509486573709644, -0.062204614735880216, 2.287246435619596]","[0.23737679466559458, 0.0, 2.165147072661748]","[-0.02165135535514862, 0.04990887609676747, -0.14508101182057548]","[-0.05010743592645164, 0.0, 0.060119714365123506]","[0.016968353477078764, -0.15106603744817876, -0.0082529873648713, -0.9883435199520042]","[[0.9542217789801015, -0.021440257008237262, 0.29833019917977055], [0.011186889321028001, 0.9992878242812444, 0.0360346166032937], [-0.29889035760716653, -0.031047632210009724, 0.9537821525415447]]","[0.04472721325307057, 0.13466723629201513, -0.00039559095136796566]",[0.5334430110100293],"[0.010083881346901918, -0.1464975361055055, 0.0, -0.9891582287950584]",[0.49628996304799994],"[-5.811605039186643, -0.3888912136142799, -1.4210186237621159]","[1058.1108064080088, 1153.8891935919912, 1046.8071945430138, 1199.150235734274]"
22,0.4400000000000013,"[-0.18490033305690468, -0.061414338607158635, 2.28543503620271]","[0.23635573219834016, 0.0, 2.166372145274478]","[0.002656877193676879, 0.05147107321866136, -0.15367621958320662]","[-0.05209632559378242, 0.0, 0.06250441245987581]","[0.016602474279813935, -0.15205161489215402, -0.008310865424429496, -0.9881981798351471]","[[0.9536225207062947, -0.02147443022145449, 0.30023829629593857], [0.011376698119649848, 0.9993106235844949, 0.03534043074601569], [-0.3007902200137469, -0.030285708710272204, 0.9532093773700769]]","[0.029318254136698557, 0.08880028124197606, 0.0035222329727081516]",[0.5358170645631009],"[0.009716141225351258, -0.1410169514785367, 0.0, -0.9899592954659848]",[0.49628996304799994],"[-5.843467571714992, -0.1516210374918553, -1.0417753331321293]","[1046.220935619415, 1165.8761844938297, 1074.044105127662, 1170.0348049643494]"
23,0.46000000000000085,"[-0.1842633697180598, -0.06054891513109492, 2.283543518522731]","[0.2352931907942662, 0.0, 2.167646947991035]","[0.01649492707466054, 0.060437908056036375, -0.14748411452426197]","[-0.054085120715270274, 0.0, 0.06488865678307937]","[0.016667533701118377, -0.15259836698425008, -0.008501147599623908, -0.9881112560024161]","[[0.9532831298015798, -0.021887036113143847, 0.3012849418012201], [0.011713282415361376, 0.9993000396547437, 0.03553327780213873], [-0.3018517144576798, -0.030344232837359986, 0.9528720554632452]]","[0.008376918841794074, 0.034854254393426175, 0.017264294904438763]",[0.5354891060200139],"[0.007178018935491451, -0.13938876827583477, 0.0, -0.9902108074315726]",[0.49628996304799994],"[-6.2319608572190575, -1.2277490020366626, 0.5675286583785244]","[1053.2770556794187, 1161.9525063628619, 1056.6153628710808, 1190.088667804726]"
24,0.4800000000000004,"[-0.18338008661845073, -0.05971832266396278, 2.2819192390309224]","[0.23419280470716478, 0.0, 2.168967117336985]","[0.0370924078381925, 0.04893366750511953, -0.13828123908952875]","[-0.05607381976496821, 0.0, 0.06727244001937]","[0.01634701558666754, -0.15235350224886068, -0.008592347791122315, -0.9881535308883223]","[[0.9534292074375921, -0.021962167768727014, 0.30081638389429216], [0.012000067464944957, 0.9993179368953977, 0.03492487089993943], [-0.3013782208673624, -0.029688573785868443, 0.9530424144815377]]","[0.02281573085486464, -0.04678961405497575, 0.012564615049780358]",[0.5338611414841689],"[0.0105999109178958, -0.1358104641506903, 0.0, -0.9906779760729592]",[0.49628996304799994],"[-5.877437143028315, -1.768907252973364, -0.17480118195980054]","[1022.9524443177929, 1203.8638383094626, 1056.849173067776, 1200.378597228968]"
25,0.5,"[-0.18199572184395355, -0.05882599454984518, 2.280328787937471]","[0.23304306365955343, 0.0, 2.170346439416625]","[0.05414524187490413, 0.05078697558349701, -0.1396754142689495]","[-0.05806237567639185, 0.0, 0.06965553629434969]","[0.016105149740687098, -0.15126741684903908, -0.008709843811816604, -0.9883228697634491]","[[0.9540837779662222, -0.022088644461053426, 0.2987215483662778], [0.012343906864090589, 0.9993286890702442, 0.03446920676851605], [-0.29928264172150704, -0.029199144470227707, 0.9537167490283348]]","[0.035734315764624054, -0.10753686920565589, 0.013720295805459476]",[0.5360016865936891],"[0.009815730237951818, -0.1326707852906448, 0.0, -0.9911067823884622]",[0.4965524625871829],"[-5.805471165557175, -1.0400703265600855, -0.5596242297320835]","[1025.1585151857532, 1198.0829923346987, 1051.0267691205484, 1207.0846641891753]"
26,0.5199999999999996,"[-0.18027324132622433, -0.057898442596583395, 2.2786982182701387]","[0.23187019924241126, 0.0, 2.1717534720009684]","[0.07550460834356434, 0.046378036405154026, -0.13465079233606544]","[-0.0600508598144665, 0.0, 0.07203828811339877]","[0.015704057578452592, -0.14987440353237066, -0.008913269069642574, -0.9885402174398759]","[[0.9549165957208127, -0.022329522413626356, 0.296033801931759], [0.012914977363192009, 0.9993480345403257, 0.03371992675725613], [-0.2965936998944866, -0.02837644321591129, 0.9545822536029737]]","[0.05518909508640983, -0.15117465214535963, 0.011925689492765321]",[0.5356534429102275],"[0.010979550363497821, -0.1281858673503891, 0.0, -0.9916891856512079]",[0.4971652126910848],"[-5.731818039552512, -1.1969375518849485, -0.6466000001382568]","[1036.4986079912244, 1182.1120337434097, 1049.5111539862696, 1209.0357416772072]"
27,0.5399999999999991,"[-0.17810070159636196, -0.056946274781479254, 2.277226027548737]","[0.23064934169468204, 0.0, 2.1732180068375864]","[0.0915788485506314, 0.046799959383634765, -0.13706430890921198]","[-0.06203917864968145, 0.0, 0.07442024662725222]","[0.015263740214664418, -0.14777701160614545, -0.008994350551416425, -0.9888619616868127]","[[0.9561620175353476, -0.022299602090456328, 0.2919875563177029], [0.013277082431033715, 0.9993721443231518, 0.03284578067435471], [-0.29253670603856863, -0.027529147691049083, 0.9558578506883496]]","[0.05496475428968303, -0.21601018718848888, 0.002613071480143419]",[0.5370548775753927],"[0.010861700706290011, -0.12456121668092401, 0.0, -0.992152389417848]",[0.497172922498],"[-6.374718601017515, -1.405600002570126, -0.3414120514748582]","[1016.911953822573, 1205.1012109289459, 1040.8799786261343, 1220.052645609271]"
28,0.5599999999999987,"[-0.1754716259983144, -0.05595860803780714, 2.275935440850648]","[0.22938743267012116, 0.0, 2.1747317143568052]","[0.10590821302421956, 0.040149207480161445, -0.125756572752183]","[-0.06402733906473791, 0.0, 0.07680144488945206]","[0.014564495829667568, -0.1448150396113507, -0.009117265246593167, -0.9893093290830505]","[[0.957890552926314, -0.02225790720934392, 0.2862681626147575], [0.013821275047373276, 0.9994090952440434, 0.031458217451027774], [-0.2867993161014054, -0.026176948939697454, 0.9576325528999227]]","[0.06862146189630737, -0.29375445161879954, 0.0011873732089735824]",[0.5353198955397179],"[0.012844579464138087, -0.1219803959229002, 0.0, -0.9924477124235742]",[0.497172922498],"[-5.07448281519186, -1.047862939090539, 0.8440035563727228]","[1011.8287300855646, 1211.3953186184492, 1046.4197381694428, 1213.299737608054]"
29,0.5799999999999983,"[-0.17286931151294735, -0.055092760398974226, 2.274974765150792]","[0.2280883678203875, 0.0, 2.176289918135983]","[0.13341577486207784, 0.045009354603452484, -0.11413003021926532]","[-0.06601534279052468, 0.0, 0.07918189122735635]","[0.013939194202154342, -0.14221938511207888, -0.009062660609514538, -0.989695517276761]","[[0.9593830327337398, -0.02190339641645092, 0.2812551234581151], [0.01397370190289794, 0.9994471374670447, 0.030168888071373967], [-0.28176042820301206, -0.025013343993915506, 0.9591586940983756]]","[0.06294016292619477, -0.28190317419942756, -0.00409888939044335]",[0.5321584849107704],"[0.011513389399141235, -0.11563824323403912, 0.0, -0.9932244558983282]",[0.497172922498],"[-5.1151851143575096, -0.19706559543225421, 0.8906440674607552]","[1051.7209301395449, 1177.9726061179192, 1044.5963684169694, 1218.1925988637527]"
30,0.6000000000000014,"[-0.16952043051492527, -0.054145635510596896, 2.2741773535315697]","[0.22674749944257658, 0.0, 2.1778981702705127]","[0.14511523315096575, 0.047421262584849216, -0.10103245169648185]","[-0.06800315266016861, 0.0, 0.08156140731432776]","[0.013378026273696497, -0.13914392100328157, -0.009093758369084947, -0.9901399883229864]","[[0.9611124408697808, -0.021731129672769762, 0.275300607558031], [0.014285245548741558, 0.9994765592001562, 0.029022919949106687], [-0.2757872337115841, -0.023961555164583138, 0.9609198905783719]]","[0.0634757004508425, -0.3057220484821132, -0.008770443088439588]",[0.5298088346366133],"[0.010793864647263104, -0.11336515641311505, 0.0, -0.9934945733298346]",[0.497172922498],"[-6.032560444293773, -0.8034132125874931, 1.4443419985214874]","[1022.414651546938, 1200.50351442783, 1020.5140928079386, 1233.8884508119982]"
31,0.620000000000001,"[-0.16718239977443006, -0.053549169970273425, 2.273851625446163]","[0.22536563715940267, 0.0, 2.1795554861283946]","[0.16076382765288727, 0.04683643713392855, -0.08287004217877736]","[-0.06999075349590846, 0.0, 0.08393992035458961]","[0.012861828339141275, -0.1370667393927593, -0.009047850086017198, -0.9904355682950572]","[[0.9622588869332368, -0.02144848282973682, 0.2712788040603468], [0.014396767337434885, 0.9995026157723109, 0.02795794314039147], [-0.2717442916389254, -0.022997305901171973, 0.9620917608591438]]","[0.06817191338925936, -0.32490155792150116, -0.010645750075822503]",[0.5257320270282708],"[0.01102693573285562, -0.11022739662133044, 0.0, -0.9938428328524631]",[0.497172922498],"[-4.877635056533856, -0.18680141594680877, 2.1465646875886115]","[1018.7000858721242, 1194.371810341741, 1014.670472088966, 1226.9149868106688]"
32,0.6400000000000006,"[-0.1621035508925701, -0.052275490424652654, 2.2737044005793825]","[0.22394797813326955, 0.0, 2.181255633206055]","[0.18156213406440283, 0.05487588682106099, -0.06328164009647798]","[-0.07197815707086896, 0.0, 0.08631748687393198]","[0.012307581324068256, -0.13272727635886014, -0.008939969657586557, -0.9910357219420336]","[[0.9646068257760965, -0.020986762062909843, 0.2628548854882146], [0.014452555072074831, 0.9995369324392819, 0.026767661132481177], [-0.2632950031025964, -0.022021349838951917, 0.9644637187749565]]","[0.039479671652419994, -0.3137500349052515, -0.009711967218672684]",[0.5209059669915591],"[0.008701703498775205, -0.10509964346786027, 0.0, -0.9944234661805562]",[0.497172922498],"[-4.917036708198419, -0.26848218587278744, 2.156708895733008]","[1024.7241162329176, 1183.1436938317818, 1029.456912825312, 1198.531583278207]"
33,0.6600000000000001,"[-0.1581019343140737, -0.05136038257961268, 2.273957262355536]","[0.22248859181253158, 0.0, 2.1830056902980206]","[0.19235392397784865, 0.051997284277724716, -0.04783634723361657]","[-0.07396531062162225, 0.0, 0.08869385374598122]","[0.011970668059491889, -0.12969964861470037, -0.008828657903794885, -0.9914417089275575]","[[0.9662000150438271, -0.020611382241349008, 0.2569679126733702], [0.014401016477351746, 0.9995574189577996, 0.02602658685153752], [-0.2573906524060788, -0.021446291540091145, 0.9660693116570106]]","[0.025957856004913297, -0.3168754097546305, -0.006921877842513042]",[0.517568293121853],"[0.0094515436405296, -0.10242823093364825, 0.0, -0.9946954465101707]",[0.497172922498],"[-6.086332862796385, -1.3065134274342947, 1.1398390850010074]","[1001.4536976789782, 1199.0238918214382, 1044.332585388898, 1172.2388097784833]"
34,0.6799999999999997,"[-0.1552244576393489, -0.05070307333822209, 2.274398425626532]","[0.22098745350032492, 0.0, 2.1848056662002473]","[0.19575538243429969, 0.04704839725273999, -0.04125981761842573]","[-0.07595219045419428, 0.0, 0.09106890734922027]","[0.011604942805885298, -0.12727403153018094, -0.008707905079400958, -0.9917598281771437]","[[0.9674477247706681, -0.020226316603823524, 0.2522484338027582], [0.014318285177494757, 0.9995757335795034, 0.025235212537615764], [-0.2526526527643803, -0.020802051795065765, 0.967330030597356]]","[0.026015307746403933, -0.35140510792710467, -0.011714841523113848]",[0.5169002900469158],"[0.010799397807369448, -0.10142536651779438, 0.0, -0.9947841711428173]",[0.4972563943506384],"[-6.584281031001174, -1.6719887473782422, 1.4202015533274306]","[1000.1458542419381, 1179.774293017508, 992.9822064663882, 1200.2384228537976]"
35,0.6999999999999993,"[-0.149351996429881, -0.04949681597986447, 2.2756025706590695]","[0.2194499034286453, 0.0, 2.1866491592910657]","[0.19695153606493027, 0.039020036972410785, -0.023580685170385595]","[-0.07793881299903688, 0.0, 0.0934427265717556]","[0.011308670025094952, -0.1223792139031833, -0.008630206703627793, -0.9923811339167292]","[[0.9698970485082813, -0.019896800924887038, 0.24269845380243862], [0.014361016333040589, 0.9995946204639305, 0.024557337389611616], [-0.24308883844187737, -0.020332705740763807, 0.9697902374083031]]","[0.02039652917726476, -0.3772652116334263, -0.005929191638866157]",[0.5142045886012583],"[0.01291626930953859, -0.10081889788703766, 0.0, -0.9948208991894343]",[0.49782470331999995],"[-6.321977675940098, -1.0548363669028484, 2.0275573424495548]","[982.7075361490587, 1182.7295272412991, 1004.8442956354176, 1174.0585894337225]"
36,0.7199999999999989,"[-0.1453485653682115, -0.04870791054721589, 2.2768092764848498]","[0.21785957382377724, 0.0, 2.1885556990403567]","[0.19865325676974052, 0.041066032461846265, -0.011202995899987751]","[-0.07992502784296161, 0.0, 0.09581458990247463]","[0.011239005621960368, -0.11920935582085321, -0.008542775307123187, -0.9927654535700554]","[[0.9714257115243575, -0.019641533645568126, 0.23650183580315912], [0.014282355164524755, 0.9995948220600622, 0.024352150510492672], [-0.23688588500197474, -0.020278635545354882, 0.9713190390495126]]","[0.026130833416024207, -0.3719127054171737, -0.00920767104849706]",[0.5121150134605504],"[0.012297381316307894, -0.09977943313742331, 0.0, -0.9949330992775435]",[0.49782470331999995],"[-6.139577615811888, -0.45821766214351645, 1.7934424094997716]","[983.808941070277, 1174.3421000134595, 966.7079923223472, 1206.5796993444303]"
37,0.7399999999999984,"[-0.14141452112278524, -0.04792967975752539, 2.278111581700166]","[0.21624827602240426, 0.0, 2.1904872697352396]","[0.19918241263533767, 0.04016733735789008, 0.004573171027058131]","[-0.08191106387321091, 0.0, 0.09818559546397364]","[0.011036195255457584, -0.11597641354951456, -0.008458370401135652, -0.9931529751418776]","[[0.9729525571092287, -0.01936078814740002, 0.23017794387139048], [0.014241034767559462, 0.9996100188974115, 0.02388320323160291], [-0.23055133678055015, -0.019959317377214583, 0.9728520499574811]]","[0.030840481662935303, -0.378752413669713, -0.010114590305023168]",[0.5093290100323008],"[0.010063657057859368, -0.09890777018991771, 0.0, -0.9950419344979892]",[0.49782470331999995],"[-6.146970337940048, -0.9613334271166571, 2.562651554622054]","[975.530828662434, 1177.5811260435653, 953.3826190012309, 1216.133883367178]"
38,0.7600000000000016,"[-0.13753829592713346, -0.04717292715763426, 2.27965949188333]","[0.21459289900374218, 0.0, 2.1924714532824487]","[0.19809770217027217, 0.038839406701980286, 0.02305806139871701]","[-0.08389671687227794, 0.0, 0.10055476365637016]","[0.01068331217487763, -0.11261194703221443, -0.008372606796198598, -0.9935454019466706]","[[0.9744950477294472, -0.01904326713887299, 0.22359127001199475], [0.014230992799809262, 0.9996296826401679, 0.02311442248393126], [-0.22394905870047993, -0.01934300027171096, 0.9744069825005229]]","[0.030101607632569752, -0.393758413933538, -0.008478781715254409]",[0.5055687308643751],"[0.006102308961658065, -0.09838441592324797, 0.0, -0.995129760920509]",[0.49782470331999995],"[-5.990104147526843, 0.37764604835423854, 1.8961475683093845]","[959.2476376303049, 1190.7600178768978, 975.384798741871, 1191.3473029824593]"
39,0.7800000000000011,"[-0.13337718970848556, -0.04642193175407501, 2.2816087074686004]","[0.21289593835622, 0.0, 2.1945052385450454]","[0.19602265958655424, 0.05093870858162635, 0.028877915353616834]","[-0.08588197588783449, 0.0, 0.1029220420874685]","[0.01065528559596158, -0.1091474501041355, -0.008262886819133022, -0.9939334088318612]","[[0.9760357151404346, -0.01875151303172654, 0.21679450745680784], [0.01409952402000442, 0.9996349766466411, 0.022985034722557127], [-0.2171466811324277, -0.019377542615327363, 0.9759451955153433]]","[0.014066736514855991, -0.35809162724210075, -0.011467810520968048]",[0.5026970386774374],"[0.006663146792129919, -0.09823034723418225, 0.0, -0.9951411502914278]",[0.49782470331999995],"[-6.7539955277236725, -0.6553561682589757, 0.9068265700400033]","[966.4105805225981, 1172.0186224742372, 969.1335451208217, 1184.3683324067358]"
40,0.8000000000000007,"[-0.12919162659957464, -0.04565492099686784, 2.2838201712226542]","[0.2111594029587186, 0.0, 2.1965862003868417]","[0.18249413435773817, 0.03769033348359006, 0.03568780412805841]","[-0.08786683164841624, 0.0, 0.10528738642537902]","[0.010669177265207715, -0.10580338716037052, -0.00818143491405418, -0.9942959447277323]","[[0.9774769644336699, -0.018527205299942697, 0.21022517922526565], [0.014011864928449119, 0.9996380152158516, 0.02294788642823279], [-0.21057433594279287, -0.0194853923252766, 0.9773831735011429]]","[-0.00025709426908293977, -0.340164866360538, -0.005890278774358966]",[0.5006374629282182],"[0.008087926074304627, -0.09904691009934465, 0.0, -0.9950495925811975]",[0.49782470331999995],"[-7.239567646718353, -1.9274059781169957, 2.4831149311940592]","[925.488337287973, 1199.2775674695943, 963.2834334738424, 1171.111374072685]"
41,0.8200000000000003,"[-0.12508380617355133, -0.04484819402603852, 2.2864323284111423]","[0.20938057101830312, 0.0, 2.198717549005121]","[0.17200796184898975, 0.03581683991498014, 0.057442877173119335]","[-0.08985122353344227, 0.0, 0.1076505061042435]","[0.010234590013011396, -0.10234660135379824, -0.00808450130322852, -0.994662077513905]","[[0.9789172093070169, -0.018177644732028785, 0.2034350831455164], [0.013987742715703818, 0.9996573692588946, 0.02201475959374154], [-0.2037660493707092, -0.018705074665638376, 0.9788384339641918]]","[0.028871984992877797, -0.3338450122313649, -0.007748330611235827]",[0.4971377775002412],"[0.01175717253860976, -0.10368209393294811, 0.0, -0.9945338826590528]",[0.49782470331999995],"[-6.264669503911221, -0.3517324525962794, 2.898766162818845]","[935.9015099852253, 1180.7691276415615, 944.7979866863662, 1182.387080462823]"
42,0.8399999999999999,"[-0.12139306964903372, -0.04414285482438931, 2.2890645553918145]","[0.20756146675623033, 0.0, 2.20089683716374]","[0.1653762538540303, 0.0384843310900391, 0.06642886654578259]","[-0.09183514035150664, 0.0, 0.1100113476534409]","[0.009741715888111359, -0.0993284330536615, -0.007955564828115613, -0.9949742430582889]","[[0.9801392167532295, -0.017766422934751076, 0.19750346327889562], [0.013895905437070836, 0.9996816899221316, 0.0209659403605921], [-0.19781346668803546, -0.017805085206857918, 0.9800759967198088]]","[0.0591011014813277, -0.30027191069538733, -0.012555950012829433]",[0.495187957862588],"[0.010996914310084042, -0.10440898677439553, 0.0, -0.9944714974986019]",[0.49782470331999995],"[-6.468396312329775, -0.40360079516921304, 0.7467821655383524]","[956.7114606679909, 1152.7184043883647, 930.7539002816044, 1188.4488132182103]"
43,0.8599999999999994,"[-0.11748779799984573, -0.04347278089818983, 2.292336705041506]","[0.2057037218009599, 0.0, 2.2031220881945197]","[0.1494267742587546, 0.037457962267672035, 0.06468366616832195]","[-0.09381857003097029, 0.0, 0.11236985339403843]","[0.009167047562396204, -0.09619771824123702, -0.00785020696814788, -0.9952871069494204]","[[0.9813648332764949, -0.017390117681586985, 0.1913447709256092], [0.013862721447541351, 0.9997047657441134, 0.019758032491404676], [-0.19163262380821589, -0.016737344499175535, 0.981320015253358]]","[0.07149488622686444, -0.2732665057249519, -0.013519882674408205]",[0.4962045189821204],"[0.011058397194732103, -0.1069044126061223, 0.0, -0.9942031347856797]",[0.49782470331999995],"[-7.635186676560207, -0.33520450229638094, 1.960541652351015]","[936.115249217277, 1163.4734154903151, 910.6733503766017, 1200.4190877067876]"
44,0.879999999999999,"[-0.11374374680926627, -0.04275271149629703, 2.295811236105082]","[0.20381398159750355, 0.0, 2.2053853759345845]","[0.12645179201826426, 0.0383540240291441, 0.0849583126795947]","[-0.09580157715810948, 0.0, 0.11472633315016162]","[0.008401162583638775, -0.0931500065146983, -0.007725947027002329, -0.9955866816831204]","[[0.9825268063064112, -0.016948836625739618, 0.18534799789528622], [0.013818563228151653, 0.9997394946682744, 0.018167515189645597], [-0.18560762564363192, -0.015288827126055674, 0.9825050277558258]]","[0.0681586535869461, -0.25188785443636963, -0.014473277769347781]",[0.4906075144903251],"[0.010078070079974109, -0.11356891055736355, 0.0, -0.993478763841316]",[0.49782470331999995],"[-7.91048265029794, -2.028957960715697, 1.7881333701912396]","[910.3410746943588, 1172.1693500237216, 892.5158009779279, 1202.9664357056772]"
