,t,p,p_d,v,v_d,q,R,w,T_sp,q_sp,hover_throttle,fa,pwm
0,0.0,"[-0.15556821067624774, -0.05465990070538414, 2.2230671259248043]","[0.24987857168245012, 0.0, 2.150145713982861]","[-0.04702038856908853, -0.003879095089057186, 0.005898338350931955]","[-0.004895790399821081, 0.0, 0.005874948388621131]","[0.007003898142503511, -0.05497626601590985, 0.0007028561001008548, -0.9984628366675498]","[[0.9939542069636512, 0.0006334550560903616, 0.10979336249633821], [-0.0021736477258128013, 0.9999008774353743, 0.013908983206329177], [-0.10977367156620245, -0.014063544822049375, 0.9938570857986649]]","[0.013765489076268091, 0.08907628933979246, 0.002149785445784333]",[0.4561908320458001],"[0.017666469673833906, -0.10449720090142968, 0.0, -0.9943646123955621]",[0.459233581307],"[-2.828912137164163, -0.3583758663854513, 0.3301323265173046]","[891.4434922879088, 1062.1018436580166, 861.7312903388412, 1031.2403696780066]"
1,0.020000000000003126,"[-0.1565338315635826, -0.05478860335627175, 2.2243715140690843]","[0.24976131342917388, 0.0, 2.150286423881908]","[-0.05526164485303908, -0.0059989718047160105, 0.0028215978473117324]","[-0.006885227086368044, 0.0, 0.008262272044874484]","[0.00675068383135941, -0.05588244058002946, 0.0006447586703711211, -0.9984143225925173]","[[0.9937534684111425, 0.0005329832060674544, 0.11159636323691582], [-0.002041961958389486, 0.9999080192771217, 0.01340789747287498], [-0.11157895298919102, -0.013552020225216874, 0.9936631563742466]]","[0.0265803940088799, 0.09812695428508249, 0.003574296372420574]",[0.4595246028031813],"[0.019745407800269427, -0.11706203463234768, 0.0, -0.9929180380725902]",[0.459233581307],"[-2.8963806015579148, -0.3479896030811348, 0.1480299524466595]","[880.177983068469, 1084.3204099212828, 803.0678984108133, 1102.7832466953798]"
2,0.03999999999999915,"[-0.15764064638110448, -0.05501537761236359, 2.225441862874165]","[0.24959943449012278, 0.0, 2.150480678580582]","[-0.04840219860146129, -0.012691763084447404, 0.020500548980551286]","[-0.008874663506280061, 0.0, 0.010649594421339946]","[0.006633429866638252, -0.05727202393692967, 0.0006237406510244498, -0.9983361672738319]","[[0.9934386315005681, 0.00048558579362116734, 0.11436174081814614], [-0.002005225610045368, 0.9999107961686413, 0.01317334011888698], [-0.11434519065869196, -0.013316231676870615, 0.9933514048217763]]","[0.009565714055700935, 0.13329331455363674, 0.0029287679074495245]",[0.44175333412415335],"[0.029620788963343782, -0.12278646174513204, 0.0, -0.9919877870449236]",[0.459233581307],"[-1.9267442059816413, -0.6754968287849027, 2.3773330026378545]","[873.5030808067781, 1107.9810903907885, 779.126113870186, 1142.1151419850112]"
3,0.060000000000002274,"[-0.1586799261101696, -0.0552071910703107, 2.2263470936533567]","[0.24939544468175312, 0.0, 2.1507254662750794]","[-0.044803627165472745, -0.010314102635373405, 0.016320203806938924]","[-0.010864099315807134, 0.0, 0.01303691386800251]","[0.006908991918202888, -0.059478221281311514, 0.0006280915627143798, -0.9982033482980316]","[[0.9929196054169274, 0.0004320571015951454, 0.11875139822669416], [-0.002075795302161802, 0.999899454691853, 0.013718442194324224], [-0.11873404030857142, -0.013867873270132426, 0.9928249260762981]]","[-0.02352000728849333, 0.22754394380976095, 0.002288179909446402]",[0.44125894226835605],"[0.027270906966057704, -0.12147488048879411, 0.0, -0.9922169919118]",[0.459233581307],"[-2.9867876543410965, 0.1729095133019103, -0.19031313766273072]","[879.6411839488279, 1084.4876981098673, 779.4028918861713, 1123.1175039394877]"
4,0.0799999999999983,"[-0.15971793856414623, -0.05536143010027508, 2.227216606135946]","[0.24916932458021046, 0.0, 2.1509968102863923]","[-0.04746711042775127, -0.006918988477768748, 0.0027683648620520493]","[-0.012853534735145045, 0.0, 0.01542423144175478]","[0.007378259053054961, -0.06230329064189893, 0.0006463744725254403, -0.9980296449894847]","[[0.9922354931597231, 0.0003708221342622509, 0.12437060031862929], [-0.002209581407117072, 0.999890015796033, 0.014646900013471275], [-0.12435152384541498, -0.0148079850399723, 0.9921274513463326]]","[-0.06304948199281842, 0.3526825943557112, 0.004000323613998544]",[0.44549889986277463],"[0.024349535396653958, -0.12241570252071139, 0.0, -0.9921798258170913]",[0.459233581307],"[-3.230452215759668, -0.12831974021632137, -1.0839873669968085]","[891.7093124896815, 1028.8866406121017, 776.4461485110196, 1082.6817889580248]"
5,0.10000000000000142,"[-0.16083162978230275, -0.05554819538907089, 2.2279813083827897]","[0.2488733592454281, 0.0, 2.1513519682289814]","[-0.045310632082293203, -0.006546553436438059, -0.013376632145932599]","[-0.014842967412802551, 0.0, 0.017811535855108234]","[0.008766451340907306, -0.06736043594588156, 0.0006594257506897335, -0.9976770565279434]","[[0.9908984966182337, 0.00013476391584997722, 0.13441948456936512], [-0.0024968118519374735, 0.9998196519416471, 0.017403336327902884], [-0.13439636127433965, -0.017581013152064486, 0.9907456649646501]]","[-0.12708866369561844, 0.45325482722621196, 0.002803556127522815]",[0.46139201312741984],"[0.02198636430222279, -0.11872793304237741, 0.0, -0.9926797250931216]",[0.459233581307],"[-3.277910912340365, -0.3511524583591611, -2.276368222681338]","[891.8124215542293, 1028.438480174355, 822.4014001108287, 1039.0942637246224]"
6,0.11999999999999744,"[-0.16175646953688305, -0.05570462700540278, 2.2286062660639163]","[0.24856110687191074, 0.0, 2.1517266705046705]","[-0.04328564167443049, -0.004356886603675152, -0.03028313023738487]","[-0.016832399249453078, 0.0, 0.02019883623187216]","[0.010307130540934526, -0.07228642008114321, 0.0006769210857134417, -0.9973205466849452]","[[0.9895287250296421, -0.00013991652169375538, 0.1441994182144394], [-0.0028403457507589405, 0.9997669042059613, 0.0204611617277485], [-0.14417150975845397, -0.020656890535603163, 0.9893171675939788]]","[-0.1723443213843, 0.5397261351501955, 0.006195239319895551]",[0.4713836340902418],"[0.02026465341842582, -0.11661908258543108, 0.0, -0.9929671635790794]",[0.459233581307],"[-2.992901364504012, -0.022054507857883543, -1.6259451003048326]","[896.5254758338027, 1033.4678803780585, 858.5602129199794, 1020.1491835570004]"
7,0.14000000000000057,"[-0.16264911334398224, -0.055817356281120736, 2.2289392646398407]","[0.24821048635948068, 0.0, 2.152147414037256]","[-0.031775496732090736, 0.0008903703505230456, -0.030637306997418994]","[-0.01882182787701823, 0.0, 0.02258612120513779]","[0.012362362372239226, -0.07805802266825491, 0.0007062627022382568, -0.9968613351802448]","[[0.9877917958708806, -0.0005218711638883893, 0.15564351154812295], [-0.003338055085253335, 0.9996722496697911, 0.024536863180702712], [-0.15560858724630267, -0.024757381060786936, 0.9874871374780446]]","[-0.20090538631743093, 0.5770109893260877, 0.007344764863916529]",[0.47404486962789794],"[0.01818337429253352, -0.11372962809958004, 0.0, -0.9933412900492424]",[0.459233581307],"[-2.119308025599419, 0.1503323710122575, 0.3547297592056573]","[922.4379860136929, 1039.9359106396473, 894.4079117667447, 1005.5141502926463]"
8,0.1599999999999966,"[-0.1634140914281759, -0.05587989948929972, 2.229025752500791]","[0.2478161272456677, 0.0, 2.1526206431212467]","[-0.016001132391881265, 0.005130020013363057, -0.024201283803698057]","[-0.020811252030890084, 0.0, 0.024973384704777637]","[0.014618201245629507, -0.08408633183897622, 0.0007448367261417558, -0.9963472432863016]","[[0.9858504550279874, -0.0009741498040784118, 0.16758014619795802], [-0.003942613879237341, 0.9995640938169409, 0.02900434784953426], [-0.16753659350532651, -0.029254870202015105, 0.9854241809761692]]","[-0.20943117794438623, 0.5708125756720233, 0.006649929272526432]",[0.47272528871650843],"[0.01698261208335821, -0.1109897958899151, 0.0, -0.9936745332577711]",[0.45921038843542383],"[-3.215322966715537, -1.2351556411351272, -1.121930611006995]","[957.3346257426351, 1049.3159582225735, 928.7899163889803, 995.0897931832674]"
9,0.17999999999999972,"[-0.16378477527386262, -0.055882949248705814, 2.229057795834555]","[0.24737078013386538, 0.0, 2.153155056394622]","[-0.012927470173291645, -0.003929990508806326, -0.04244534561426154]","[-0.022800668769121134, 0.0, 0.02736061260937292]","[0.016066341767705376, -0.08850527998826749, 0.0007826451148182049, -0.9959370155253296]","[[0.9843148691121201, -0.0012849816733408776, 0.17631651730729261], [-0.004402842632810966, 0.99946498360813, 0.03186359249104001], [-0.1762662203317026, -0.03214066539111375, 0.9837998395032782]]","[-0.19189188693573558, 0.5478928994844458, 0.00572542463428227]",[0.4785729112159997],"[0.020290553294591097, -0.11122949623526422, 0.0, -0.9935831159974337]",[0.45909757153245284],"[-4.432441132840567, -1.495872968054856, -3.298277836387186]","[961.7333270085863, 1065.5232776847588, 958.4651207308278, 987.677853005104]"
10,0.20000000000000284,"[-0.16410109143399537, -0.05586013045331118, 2.2291190675824577]","[0.24690727085150085, 0.0, 2.153711263455947]","[-0.006804167331525099, -0.0011003692093638408, -0.056872485138530736]","[-0.024790081700223697, 0.0, 0.029747822239783728]","[0.017550187635962805, -0.09317010749609336, 0.0008058024012687498, -0.9954924928641152]","[[0.9826319941865246, -0.001665965254848691, 0.1855285691100867], [-0.004874646219628362, 0.9993773138760768, 0.03479200668722153], [-0.18547200117672757, -0.03509231347260881, 0.9820172746494293]]","[-0.16152072310823512, 0.4962108577281224, 0.004679114297128927]",[0.4837689548529016],"[0.018857312612571772, -0.11081686960262013, 0.0, -0.9936503707396044]",[0.459022048807],"[-3.486517287773875, 0.1296435191868911, -1.5757968558867574]","[965.4183319177818, 1074.2328106986163, 973.0306733541552, 988.3713775322847]"
11,0.21999999999999886,"[-0.16413581075820044, -0.05581101202319509, 2.229315393607344]","[0.24639191927205303, 0.0, 2.1543296786387853]","[0.01141044967442274, 0.00862793268930424, -0.052733242470446105]","[-0.026779482726610772, 0.0, 0.03213497472785988]","[0.01894727649748282, -0.09811173939754178, 0.000809170213732693, -0.9949927382051059]","[[0.9807429802035206, -0.0021076635347565993, 0.195271599609998], [-0.005328137481300212, 0.9992768084453988, 0.037546026853243375], [-0.1952102733229055, -0.037863583241795354, 0.9800262911430461]]","[-0.10022188712723361, 0.4006653821631816, 0.0017729860509589973]",[0.483473961836126],"[0.015749368024365638, -0.10786263258742161, 0.0, -0.9940354549022046]",[0.459022048807],"[-2.2866004593814724, -0.4185367385802088, 0.2530777234373822]","[985.0371748905644, 1071.075923363675, 957.7620655715035, 1018.7206132544256]"
12,0.240000000000002,"[-0.1638251500604764, -0.05568801231525347, 2.2296106972996403]","[0.24583504039424484, 0.0, 2.1549979234182906]","[0.03482104841455946, 0.007494977515867529, -0.04577680284052414]","[-0.028768870778351562, 0.0, 0.03452206493825921]","[0.01969125982314251, -0.10168189284288998, 0.0008262819093923122, -0.994620713776454]","[[0.9793182199126986, -0.002360814937555857, 0.2023023747386023], [-0.005648163347557269, 0.9992211431500795, 0.039002633983765536], [-0.20223729261154227, -0.039338705618040926, 0.9785440939694412]]","[-0.04272474867637401, 0.2965320948323302, -6.628479394467569e-06]",[0.4815532201590287],"[0.017728731424020202, -0.10395418047510221, 0.0, -0.9944224329406681]",[0.459022048807],"[-3.490330528622701, -1.1140656632229757, -0.9046888724211222]","[985.5634975892781, 1093.0304651173665, 959.2273662680333, 1046.84201438545]"
13,0.259999999999998,"[-0.16319290013215262, -0.05552389096040788, 2.2300711922934418]","[0.24523951182691817, 0.0, 2.1557125438760503]","[0.04339453338794713, 0.009716705557860791, -0.052538891386172716]","[-0.030758243791034916, 0.0, 0.03690908296185404]","[0.019837611319550356, -0.10392142331389316, 0.0008265742262501756, -0.9943869154878573]","[[0.9783985230677837, -0.002479236416425594, 0.20670900168087444], [-0.005766974797476291, 0.9992107858692233, 0.03928072472125637], [-0.206643412647966, -0.03962431980152236, 0.9776128278719556]]","[-0.003549310021332002, 0.2089949599799411, -0.0021448356629205335]",[0.484662130127808],"[0.017424867659523065, -0.10302380270323493, 0.0, -0.9945261955035862]",[0.459022048807],"[-3.646183258519182, -0.6820598549757891, -0.37547100868493644]","[1006.4260783048989, 1080.4083269971466, 954.0410517275064, 1055.40516878556]"
14,0.28000000000000114,"[-0.16215635820455632, -0.05530489234623679, 2.230738767352313]","[0.24460474756433775, 0.0, 2.156474242003902]","[0.06621123488683801, 0.012400106070519614, -0.035768401162650676]","[-0.03274759834516936, 0.0, 0.039296012385543394]","[0.01979678805868716, -0.10553530084660492, 0.0008670782977665917, -0.9942178617736378]","[[0.977722617937627, -0.0024543905047483975, 0.2098844930292806], [-0.005902649429531704, 0.9992141917523127, 0.039181625849362946], [-0.20981583156811592, -0.039547655325412386, 0.9769402959522948]]","[0.014793942689549564, 0.15558067257196814, -0.0072996219019782725]",[0.47972346751358164],"[0.01723091307468579, -0.09851732723655568, 0.0, -0.9949785250349992]",[0.459022048807],"[-3.239500321045898, -0.8578089509721639, 2.398165516166628]","[1004.2485156356304, 1074.1309426078853, 960.0005827165278, 1044.9003927161343]"
15,0.29999999999999716,"[-0.16102934716125822, -0.05511009958867464, 2.2314747401384616]","[0.2439342297456933, 0.0, 2.157278838551761]","[0.0796412447560799, 0.012132163487245964, -0.014443613180751795]","[-0.0347369330790401, 0.0, 0.041682846673282044]","[0.019666479147861318, -0.10659368339028372, 0.0009115993046192917, -0.9941077971997875]","[[0.9772740385034868, -0.0023801889500896078, 0.21196707947848403], [-0.006005100856665377, 0.9992249243767564, 0.038906859073401155], [-0.21189536768362205, -0.03929554198402272, 0.9765021597259247]]","[0.021462526067965716, 0.10597423883223026, -0.009094780425527303]",[0.4736831836412725],"[0.018857497274160095, -0.10034898117764798, 0.0, -0.9947729188207147]",[0.459022048807],"[-3.3555711931622185, -1.602434969968854, 1.705070096296744]","[968.4432727802504, 1104.2822447426622, 960.017381682184, 1058.3785690081736]"
16,0.3200000000000003,"[-0.15907456401301304, -0.05477692843814702, 2.232570423165943]","[0.24321211603041779, 0.0, 2.1581453390900003]","[0.10241143567633182, 0.00827373198994041, -0.008140528465588166]","[-0.03672623273206428, 0.0, 0.04406951257694881]","[0.018943312113335713, -0.10674530903542052, 0.0009332235142042451, -0.9941054039964391]","[[0.9772089714215518, -0.002188774334170916, 0.2122675338153651], [-0.005899664488598867, 0.9992803952760402, 0.037464063418070764], [-0.21219682043816077, -0.037862532347762184, 0.9764930150861603]]","[0.055115449417578635, 0.012942679827939702, -0.009610344459405751]",[0.47141426143343046],"[0.02019726296882978, -0.09410811936730595, 0.0, -0.9953479076207645]",[0.459022048807],"[-2.682329788446145, 0.22547390199577044, 0.34790005870208063]","[984.8055517560564, 1082.4430750465579, 938.63206433119, 1055.2587848213773]"
17,0.3400000000000034,"[-0.1570187718096631, -0.054441680700818056, 2.2337915056976536]","[0.24246392734463862, 0.0, 2.1590431223708326]","[0.12259147973043627, 0.027633151239746464, -0.004396826263551217]","[-0.038715510921909384, 0.0, 0.04645607546022059]","[0.018326893200957425, -0.10653743010206748, 0.0009763789097295562, -0.9941392598927832]","[[0.9772975657460418, -0.001963686993383188, 0.21186187180910152], [-0.005846313420157042, 0.9993262637427489, 0.036230926286170896], [-0.2117902958410924, -0.03664700988556468, 0.9766277223487939]]","[0.05939994570581755, -0.04077396524571887, -0.011656016804419337]",[0.46946565361632364],"[0.011373500236566168, -0.0891668216914987, 0.0, -0.9959509581496823]",[0.459022048807],"[-3.228428131384314, 0.37557116163685644, 1.079031399947766]","[974.6703195458688, 1077.2871741236866, 937.9643458035848, 1039.678732039274]"
18,0.35999999999999943,"[-0.15423672246946052, -0.05401720006893135, 2.2352401964572857]","[0.2416646488339296, 0.0, 2.1600021970027465]","[0.14003760070013432, 0.025354719893744514, 0.006303745176607972]","[-0.04070474206701411, 0.0, 0.04884241253599062]","[0.017994464262056167, -0.10560140495999763, 0.0009612605046260522, -0.9942450887283951]","[[0.9776945164533295, -0.001889024343725134, 0.2100219512241861], [-0.005711938486577259, 0.9993502284242235, 0.0355787945140538], [-0.20995276175299804, -0.035984836353338066, 0.9770487630086881]]","[0.045995397038027123, -0.10537254807424372, -0.0015183202541369147]",[0.4664313320408445],"[0.012361028983103, -0.08481378161804745, 0.0, -0.9963167663555564]",[0.459022048807],"[-2.7292944669432, -1.1098197228954998, 1.0143108638977125]","[976.7152110594184, 1056.2130040036086, 905.6370683955537, 1063.4715495332239]"
19,0.38000000000000256,"[-0.15185217783314428, -0.05362149341888213, 2.2364831459368544]","[0.24083682306710752, 0.0, 2.16099551666697]","[0.16354362628254737, 0.027446013129781472, 0.0058779109322305385]","[-0.04269394170364122, 0.0, 0.051228598377618756]","[0.01753305403340921, -0.1045306176280769, 0.0009678061584530812, -0.9943666664073044]","[[0.9781448885752463, -0.0017407735670185195, 0.20791746077199494], [-0.005590190301056319, 0.9993833726511838, 0.0346662382313058], [-0.20784958638131482, -0.03507089973325523, 0.9775319459052901]]","[0.04766840437011224, -0.15876893979586335, -0.0009303658043381998]",[0.4655899283892501],"[0.011881891605654197, -0.07748745106070534, 0.0, -0.9969223796840472]",[0.4590220775968551],"[-3.048936225671824, -1.2508556353869609, -0.42490967493161236]","[979.7024890611923, 1047.4369075784643, 903.7181896534829, 1056.0350562520184]"
20,0.3999999999999986,"[-0.14859757773917792, -0.053102477928682376, 2.238070882895976]","[0.23996261463344445, 0.0, 2.162044473640644]","[0.17531368138653558, 0.022397862376571025, -0.0011080292833175358]","[-0.044683084405926846, 0.0, 0.05361451094716628]","[0.017152652231671492, -0.10272963443130846, 0.0010144774137550317, -0.9945608704681709]","[[0.9788911315901732, -0.0015062523071849528, 0.2043765512423083], [-0.005542090465962966, 0.9994094602137924, 0.033910279681030275], [-0.20430694732920818, -0.03432714725644577, 0.9783047629618579]]","[0.016742828026197618, -0.16378064559485675, 0.0005167954197673179]",[0.46704826361664775],"[0.01402342344963512, -0.0752150571963486, 0.0, -0.9970683224703669]",[0.459023096844],"[-4.2855805963736415, -0.23932487097747557, -0.9740727988664908]","[935.7943330064004, 1079.7438389883632, 919.561178750465, 1025.9769932442982]"
21,0.4200000000000017,"[-0.1454527678158857, -0.05268305627736679, 2.2395296148411394]","[0.23904908367154848, 0.0, 2.1631405948139735]","[0.1850317094412017, 0.034734392927137654, -0.005153218236087348]","[-0.046672170677663855, 0.0, 0.05600015266566449]","[0.01733267259359901, -0.10097470830147219, 0.0009675111684365609, -0.9947374867430058]","[[0.9796062612766001, -0.001575483862274416, 0.20092019422945548], [-0.0054251623746199105, 0.9993972016312611, 0.03428753003256951], [-0.20085311601220282, -0.0346783066646147, 0.9790072903538484]]","[-0.0018490645670725357, -0.20853963059849964, 0.0066284177502982525]",[0.4677545328182404],"[0.010486445377237197, -0.07316873499557429, 0.0, -0.9972640522237944]",[0.459023096844],"[-2.7721068428646447, -0.8525473888450457, 1.5930118445219605]","[922.0075460285738, 1089.9496986460229, 893.6615022773454, 1048.2957423972512]"
22,0.4399999999999977,"[-0.14151301535730393, -0.05214821760220799, 2.241261982483082]","[0.23809661586872297, 0.0, 2.1642834132432895]","[0.2113543307529959, 0.02415146169141873, 0.017282796286990997]","[-0.04866119318341625, 0.0, 0.058385488328861306]","[0.01720675225220281, -0.09827079479370318, 0.0009644757922652934, -0.9950105259173602]","[[0.9806839396864704, -0.0014625153086917201, 0.19559414141202067], [-0.005301169569877529, 0.9994060932591052, 0.03405223961025768], [-0.19552775942797765, -0.034431358820918474, 0.9800936554674408]]","[0.00991865506725909, -0.2685505077866611, 0.006388059419528171]",[0.46099098967149466],"[0.014457135390193568, -0.06582809253014996, 0.0, -0.9977261576797194]",[0.459023096844],"[-2.534121681401769, -0.8345808994794406, 1.8438796533699744]","[934.8601681932004, 1079.628896618387, 905.9867391690199, 1038.9171697778318]"
23,0.46000000000000085,"[-0.1368448465522719, -0.051544975518724244, 2.243196305888827]","[0.2371002335782913, 0.0, 2.1654788927244315]","[0.22145258751630179, 0.03659973909354974, 0.013984862733878044]","[-0.050650133490146916, 0.0, 0.06077042946994198]","[0.01692036139434891, -0.09527259203079148, 0.000977873188441287, -0.9953062605755364]","[[0.9818430279423346, -0.0012775267632655673, 0.18968390655450398], [-0.005170659989283864, 0.9994241642674351, 0.03349555422731173], [-0.18961772268351892, -0.0338682122806726, 0.9812723431548491]]","[0.03173496351847199, -0.2662744700934885, -8.232545331932013e-05]",[0.4613957710564598],"[0.010153314082231472, -0.061410278572441045, 0.0, -0.9980597215432652]",[0.459023096844],"[-3.621432170544688, -0.14898761757420953, 0.39352192431515576]","[949.2631014952566, 1068.4533122734053, 928.1991257559089, 1020.2753062429065]"
24,0.4799999999999969,"[-0.13282393184920424, -0.051034723997513694, 2.2448428119182755]","[0.2360684311018661, 0.0, 2.1667168421576566]","[0.23422577939131695, 0.032560536969625894, 0.021599589151490375]","[-0.05263899926698203, 0.0, 0.06315501290213665]","[0.016329257916836315, -0.09243880653319281, 0.0009703373683758016, -0.9955831863086966]","[[0.9829066510168019, -0.0010868110888061263, 0.18409273287208763], [-0.00495101736481403, 0.9994632275951348, 0.032334875597266374], [-0.1840293533154694, -0.03269366291033525, 0.9823752447977897]]","[0.06783851857983038, -0.31241287378783344, 0.0002117674656519774]",[0.45923870467157907],"[0.011668607783001909, -0.05784534546339841, 0.0, -0.9982557955298005]",[0.459023096844],"[-2.9105178102976783, -1.0042712487442476, 1.398347723246303]","[951.5951687740309, 1067.2054739875393, 918.2280008757123, 1030.9405364671782]"
25,0.5,"[-0.12796599938030262, -0.050453081334343404, 2.246713504741224]","[0.2349913113861976, 0.0, 2.1680091214075]","[0.24782613293171227, 0.036261265934365045, 0.025811023084599177]","[-0.054627758394981754, 0.0, 0.06553908447738477]","[0.015559610309153836, -0.08873621554791594, 0.0009937363041386692, -0.9959307284370615]","[[0.9842450138565404, -0.0007820168259589436, 0.17678117187805298], [-0.004740786910979656, 0.9995090428101273, 0.03081622726102111], [-0.17671932327948314, -0.03116894885654846, 0.9837627859342792]]","[0.07515806297608402, -0.33714048812334607, -0.0016244003626398992]",[0.45792296014317463],"[0.010570839904779188, -0.05270299877856101, 0.0, -0.9985496064250688]",[0.459023096844],"[-3.3434022409064372, -0.48056953197736174, 0.6383148802800847]","[953.3348262004324, 1047.6724302857513, 898.7961816513485, 1034.2658650491157]"
26,0.5200000000000031,"[-0.12402983594047634, -0.04992772497654549, 2.248193624046033]","[0.23388536306436428, 0.0, 2.169335957088862]","[0.25290341522605764, 0.0364379527851266, 0.025371206218411404]","[-0.056616441138753956, 0.0, 0.0679227894566357]","[0.015099172421381275, -0.0858727374291249, 0.0010532896295181212, -0.9961911552994996]","[[0.9852495664521473, -0.0004946589116874385, 0.17112313061995255], [-0.004691770163265995, 0.999541850503669, 0.02990242630945945], [-0.17105951541304953, -0.03026422176462917, 0.9847958152746134]]","[0.05824117912000209, -0.33576029668097324, -0.002471620490768752]",[0.4580001129493904],"[0.010694101844079424, -0.0505807972983461, 0.0, -0.9986626908437667]",[0.459023096844],"[-3.8280446838669864, -0.5977343651580962, 0.6716206983239914]","[940.4031782648348, 1052.905445237571, 900.4198177415803, 1023.64599201283]"
27,0.5399999999999991,"[-0.11921386281769661, -0.04942689723520535, 2.2499661551194174]","[0.2327333318925341, 0.0, 2.1707180248442812]","[0.25914344989892585, 0.038861274305524184, 0.02999700705623946]","[-0.05860499172172059, 0.0, 0.07030586015740942]","[0.014493672003765485, -0.08226120032255305, 0.0010110103246072646, -0.9965048727452127]","[[0.9864641007127216, -0.000369580282488546, 0.16397668042266292], [-0.00439948714195598, 0.9995777778134306, 0.028719695705764978], [-0.16391806741451379, -0.02905236339712773, 0.986046011940169]]","[0.054931501109029, -0.37807713661094117, 0.0014124433218220367]",[0.45669957871332306],"[0.010170339277482544, -0.04843532216340791, 0.0, -0.9987745390269387]",[0.459023096844],"[-2.995048375675022, -0.6505196044054778, 1.2291504333804077]","[920.883131976986, 1069.2600786138767, 911.4987629319809, 1006.7637898179338]"
28,0.5600000000000023,"[-0.11461538684227994, -0.04883308814399386, 2.2515310143680853]","[0.2315397820293414, 0.0, 2.1721498433787017]","[0.2702474875677687, 0.037372510452530254, 0.035087400709286315]","[-0.060593407382028064, 0.0, 0.07268828334160712]","[0.013518519337958512, -0.07857766630666638, 0.0010167538825747071, -0.9968152313767727]","[[0.9876478724391602, -9.747588957276319e-05, 0.15668231925510004], [-0.004151538916420518, 0.9996312709933823, 0.026791143668875052], [-0.15662733922700592, -0.027110720258078907, 0.9872844392858942]]","[0.08144420391175884, -0.4054734869064082, 0.0008543048918365612]",[0.45522800959238013],"[0.010642845252369543, -0.044082713494838485, 0.0, -0.998970427544894]",[0.459023096844],"[-2.9134715229328156, -0.909599682523272, 1.123505772220554]","[934.7807139296165, 1048.0539646542627, 856.5034789176859, 1059.0830638467776]"
29,0.5799999999999983,"[-0.10896999990790353, -0.04816477623659496, 2.25346218426654]","[0.2303093447235604, 0.0, 2.173625854004254]","[0.2743314452146613, 0.03551102605209559, 0.036573330696411666]","[-0.06258169040289167, 0.0, 0.07507006998220249]","[0.012611408571556064, -0.07404802832598995, 0.0010759046267057573, -0.9971742339160387]","[[0.9890312323424649, 0.00027802886552963867, 0.14770470918358714], [-0.004013428622078502, 0.9996793580880807, 0.02499220612933842], [-0.1476504344922615, -0.025310880594435908, 0.988715452231679]]","[0.09153943543509735, -0.4025934638540386, -0.0027444713729233104]",[0.45478289430119523],"[0.011214134873985104, -0.041441316227994435, 0.0, -0.9990779652986859]",[0.4590270930827493],"[-3.725969886457448, -1.2390713701199316, -0.14242811200570316]","[929.2456844686754, 1050.9488419144573, 857.0785261698792, 1055.1160002132538]"
30,0.6000000000000014,"[-0.10316841008472853, -0.04756682050624033, 2.25528227493951]","[0.22903450528899105, 0.0, 2.1751550469413425]","[0.2730247884485417, 0.02964618396838612, 0.02515501169639119]","[-0.0645697969500499, 0.0, 0.07745100974111878]","[0.01191236622061672, -0.06955364056757343, 0.0010738040829464661, -0.9975048996777209]","[[0.9903190673786224, 0.0004851527912299264, 0.1387857776081257], [-0.003799346544902241, 0.9997106762730806, 0.0236159133771906], [-0.1387346114181847, -0.02391466131009161, 0.9900375645510914]]","[0.06585341640808408, -0.4084157878208427, 0.0003071619465023107]",[0.4578210860107732],"[0.012996586709388254, -0.04008360752575521, 0.0, -0.9991108275694285]",[0.459249096269],"[-3.640232459718841, -0.9423712212546738, -1.821466086231002]","[920.86492355483, 1055.8332457666827, 861.980119644029, 1046.6410636469714]"
31,0.6199999999999974,"[-0.09772689362996226, -0.04690979414015508, 2.2569450547136065]","[0.22771921641447473, 0.0, 2.176732675850289]","[0.27503335985442484, 0.031225505655183578, 0.011557961254853684]","[-0.06655772703340868, 0.0, 0.07983110269062094]","[0.011248866705270939, -0.06540289106690132, 0.001066532149438244, -0.9977915970875532]","[[0.9914359325699482, 0.0006569368259645558, 0.1305409048195453], [-0.0035997704409682692, 0.9997379348854603, 0.02230854077857647], [-0.13049291570760166, -0.022587557922532697, 0.9911851335472939]]","[0.05593087315261578, -0.3943611387074669, 0.0019713977755152217]",[0.46081518684333894],"[0.012205890916111184, -0.03689994745724833, 0.0, -0.9992423564711451]",[0.459249096269],"[-2.6912202465562216, -0.24291828413921435, 0.7949458212820488]","[941.1354378531192, 1031.156233026184, 851.7412117196089, 1051.903780686811]"
32,0.6400000000000006,"[-0.09314802413000124, -0.04638981101883844, 2.2583472611169833]","[0.22637570983241476, 0.0, 2.1783440845407567]","[0.28055117659993783, 0.033200434279674035, 0.031005263970464502]","[-0.06854552220873103, 0.0, 0.08221054826885107]","[0.011041666996163055, -0.062040483024466374, 0.0010761767831332137, -0.9980119375668107]","[[0.9922995662455362, 0.0007780138453238629, 0.12385805091299375], [-0.003518135260672921, 0.9997537724932462, 0.021905897890725796], [-0.1238105197703203, -0.022172964000506997, 0.992058045738365]]","[0.03609488455560571, -0.3897693061966578, 0.004606317599795047]",[0.4555775340210636],"[0.011547814242289959, -0.03339409291025898, 0.0, -0.9993755292764483]",[0.459249096269],"[-3.583133000416517, -0.4888235130984865, 1.4603179642537398]","[929.7914379085007, 1044.6502745097991, 854.1067398692797, 1052.22331503268]"
33,0.6599999999999966,"[-0.08756547416407683, -0.04580455442560978, 2.2600447035493914]","[0.22498439820707217, 0.0, 2.1800127085080696]","[0.27043521706738066, 0.03329276125137981, 0.024012605791218677]","[-0.07053307317517821, 0.0, 0.0845888220152801]","[0.010937460019862776, -0.05765089574246512, 0.0011037961295221033, -0.9982759404528269]","[[0.9933496371728578, 0.0009426775039487571, 0.11512714978258792], [-0.0034648949731187146, 0.9997576326693028, 0.021709936703819384], [-0.11507885887844102, -0.021964476046155444, 0.9931128178412768]]","[0.009727911256624916, -0.42014009201479824, 0.0025815971882835664]",[0.45740046530036327],"[0.011843588435871336, -0.036100102987420245, 0.0, -0.9992777942838944]",[0.459249096269],"[-3.6428965485002966, -0.07802783269984448, -0.048420791656738515]","[903.5187116290826, 1076.7653993786757, 863.0880337691256, 1050.0039262636117]"
34,0.6799999999999997,"[-0.08166513231203311, -0.0452239550497223, 2.2617810664215954]","[0.2235505466156485, 0.0, 2.181732224846567]","[0.27220616477112836, 0.03939258374679996, 0.02960861822812807]","[-0.07252038128085324, 0.0, 0.08696593045731006]","[0.01081864992156138, -0.053040377668972384, 0.0010594704569345094, -0.9985321177990885]","[[0.9943690293215417, 0.0009681800028007389, 0.10594796536527656], [-0.0032634811136327954, 0.9997615062758255, 0.021493149409477403], [-0.10590211720537332, -0.021717928262137105, 0.9941371879045893]]","[0.008757472886280395, -0.41752301312282974, 0.00814701224059463]",[0.45607312464967315],"[0.009919216456888537, -0.03375437089738661, 0.0, -0.9993807582639628]",[0.459249096269],"[-2.6931158520701923, -0.24149976729605727, 0.9722266960211599]","[902.4629215562318, 1087.6649449842128, 870.3412549913653, 1049.5892673052458]"
35,0.7000000000000028,"[-0.0773171624181949, -0.04465836248219091, 2.263100561913127]","[0.22208362481804741, 0.0, 2.183491292991185]","[0.26898038835165716, 0.03693728479249602, 0.030407182380058396]","[-0.07450748723945762, 0.0, 0.08934206898243702]","[0.010631768106009784, -0.04965430915277886, 0.0010534762060464638, -0.9987092080666832]","[[0.995066456540685, 0.0010484065741625877, 0.09920283217159584], [-0.0031600589756684435, 0.9997714883894445, 0.02113147014456305], [-0.0991580309126843, -0.02134070867744356, 0.9948426071787985]]","[0.0028123386300137236, -0.4123141003163682, 0.008718084068607848]",[0.45632471962839327],"[0.010501519277593461, -0.03255342709630525, 0.0, -0.9994147997981997]",[0.459249096269],"[-2.957450719265653, -0.9190221591340249, -0.2515330091664829]","[884.7025149848837, 1093.466536018046, 847.9528124849857, 1059.555360755155]"
36,0.7199999999999989,"[-0.07107047779175903, -0.04401534093194843, 2.2650292924254667]","[0.22056863495989593, 0.0, 2.1853078256867606]","[0.2656520275996695, 0.03402441393651798, 0.023901320869015644]","[-0.07649427163558328, 0.0, 0.0917166647058287]","[0.010521634611760448, -0.04485733215720647, 0.0010601181545290797, -0.9989342181357511]","[[0.9959669728586242, 0.0011740316824190465, 0.08964135640396396], [-0.0030619215168850404, 0.9997699237653414, 0.020925733544450768], [-0.08959673970049496, -0.02111594983318515, 0.9957478109698206]]","[0.014415054993593034, -0.39290253329149166, 0.005546431547015817]",[0.454598405131203],"[0.012493095699221067, -0.029200528121679375, 0.0, -0.9994933103514207]",[0.459249096269],"[-3.2960267593932535, -1.4922905633821273, 0.3306014342256951]","[892.7345966213145, 1084.5184548092304, 842.6185591641068, 1063.7615204607196]"
37,0.740000000000002,"[-0.06665475973767236, -0.043555034068160435, 2.26645696933581]","[0.21902414646106208, 0.0, 2.187159608232378]","[0.2543786501334544, 0.024333350044634022, 0.028243710904905378]","[-0.07848084193487549, 0.0, 0.09409023328211971]","[0.010449848099130896, -0.04172219627302651, 0.0010861218390778142, -0.9990739908751441]","[[0.9965161172459883, 0.0012982509338577415, 0.08338982189360834], [-0.0030422133875187504, 0.9997792019190883, 0.020789712111782637], [-0.08334442266066629, -0.020970973665968336, 0.9963000779166971]]","[0.008830007884089374, -0.34854480520018405, 0.0025291719290073296]",[0.45793106515329407],"[0.013890095455736554, -0.031236177801992764, 0.0, -0.999415473014918]",[0.459249096269],"[-3.519198296519605, -1.2210916510803698, -0.29433521366950544]","[914.5655696055496, 1062.8692208301293, 842.4347904356789, 1063.565209564321]"
38,0.759999999999998,"[-0.06260508670730384, -0.04320278377217269, 2.267608084153478]","[0.2174288822140535, 0.0, 2.1890720397968018]","[0.2456633969285817, 0.025250017596645233, 0.016043981408595365]","[-0.08046701579062554, 0.0, 0.09646189998829449]","[0.010356435953354734, -0.039252148090032205, 0.0010722835166661776, -0.9991734030502446]","[[0.9969128642070405, 0.001329769625312029, 0.07846161483942765], [-0.0029558190562160845, 0.9997798149350923, 0.02061157184718935], [-0.0784171946971709, -0.02077992957275207, 0.9967006522596089]]","[0.0130041488701035, -0.3129814125577999, 0.0025973190441345227]",[0.46172486650639255],"[0.013165941314001745, -0.030136185113221175, 0.0, -0.9994584767585596]",[0.459249096269],"[-3.565043899830804, -0.007717026350657963, -1.572412217298183]","[927.5186341696467, 1048.4873574615276, 845.5389409182238, 1061.0276777426575]"
39,0.7800000000000011,"[-0.057110865541055836, -0.04267795413927822, 2.2692167611226934]","[0.21580474580015135, 0.0, 2.191018942829647]","[0.2327449292700259, 0.02877568508217522, 0.009708885956059612]","[-0.08245294863467781, 0.0, 0.09883241054059463]","[0.010159750444010079, -0.03585950053230642, 0.001067632497514547, -0.9993043592970032]","[[0.9974253794215024, 0.0014051324648767078, 0.07169080416777535], [-0.002862426770697027, 0.9997907459201862, 0.02022879627991201], [-0.07164741664881269, -0.020381935352363732, 0.9972212180416328]]","[0.014326881741117462, -0.2932745977173214, 0.003511875213564849]",[0.46345632412363247],"[0.012316791525203518, -0.03194833050156957, 0.0, -0.9994135285498903]",[0.459249096269],"[-2.8135563885508246, -0.8952455367727541, -0.26224877112611367]","[905.7005091300172, 1063.9727382386147, 854.6480763686268, 1053.8487772563724]"
40,0.7999999999999972,"[-0.05226659053962822, -0.04213570472509112, 2.270666087406219]","[0.21413670898216441, 0.0, 2.1930182323100182]","[0.2304609618937018, 0.021474086560033745, 0.013470532341047017]","[-0.08443848673420187, 0.0, 0.10120102758812802]","[0.010222660387824715, -0.03290623855509949, 0.0010856147280412756, -0.9994056401476028]","[[0.9978321372490617, 0.0014971603616844617, 0.06579555655737145], [-0.0028427175672425652, 0.9997887727499423, 0.02036172190337129], [-0.06575116507466429, -0.02050461589225071, 0.9976254887969276]]","[-0.005211250311765062, -0.28504373508891134, 0.002784213389105586]",[0.4635147501302543],"[0.01412261324577483, -0.02950268782538035, 0.0, -0.999464906382067]",[0.45933300766999996],"[-2.5892147953966864, -0.6278312151008297, 0.374086995728117]","[931.4489199025959, 1061.7804457064692, 868.175931502339, 1055.1803146304435]"
41,0.8200000000000003,"[-0.04765050164993793, -0.04161555957966849, 2.2722229662023397]","[0.2124276527983563, 0.0, 2.195066440906048]","[0.21781494642419555, 0.027325743316235756, 0.016494248721573145]","[-0.08642362675095416, 0.0, 0.10356773525564311]","[0.01053660420584661, -0.030216979112465996, 0.0011210061826692392, -0.9994871669338005]","[[0.9981712944120006, 0.001604093888853928, 0.06042658888975111], [-0.0028776312856714815, 0.9997753860089856, 0.02099465453279547], [-0.06037934249591474, -0.021130148214422113, 0.9979517676653424]]","[-0.03743477190721719, -0.2474299528688851, -0.0006772292155833947]",[0.4632909338660612],"[0.012749448455007842, -0.0318731411864416, 0.0, -0.9994105458069689]",[0.45933300766999996],"[-3.310946567388946, -0.48552036565073525, 0.19812584596010652]","[902.0355357827236, 1103.5194031012163, 870.6817200506521, 1060.4953309328428]"
42,0.8400000000000034,"[-0.04383507054456775, -0.04126709966107401, 2.273602460608733]","[0.21067801765595898, 0.0, 2.197163012862354]","[0.20493125385802569, 0.022263623299049927, 0.02057754102079091]","[-0.08840834331590584, 0.0, 0.10593241201322323]","[0.011128027174544287, -0.028241966456508127, 0.0011404442213712497, -0.9995383852218089]","[[0.998401907238266, 0.001651280810548743, 0.05648324088342619], [-0.0029083902913111053, 0.9997494585993324, 0.02218136385060584], [-0.05643247730628031, -0.022310197400387782, 0.9981568424867154]]","[-0.05243594995168258, -0.23344996641733695, -0.000561447511761316]",[0.4631527922652952],"[0.01421305839211055, -0.03330347564150681, 0.0, -0.9993440220643174]",[0.45933300766999996],"[-3.7401530881433627, -0.492422293934954, 0.9333002877533403]","[881.2916297149841, 1125.5872975747318, 878.174489859805, 1054.5682976215003]"
43,0.8599999999999994,"[-0.03878116111231269, -0.04081890719023815, 2.275549679990166]","[0.20888782171684908, 0.0, 2.1993078906904553]","[0.185552802147834, 0.029307683546443426, 0.03315755980865925]","[-0.09039260269550702, 0.0, 0.10829489626797427]","[0.011636685073397313, -0.025611342593259964, 0.0011094840450500412, -0.9996034890708897]","[[0.9986853759779182, 0.0016220259888717046, 0.05122819626487751], [-0.002814150501130317, 0.9997264328377821, 0.02320731124921513], [-0.05117655339917268, -0.02332097275313326, 0.9984170130086159]]","[-0.03816967754553912, -0.20005294869219895, 0.004528542891745122]",[0.46095003919791505],"[0.01187545285658948, -0.036390685913600285, 0.0, -0.9992670682766374]",[0.45933300766999996],"[-3.2006045772798624, 0.03252077124326602, 1.6948471414827573]","[890.1360634738843, 1115.7402091289919, 862.6688860020796, 1068.1899212968854]"
44,0.8800000000000026,"[-0.03569432103599585, -0.040441166129584594, 2.276763013453613]","[0.2070639982616408, 0.0, 2.2014927970983176]","[0.17777330141325592, 0.02936945440340224, 0.0468564736072138]","[-0.09237646437691363, 0.0, 0.11065547341172358]","[0.011813380229260215, -0.02431420588087975, 0.0011228613077996193, -0.9996340059513082]","[[0.9988152603815669, 0.0016704347764002225, 0.048637143627604885], [-0.0028193666125736114, 0.9997185096919203, 0.02356351024277572], [-0.04858408447730984, -0.023672716166829776, 0.9985386701117178]]","[-0.02773832095595106, -0.16235945801181828, 0.0054264961063649605]",[0.4588392932060973],"[0.011806190878707542, -0.03610321148049486, 0.0, -0.999278325190314]",[0.45933300766999996],"[-2.0401731058579085, -0.8230099187539484, 2.8067166734645745]","[888.1859950895287, 1112.1387673712618, 849.9711778373972, 1074.3608260117592]"
