,t,p,p_d,v,v_d,q,R,w,T_sp,q_sp,hover_throttle,fa,pwm
0,0.0,"[0.38515412511644637, -0.07199902390995765, 2.198142945394473]","[0.24991860764378346, 0.0, 2.150097670832244]","[0.0057281748842893925, 0.002574748156542493, -0.05653232705594659]","[-0.0040221874030163945, 0.0, 0.004826624852538798]","[0.010482586774867669, 0.023020682805914055, -0.00011918397678890364, -0.9996800550783749]","[[0.9989401311053244, 0.0002443409212978145, -0.04602913362347365], [0.0007209242992209782, 0.9997802655280402, 0.0209529784558767], [0.0460241361979582, -0.020963953241977522, 0.9987203902639799]]","[0.00272124355192865, 0.0061807504699931326, 0.0006199687171840604]",[0.46549711840182717],"[0.021574185299558374, 0.05868722831986799, 0.0, -0.9980430593507897]",[0.46615503833000005],"[1.1922020741109671, -0.5427037705780188, 0.06975096977029338]","[998.7391994082194, 1003.1248682236082, 950.6485778294378, 1023.1359323681723]"
1,0.019999999999999574,"[0.38523810954406146, -0.07186918692525425, 2.1981288452289633]","[0.24981675234649303, 0.0, 2.150219897184084]","[0.0002774875337569099, 0.0010573885273168094, -0.06525030431558665]","[-0.006011624126892879, 0.0, 0.007213948688018377]","[0.010438000402295701, 0.022958862485452296, -0.00012884160808553628, -0.9996819439999421]","[[0.9989458150451158, 0.0002216879732407504, -0.04590581026048265], [0.0007368904901968607, 0.999782130073571, 0.020863444953753408], [0.045900430865454526, -0.020875277180803172, 0.9987279445406392]]","[-0.002981483491054493, 0.0011347382167258345, 0.0003394610028552033]",[0.481161048686474],"[0.0203963362512277, 0.04870722277224125, 0.0, -0.9986045511833246]",[0.4661593444014486],"[1.229006511773774, -0.5585634925230712, -0.8006560972918244]","[1038.5162969850276, 992.8307942120736, 1009.9630902933219, 992.5000203742838]"
2,0.03999999999999915,"[0.3853052292206964, -0.07177320226871593, 2.198148424465896]","[0.24966120285660134, 0.0, 2.1504065565509136]","[0.0033554804346352944, 0.003789021881584544, -0.05833039923648872]","[-0.008001060587666376, 0.0, 0.009601271260608328]","[0.010553672264420935, 0.023235786894836966, -0.00015087535363484948, -0.9996742977924453]","[[0.9989201571090889, 0.0001887933329898626, -0.046459622473572174], [0.0007920981857862827, 0.9997772006978038, 0.021093458405003724], [0.04645325331743201, -0.021107481235262692, 0.9986974426393039]]","[-0.014321413407229222, -0.03130448963563972, 0.0005102432650768467]",[0.4792452746031404],"[0.02070136449977602, 0.05129998622250771, 0.0, -0.9984657831845699]",[0.46625735271868946],"[1.4772429927841664, 0.09882102558596517, 0.003407520974807454]","[1037.237731942905, 970.7214029888298, 990.4083146415363, 989.6476654409298]"
3,0.05999999999999872,"[0.38539752054660165, -0.07162820215428699, 2.198139130827115]","[0.24949814097729003, 0.0, 2.150602230773426]","[0.0022866747216364796, 0.008760929075249545, -0.05670051437014472]","[-0.00999049696947856, 0.0, 0.011988593454221302]","[0.010802672561413401, 0.02371254673816474, -0.00021101030796542085, -0.999660430748859]","[[0.9988753451413037, 9.044044531288608e-05, -0.047413548323380496], [0.0009341950667255341, 0.9997665194179848, 0.02158800142838307], [0.04740443042232436, -0.021608015795542532, 0.9986420387230657]]","[-0.023208454883019338, -0.08716731389557376, 0.003130257215746503]",[0.47783520762470655],"[0.01927125464794542, 0.052992767883462084, 0.0, -0.9984089216144701]",[0.46633763744400003],"[1.000423209988452, -0.6038288732930396, -0.11189075060415732]","[1027.6550051650602, 966.5064537247864, 970.5685198510911, 996.5093789803561]"
4,0.0799999999999983,"[0.38541927416185484, -0.07144193310745889, 2.1982619187797856]","[0.24926864452125808, 0.0, 2.1508776264032896]","[0.00014154125641810313, 0.004187113929664818, -0.05087459088260341]","[-0.01197993231634642, 0.0, 0.014375910680045553]","[0.01158203520955445, 0.02654922002300796, -0.000231145893028398, -0.9995782618565937]","[[0.9985859306035905, 0.0001528911822081399, -0.05308140068823634], [0.0010770848221626048, 0.9997273656920599, 0.02314202776071376], [0.05307069212874994, -0.02316657473339946, 0.9983177503812475]]","[-0.06329702292265238, -0.2477295057286258, 0.0024060759910595397]",[0.4773381861053031],"[0.020158377848305143, 0.052264152524737886, 0.0, -0.9984294861195374]",[0.46633763744400003],"[1.1449025691557797, -0.7884448461596515, -0.13830265670670272]","[990.1841433560784, 1037.663214280771, 966.2318472835016, 1034.1771892901666]"
5,0.10000000000000142,"[0.3854200725780825, -0.07123816507622663, 2.198405584196064]","[0.24901403189770668, 0.0, 2.1511831613323253]","[-0.0018612886830844581, 0.006972685855442683, -0.05021914040211817]","[-0.013969366830748002, 0.0, 0.016763223910075817]","[0.012564278348724105, 0.029583259349150653, -0.00025773263991037327, -0.9994818435688414]","[[0.9982465810543614, 0.00022818642167947857, -0.059142337635383284], [0.0012585827980214153, 0.9996811973409512, 0.025100287031131274], [0.05912938473687374, -0.025130785317248116, 0.9979309917257403]]","[-0.10231183481174518, -0.3222039390427504, 0.0019229004675301764]",[0.4794298645506501],"[0.017394491369104283, 0.051896656913121085, 0.0, -0.998495765116738]",[0.46633763744400003],"[1.1927473092876144, -0.5600600675128284, -0.3394059745574296]","[974.6674159483542, 1065.8472826353386, 969.2047879573157, 1044.001024724373]"
6,0.120000000000001,"[0.3853813017671425, -0.07101974766765859, 2.198570574828069]","[0.24871965654513264, 0.0, 2.1515364113429913]","[-0.005829906017929229, 0.005280579785767668, -0.04540983933660122]","[-0.015958799760726557, 0.0, 0.019150529534680615]","[0.013331741093757319, 0.031961912090144005, -0.000280062342581919, -0.9994001032698405]","[[0.997956659476985, 0.0002924272054977368, -0.0638929439244658], [0.00141200454189119, 0.9996443164847193, 0.026629584195788956], [0.06387800904990014, -0.02666538950768241, 0.9976013457056345]]","[-0.11742869352429595, -0.30137533653519766, -0.0008937484490116543]",[0.47704893993474023],"[0.0230353432095497, 0.05078862157411701, 0.0, -0.9984437295276622]",[0.46633763744400003],"[1.1045666645367833, -0.7200877963617544, -0.024460686561852185]","[983.6170780391105, 1053.3788761309474, 994.6695243298594, 1015.3337384152685]"
7,0.14000000000000057,"[0.3852352561331773, -0.07079424878754094, 2.1988510086437225]","[0.24836444953278988, 0.0, 2.1519626586928826]","[-0.010598480429562861, 0.007590967332677691, -0.04326482068791834]","[-0.01794822838090037, 0.0, 0.02153781447237147]","[0.014403071447100936, 0.03475810450396983, -0.00031632256640952964, -0.9992882661811925]","[[0.9975762615058492, 0.00036905206719022856, -0.06947584400408206], [0.0016334417829556845, 0.9995776162290464, 0.028763651042474213], [0.06945761993798476, -0.02880763013375512, 0.9971615646915606]]","[-0.11329582472383942, -0.34126538049824984, 0.0026254380965126177]",[0.4774953778623209],"[0.022149729963116354, 0.050384535962178414, 0.0, -0.998483855766972]",[0.46633763744400003],"[1.1710445058958614, -0.36214463024245236, -0.3949513791007604]","[976.3526770952843, 1067.4372385780534, 971.3854544132638, 1047.0167114922053]"
8,0.16000000000000014,"[0.38504079213406184, -0.07053752583369192, 2.1991796533822257]","[0.24799978036944834, 0.0, 2.1524002604446015]","[-0.01613446875860523, 0.010360084625064296, -0.04132077176024217]","[-0.01993765596881958, 0.0, 0.02392509445531043]","[0.01555818299055236, 0.038082468411106504, -0.00035827566299202675, -0.9991516356048937]","[[0.9970956452281682, 0.000469044595192027, -0.0761114694383093], [0.001900931453895672, 0.9995120799127991, 0.03106267992086453], [0.07608917296500574, -0.031117256007337977, 0.9966117878351346]]","[-0.10514031047898252, -0.35818772857212533, 0.0052406361818854936]",[0.4781069245135501],"[0.020927344931846902, 0.049616980142870616, 0.0, -0.9985483554464886]",[0.46633763744400003],"[1.1936945400633627, -0.6152937835017206, 0.24649567944011963]","[971.2616034096981, 1075.8162606957085, 954.8646357814943, 1067.549708379988]"
9,0.17999999999999972,"[0.38461551692393803, -0.0701651876071454, 2.199669224548378]","[0.24758305903832398, 0.0, 2.15290032373133]","[-0.023107677031292684, 0.011139699739412258, -0.031145652573072842]","[-0.02192707749672561, 0.0, 0.026312345350458476]","[0.016439113412244324, 0.041974364122703396, -0.0004204203764649006, -0.9989833382472468]","[[0.9964759305485955, 0.0005400567621437794, -0.08387720346070647], [0.0022200285667360624, 0.9994591361360449, 0.032809507032845166], [0.08384955810770837, -0.03288009454471053, 0.9959357951556201]]","[-0.08115309657433584, -0.2770527057445218, 0.0032649390201026952]",[0.47174990930061034],"[0.022283433736786613, 0.04991898607824559, 0.0, -0.9985043598259866]",[0.46633763744400003],"[1.3063799002415089, -0.6001458003264688, 1.3817645261681797]","[974.9132955119369, 1059.3918564877272, 968.5950452213885, 1037.7999304776595]"
10,0.1999999999999993,"[0.38406180876036267, -0.06980888107995518, 2.2001909344916606]","[0.24712465382123888, 0.0, 2.1534504062743656]","[-0.030537633368174163, 0.014541908019559754, -0.022072387462025212]","[-0.023916491993161086, 0.0, 0.028699562494509227]","[0.01718580573678656, 0.04504282294282943, -0.0005219913242790386, -0.9988371598739322]","[[0.995941895490244, 0.0005054257462204633, -0.08999883236483097], [0.002590963073507294, 0.9994089034499171, 0.03428461885895965], [0.08996294899884957, -0.03437866671014842, 0.9953517366024841]]","[-0.04731193744028641, -0.23843812251684954, 0.009970405314045186]",[0.468564757559266],"[0.02092942857698886, 0.0494165466775602, 0.0, -0.9985588487599442]",[0.46633763744400003],"[0.7985926482558183, -0.4419412514033296, -0.35619057474534443]","[968.5626638063029, 1067.060460497464, 950.6512463795611, 1060.162965510369]"
11,0.21999999999999886,"[0.38337829116850775, -0.06947178132764731, 2.2007794936056735]","[0.24662594533225735, 0.0, 2.1540488508255105]","[-0.044633508250607926, 0.01737850244480239, -0.03234779788792749]","[-0.0259058975820104, 0.0, 0.03108673688182715]","[0.017570678876792777, 0.046812479131344016, -0.0005837443650002615, -0.9987489702059841]","[[0.9956164852837989, 0.0004790259096717033, -0.09352834422000503], [0.0028110822433019328, 0.9993818441762611, 0.03504274182622441], [0.0934873170808708, -0.03515204790984287, 0.9949997092863835]]","[-0.04748267002265039, -0.2383940483965686, 0.005987120494740195]",[0.47397787857387663],"[0.01970962009483159, 0.04464438167733603, 0.0, -0.998808103738214]",[0.46633763744400003],"[1.322971271611863, -0.6787530041036374, -0.17003863088808657]","[959.6885384915789, 1079.9796984313807, 946.143820940613, 1069.4994036448486]"
12,0.23999999999999844,"[0.38249074535917177, -0.06900430330582592, 2.2014443432670716]","[0.24608856481848682, 0.0, 2.154693699233327]","[-0.04792541378543542, 0.019280997120783586, -0.018853890962262358]","[-0.02789529230296656, 0.0, 0.033473859104531364]","[0.018133270967906078, 0.04858013390190349, -0.0006087590006287123, -0.9986545269715053]","[[0.9952792797592287, 0.0005459535997757268, -0.09705161886786073], [0.0029777133270257787, 0.9993417075470915, 0.03615859909427168], [0.09700746370021052, -0.03627689346932981, 0.9946223899022794]]","[-0.04953017518885967, -0.13802031684229504, 0.004849829798399995]",[0.46937287209194],"[0.0194405465484662, 0.04712736277419787, 0.0, -0.9986996914797446]",[0.46652129093028655],"[1.7788998639446825, -0.20183508440652131, 1.430094119064897]","[990.1638453952722, 1022.4498121488638, 968.6644859357974, 1019.9491716083387]"
13,0.26000000000000156,"[0.3814476948223641, -0.06855129500396433, 2.202121720538528]","[0.24551044392646884, 0.0, 2.1553874325151217]","[-0.05848725326905008, 0.026807534686534098, -0.016570751453102092]","[-0.029884672803229477, 0.0, 0.03586091306768898]","[0.018671977830869255, 0.0497226332562575, -0.0006760169420510523, -0.9985883169879269]","[[0.9950544723240546, 0.0005067145708703943, -0.09933012646585873], [0.003206965052542735, 0.9993018673276943, 0.03722401114895798], [0.09927963617243765, -0.03735846451889647, 0.9943581008096336]]","[-0.043750527126828594, -0.08783983891154745, 0.00206282287805021]",[0.46906720965805365],"[0.015973759590068064, 0.04493445228732487, 0.0, -0.9988620798964082]",[0.466521371258],"[0.7712211359037886, -0.804740048330075, -0.871140320947827]","[971.6064948961822, 1029.6804083912828, 944.3023035841794, 1032.9845997032858]"
14,0.28000000000000114,"[0.38019523225650614, -0.06802294392350892, 2.202834888124347]","[0.24489271031318205, 0.0, 2.1561286964150574]","[-0.07294609342037787, 0.0226428827198636, -0.027320570017577553]","[-0.031874036212546156, 0.0, 0.03824788499586445]","[0.018920242614381896, 0.050518019088681705, -0.0007016445125500264, -0.998543705402006]","[[0.9948949446208888, 0.0005103809322382922, -0.100915450509576], [0.0033128717779850425, 0.9992831339650035, 0.03771448695278273], [0.10086234937195, -0.03785626971629662, 0.9941799780697586]]","[-0.03641599495995373, -0.10411398034547562, 0.0024348450686026363]",[0.474680059507392],"[0.018921359245298825, 0.040434411984083526, 0.0, -0.9990026646080234]",[0.466521371258],"[1.222978349777615, -0.923659085287776, -0.6611611384785938]","[954.9085042384986, 1061.4987423770683, 926.9229779079482, 1063.9951131117177]"
15,0.3000000000000007,"[0.3788325016009083, -0.06746476947928925, 2.2035040955425553]","[0.24423392825114373, 0.0, 2.1569192122149357]","[-0.0796648345864504, 0.029202625045737313, -0.020498809350482712]","[-0.033863378073170344, 0.0, 0.04063475349143104]","[0.0192050366164758, 0.05111169632998478, -0.0007617831036532846, -0.9985080137819282]","[[0.994774101202946, 0.000441910931572151, -0.1021001369117553], [0.0034844970666180466, 0.9992612453435228, 0.03827489387972643], [0.1020416166221574, -0.03843063798637939, 0.9940375949670596]]","[-0.019255633700195906, -0.033025285480596536, 0.003112507335773999]",[0.47297812394492267],"[0.016385019336468527, 0.04085517249241582, 0.0, -0.9990303698830507]",[0.466521371258],"[1.9635245745091725, -0.24836507922060036, 0.7777807685802074]","[974.0904701221219, 1029.9992833736787, 967.5769462804749, 1013.3630149763435]"
16,0.3200000000000003,"[0.3770429316235413, -0.06680681390074963, 2.2042716364942727]","[0.2435385997272554, 0.0, 2.1577535767269804]","[-0.08660722814199857, 0.031935828689011694, -0.017495998168711172]","[-0.03585269699900842, 0.0, 0.043021511902465615]","[0.01948179441931714, 0.05102740279098978, -0.0007848770994699946, -0.9985069296132869]","[[0.9947912169318949, 0.0004208002964203716, -0.10193301220253595], [0.0035556211872826383, 0.9992397279754897, 0.038825312978187095], [0.10187184894535073, -0.03898551393777141, 0.9940333683684244]]","[-0.0074643012546193425, 0.021092276050694192, 0.0007577784860961547]",[0.47280295044954973],"[0.015751966605827106, 0.04087956396590777, 0.0, -0.9990398765215203]",[0.466521371258],"[1.0788501035425668, -0.8748300806858778, -0.8142399631238]","[985.6807663860819, 1016.223850949176, 946.17076744268, 1033.3569260028871]"
17,0.33999999999999986,"[0.37535861061919684, -0.06619317275418463, 2.204916150242491]","[0.2427996657713901, 0.0, 2.158640257273087]","[-0.10229698170066479, 0.032333975388203894, -0.026927760396319826]","[-0.037841983651881544, 0.0, 0.045408115407009994]","[0.019417708360003925, 0.05106049631406966, -0.0008466523117396442, -0.9985064335801093]","[[0.9947842541948473, 0.00029218009173230617, -0.1020013482381274], [0.0036737312128423344, 0.9992445079666171, 0.03869095247120662], [0.10193558804744066, -0.03886387442017814, 0.9940315930392128]]","[0.001995769221330433, -0.009203098454909377, 0.0030136888055750095]",[0.47739454435906775],"[0.016155556614529352, 0.03600624477658486, 0.0, -0.9992197429061122]",[0.466521371258],"[1.1891945182837005, -0.9028200242709893, -0.8589230448220349]","[959.8292114253528, 1059.8021864544053, 929.9212186102217, 1059.947096819637]"
18,0.35999999999999943,"[0.37311848315161467, -0.06542147092490827, 2.2056727522991744]","[0.242024882601668, 0.0, 2.159569946070538]","[-0.10870967889793277, 0.034462243972915876, -0.022306694962316114]","[-0.039831238827902904, 0.0, 0.047794567827187766]","[0.019278212555714266, 0.05101938140050607, -0.0008841176014225912, -0.9985111645745669]","[[0.9947924363169777, 0.00020152236656533298, -0.10192093229027557], [0.0037327275498347107, 0.9992550919152717, 0.03840880667362482], [0.10185275546209768, -0.03858923520606434, 0.9940507006861574]]","[0.022550685310651287, 0.02494670993067926, 0.0078018632092229645]",[0.47666172603598667],"[0.0158585551986523, 0.03656374541291659, 0.0, -0.9992054723297101]",[0.466521371258],"[1.7013460356759633, -0.6173148987035162, 0.13347902293531178]","[951.2212016829795, 1064.0785344882202, 958.0988264213977, 1035.8819504319652]"
19,0.379999999999999,"[0.37096409874757635, -0.06467239397244685, 2.2063293728248423]","[0.24120791174986994, 0.0, 2.160550244739964]","[-0.11868030460603803, 0.03814722978773805, -0.02151287042517586]","[-0.0418204513935571, 0.0, 0.0501808157251725]","[0.018885086191985652, 0.05012899014370455, -0.0009715519342715696, -0.9985637068884263]","[[0.9949722636292452, -4.6932402679559365e-05, -0.10015067612497941], [0.0038336936010037975, 0.999284801973943, 0.037618517510878864], [0.10007728475690458, -0.03781332918022765, 0.9942608584946097]]","[0.041669473142234764, 0.10758570923242153, 0.003737118169751941]",[0.47748929092397463],"[0.014620318375196508, 0.03468310842744114, 0.0, -0.9992913437113414]",[0.466521371258],"[1.4562449038897873, -0.3970868655123342, -0.6289188604582243]","[995.8784891530794, 1028.8518492308415, 952.9931268778315, 1042.5021187137331]"
20,0.3999999999999986,"[0.3686906883985894, -0.06391371724339975, 2.2069769803912]","[0.24035036095369497, 0.0, 2.161579221096377]","[-0.12692914737464508, 0.04208121593247495, -0.023156960622770662]","[-0.04380961588646857, 0.0, 0.0525668328843579]","[0.018362728409529662, 0.04918458179135494, -0.00100967827980685, -0.9986203558959492]","[[0.9951596624681752, -0.00021024433150035565, -0.09827053004221876], [0.0038228968009841498, 0.999323529050872, 0.03657546755121811], [0.09819636825008639, -0.036774109966962565, 0.9944873217793484]]","[0.04548717284790349, 0.08765376671705097, 0.0011166657272519776]",[0.47935068713260093],"[0.013136719267121021, 0.033390828669687504, 0.0, -0.9993558584329477]",[0.466521371258],"[1.2380105366512724, -1.0770026441891347, -0.36394190011439065]","[991.3391484009256, 1037.1368208653064, 929.0197822251683, 1075.7964969469251]"
21,0.4200000000000017,"[0.3659385516157857, -0.06297947623962621, 2.2077661492036516]","[0.23945576753798356, 0.0, 2.162652628634598]","[-0.13890006101586955, 0.03867864848072118, -0.01816398848497367]","[-0.045798730108092815, 0.0, 0.054952608754365764]","[0.017949086357359454, 0.048319884024772004, -0.0010431263368144063, -0.9986701421599292]","[[0.9953283232380753, -0.0003488827118779661, -0.09654869722574294], [0.003818073796430871, 0.9993536062202822, 0.03574962576105391], [0.09647380456693846, -0.035951240735526135, 0.9946861600610565]]","[0.04841612854203995, 0.0901414284330632, 0.00747182314537841]",[0.4784221204828227],"[0.015773907245840095, 0.03025511696234075, 0.0, -0.9994175806897854]",[0.466521371258],"[1.3821020976037086, -0.5418135642509978, 0.19447245575197414]","[975.4609398349294, 1055.987760933696, 952.1654730456319, 1059.8797066525906]"
22,0.4400000000000013,"[0.3631144262837566, -0.06202006615624759, 2.2085600033163257]","[0.23852010365367007, 0.0, 2.1637752945776856]","[-0.1451131268716603, 0.047993409769676906, -0.013889983002358662]","[-0.04778778116954233, 0.0, 0.05733808147504205]","[0.017349825207536924, 0.04681514569407283, -0.0011271248674211644, -0.9987522610589183]","[[0.9956141671282098, -0.0006269678299501663, -0.09355257606638949], [0.00387590620938032, 0.9993954499914601, 0.03455082128024157], [0.0934743543886422, -0.03476188733977651, 0.9950146750796791]]","[0.06167709995114695, 0.16682274671764544, 0.00387478897913701]",[0.4780610917635482],"[0.011270866515039992, 0.03010304840745525, 0.0, -0.9994832236100022]",[0.466705476229],"[1.2887190777338393, -0.10010659582110415, -0.23333220003715027]","[999.4282411101748, 1039.7692439682278, 981.2485695902405, 1036.568485040044]"
23,0.46000000000000085,"[0.3602340926031366, -0.061083732487512275, 2.2094131581881533]","[0.237544283027109, 0.0, 2.164946118107248]","[-0.15649476508862187, 0.048310012038268194, -0.012259244396581256]","[-0.04977676171311353, 0.0, 0.05972321573571269]","[0.01673510705745632, 0.04525872829904464, -0.0011505376295392585, -0.998834495283608]","[[0.9959007365526008, -0.0007835740182736079, -0.09045046681631635], [0.003813212671748968, 0.9994373139106452, 0.033327060682556774], [0.09037344933470046, -0.033535348162449345, 0.9953432564098257]]","[0.045702093313402706, 0.14806176695125395, -0.0012500150616831557]",[0.47844733388063054],"[0.011494243711030595, 0.026693634431024283, 0.0, -0.9995774955671604]",[0.466705476229],"[1.5228955501039727, -1.3306482934435198, 0.561818781996589]","[1003.1122483910035, 1035.0651416000717, 949.6149093479456, 1071.2342598579683]"
24,0.4800000000000004,"[0.35726645938615414, -0.06011014742743031, 2.2103221620675257]","[0.23652805136625893, 0.0, 2.166165398575476]","[-0.15904638657183287, 0.04489322624053986, -1.981032407978936e-06]","[-0.05176566178586045, 0.0, 0.06210796377096954]","[0.016417783710003693, 0.043941450896268296, -0.0011577662693598961, -0.9988984922432839]","[[0.9961355498982507, -0.0008701394882301024, -0.08782411400692357], [0.0037558244351048255, 0.999458164868092, 0.0326976509284492], [0.08774808218213521, -0.03290114664714694, 0.9955991434998227]]","[0.0541672638409529, 0.14240294487700217, 0.005291717728442334]",[0.4747495744710834],"[0.013675993747626451, 0.028031936188030498, 0.0, -0.9995132834931539]",[0.466705476229],"[1.391410679195598, -0.39049940948948525, -0.015348517784584459]","[978.3191013882807, 1058.8665781552968, 957.814344193316, 1057.4189809664617]"
25,0.5,"[0.353842813439065, -0.059004505099606266, 2.2114015966931966]","[0.23547379729514914, 0.0, 2.1674302660301437]","[-0.17028738044885475, 0.05422285843456567, -0.006051885517403423]","[-0.05375447679032601, 0.0, 0.06449230352193963]","[0.01570523618168935, 0.04209813139786415, -0.001249379265911999, -0.9989892833876634]","[[0.9964524291511779, -0.0011739108022431686, -0.0841504078271273], [0.003818555187888162, 0.9995036255985162, 0.031273532212155425], [0.08407192064132069, -0.03148391834216395, 0.9959622421612327]]","[0.06315276373408317, 0.18535849811109392, 0.0021675282850333226]",[0.4785291353487623],"[0.008705694122243207, 0.023968538142240956, 0.0, -0.9996747921078701]",[0.466705476229],"[1.3876551298722477, -0.20118910738101103, -0.1354557128437648]","[999.400407254856, 1036.5444809085723, 982.6343436348811, 1031.2832063464257]"
26,0.5199999999999996,"[0.35048290830475354, -0.057939592139494345, 2.2125221947559197]","[0.2343787710318405, 0.0, 2.168744010696871]","[-0.17141754674273818, 0.05243219263821368, 0.007121811309371507]","[-0.05574319013818852, 0.0, 0.06687615537991468]","[0.01511246569579715, 0.04031725436145325, -0.0012587336759901939, -0.9990718826292643]","[[0.9967459478700759, -0.0012965445998283744, -0.08059771557367713], [0.003733717093773135, 0.9995401366297548, 0.030095381736164016], [0.08052162529568295, -0.030298376479316914, 0.9962923434521967]]","[0.04775109700122542, 0.17037664419292595, -0.001119885305742438]",[0.4742573083532445],"[0.010024134268863786, 0.025555106064153, 0.0, -0.9996231347331797]",[0.466705476229],"[1.688107082373136, -1.208951762958912, 0.7936829283744125]","[968.8024749783914, 1057.3006739053062, 977.3170518249253, 1024.8997753648978]"
27,0.5399999999999991,"[0.34704856725093514, -0.05682385469869441, 2.2137154368263676]","[0.2332441569019861, 0.0, 2.1701052051067675]","[-0.1782806178561809, 0.05138821260214256, 0.007126869120290812]","[-0.057731793109979467, 0.0, 0.06925947750816987]","[0.014308385354808545, 0.038277158085787494, -0.0013058446923661735, -0.9991638969836077]","[[0.9970663768654463, -0.001514137087003146, -0.0765276779350499], [0.003704874399716639, 0.9995871987447716, 0.028492876093857002], [0.07645293981876226, -0.028692812188757747, 0.9966603275432441]]","[0.07001360711815514, 0.16590143972480614, 0.0031708059983944176]",[0.4754667501403951],"[0.010722102926990447, 0.023560181885158384, 0.0, -0.9996649154011651]",[0.466705476229],"[1.103785208407478, -0.10009495242607847, -0.9018306296190204]","[977.410415856467, 1056.354518198755, 985.7901515289749, 1025.2151606004152]"
28,0.5599999999999987,"[0.343626246804184, -0.05574875490195081, 2.2149553781401363]","[0.23206880976780575, 0.0, 2.1715152130333513]","[-0.18339461123202325, 0.05995138733062173, 0.004157873084514278]","[-0.05972026968657015, 0.0, 0.07164219303771609]","[0.013867469652486348, 0.036445410642392366, -0.0013232763631888555, -0.999238508670962]","[[0.9973398849083048, -0.0016337261473131739, -0.07287201654602665], [0.0036553486515362903, 0.9996118073929647, 0.027617364688280986], [0.07279861456679315, -0.02781027409008014, 0.9969587735998463]]","[0.06384034779535194, 0.19226232609548574, 0.00046760211579564663]",[0.47775674134457685],"[0.006292800433077267, 0.022138767013977892, 0.0, -0.9997346232562596]",[0.466705476229],"[1.7284786853745224, -0.45656287229412434, 0.17628482767601028]","[1001.2200406353413, 1019.9788732836378, 962.3594801720685, 1038.8760772684548]"
29,0.5799999999999983,"[0.34025130732417985, -0.054693377521595254, 2.21620462273123]","[0.2308530145247356, 0.0, 2.1729736831076027]","[-0.18273704893692738, 0.05511922938602927, 0.015909509737162025]","[-0.061708606734890085, 0.0, 0.07402423895677304]","[0.013146348965129624, 0.03487173660466424, -0.0014102627484496098, -0.9993041763681574]","[[0.9975636365431096, -0.0019016908717542614, -0.06973202366494993], [0.003735434945454264, 0.9996500595885339, 0.026176046227479863], [0.06965786444005537, -0.026372759471909084, 0.9972219612429231]]","[0.05801234912451307, 0.16973865407138258, 0.0028820507360815518]",[0.4743948609826659],"[0.008908863121728457, 0.023790921799768532, 0.0, -0.9996765480140484]",[0.466705476229],"[1.5402922754473685, -1.0151347231974601, 0.31755360368910956]","[989.2071200495521, 1035.9711327221496, 967.9562088875102, 1039.0205012119238]"
30,0.6000000000000014,"[0.33656222367170074, -0.053524803089705704, 2.217625374399883]","[0.2295993172088938, 0.0, 2.1744775550427473]","[-0.18833316648426157, 0.0571612428848339, 0.012960526442027307]","[-0.06369679968244882, 0.0, 0.07640559333997413]","[0.012564919053057016, 0.03322573196752784, -0.0014213106952728318, -0.999367738949726]","[[0.997787785455427, -0.0020058668464586335, -0.06644516657034655], [0.0036757813770608577, 0.9996799296033633, 0.025019501311872413], [0.06637373195500515, -0.025208397664687274, 0.9974760713219922]]","[0.06674363700481131, 0.16498297931467235, 0.003859463164302007]",[0.4769401458621451],"[0.007771001552340074, 0.02167150768479209, 0.0, -0.9997344260160301]",[0.466705476229],"[1.1223725891321983, -0.3400705998100686, -0.7252415487257835]","[987.9435228625601, 1040.9862385768686, 982.6298539191521, 1030.7409261175396]"
31,0.620000000000001,"[0.3326061020115406, -0.05227958953829618, 2.2192361714471507]","[0.2283066053208035, 0.0, 2.1760281511549824]","[-0.19072175107255135, 0.05856814419053403, 0.0165808188028816]","[-0.06568483068690115, 0.0, 0.0787861705826405]","[0.011931712740497646, 0.03137384468285039, -0.001486805190992304, -0.9994353114196127]","[[0.9980267787614805, -0.002223243813517859, -0.06274773672695028], [0.003720618622800901, 0.9997106834840042, 0.023756656486865556], [0.06267677619719028, -0.02394324366740895, 0.9977464684029889]]","[0.05180108894579009, 0.17509707790525106, 0.0013607742455962269]",[0.47657151717966084],"[0.006865360758441686, 0.021128494681637838, 0.0, -0.9997531799838995]",[0.466705476229],"[1.7174236167017665, -0.5375564202108345, 0.91455162509126]","[999.862504505391, 1019.5221236502617, 974.1258574121833, 1028.1156807259306]"
32,0.6400000000000006,"[0.32883145489412624, -0.051100337774401816, 2.2208278994063786]","[0.22697283523010167, 0.0, 2.177627906012149]","[-0.1892826015072132, 0.05821374634781889, 0.029801225344853157]","[-0.06767267470827858, 0.0, 0.08116585054977718]","[0.011325280016823928, 0.029799628443667292, -0.001502989169621605, -0.9994905304867719]","[[0.9982193056683637, -0.0023294686118782554, -0.05960293642935588], [0.003679425157965628, 0.999738817444206, 0.022549443226234013], [0.059534849336523005, -0.02272859730147233, 0.9979672996863327]]","[0.06258353494824803, 0.15637907536164272, 0.0017108939542129036]",[0.47242735558280585],"[0.007037820004239414, 0.02264885049441875, 0.0, -0.999718634766458]",[0.466909189291281],"[1.1901918808629213, -0.8823196039136105, 0.0735573104710383]","[986.408624591071, 1042.8165993944558, 976.492921138722, 1033.985842277444]"
33,0.6600000000000001,"[0.3249259538089515, -0.049892637779911576, 2.222542762875959]","[0.2255999962167226, 0.0, 2.1792744240813215]","[-0.19536942998079393, 0.055219015798265915, 0.023266254304462764]","[-0.06966032365788474, 0.0, 0.0835445944595267]","[0.010831070132020667, 0.0286077447307292, -0.0015221555416611513, -0.9995308789861128]","[[0.9983585701108845, -0.002423177954025361, -0.05722162161987934], [0.003662587912015252, 0.9997607520676322, 0.021564887224485088], [0.05715567532618504, -0.021739068973190313, 0.998128579865461]]","[0.053774805718228375, 0.14559112785213107, -0.001326315888877302]",[0.4763821646425349],"[0.008265758655544471, 0.01949646862093967, 0.0, -0.9997755440498324]",[0.466921915694],"[1.3215058439987075, -0.7296940884422318, -0.09745894935476329]","[1014.7769652086606, 1012.0418847644953, 959.0523100012012, 1049.211590040354]"
34,0.6799999999999997,"[0.3209804574643339, -0.048652965372402004, 2.2243374486195506]","[0.22418752039994713, 0.0, 2.1809683705527796]","[-0.19156253574512896, 0.05673988292763354, 0.03678397264535627]","[-0.07164775716489212, 0.0, 0.08592230459915566]","[0.010496423747299082, 0.027191490544043385, -0.001525849134451447, -0.9995740466817412]","[[0.9985167443376067, -0.002479571573757019, -0.0543918483950148], [0.003621225202040841, 0.9997751488306547, 0.02090092529692599], [0.05432778455865619, -0.021066885746170286, 0.9983010509458032]]","[0.044711902465716824, 0.13900832671991034, 0.001584834852228138]",[0.4717377855883928],"[0.007167115744247293, 0.02198289035835844, 0.0, -0.9997326536377553]",[0.466921915694],"[1.7732505133913574, -0.060531510106206554, 0.9137806127516086]","[982.5428813128011, 1031.4127294764735, 982.4568078947761, 1017.3899904296969]"
35,0.6999999999999993,"[0.3172740094750141, -0.04752884715731367, 2.2260772368236887]","[0.22273393073018624, 0.0, 2.1827114957023395]","[-0.19146418556365563, 0.0612116428872878, 0.03808242425683523]","[-0.07363494709269383, 0.0, 0.08829884600864196]","[0.009891525110298591, 0.02562602379945994, -0.001533507593951999, -0.9996214967132935]","[[0.9986819342190215, -0.002558893396796063, -0.05126298598819807], [0.0035728152283539326, 0.9997996358725472, 0.019696966866869073], [0.05120231107270843, -0.01985415767526614, 0.9984909529720876]]","[0.048499375155004784, 0.12668285810459795, -0.002797237202539986]",[0.47225800289070274],"[0.004564001019014661, 0.0219534599016888, 0.0, -0.9997484430175766]",[0.466921915694],"[1.4876048129911086, -0.12388231541159334, 0.2970500225965367]","[1005.0924173305286, 1020.2200409009854, 959.5560978732643, 1046.8707484470267]"
36,0.7199999999999989,"[0.3142608989651595, -0.04657272068578075, 2.2278537478936205]","[0.2212418297238548, 0.0, 2.1845006689491644]","[-0.1896203677790073, 0.061932617055074045, 0.04514308742218297]","[-0.0756218888047611, 0.0, 0.0906741964947691]","[0.009288272487268918, 0.024495054313021403, -0.0015997814853574717, -0.9996555165234841]","[[0.9987948567350328, -0.0027434272960398707, -0.04900295075582059], [0.003653494252239049, 0.9998223280950329, 0.01849177219299776], [0.04894351393039624, -0.01864851913048895, 0.998627431325039]]","[0.042845483826480256, 0.10318012843060892, 0.003069117812841523]",[0.4702758851199504],"[0.003943865232311299, 0.022859354233540782, 0.0, -0.9997309024184988]",[0.466921915694],"[1.1589823359020162, -0.4326403863528607, -0.0929181837178028]","[998.9226682949216, 1011.6266620686204, 965.1486384468475, 1025.9867453241304]"
37,0.7399999999999984,"[0.31039274360033037, -0.04540152020293426, 2.229850160295062]","[0.2197097149677302, 0.0, 2.1863376680845685]","[-0.1927914060383263, 0.061101362322072965, 0.039862377437079786]","[-0.0776085519314583, 0.0, 0.0930482104085006]","[0.008945906723903014, 0.02349360104023643, -0.0015792538743512135, -0.9996827422347985]","[[0.9988911710365618, -0.0027371625605636103, -0.04700055074145436], [0.003577848814621794, 0.9998350111220119, 0.01781193241012566], [0.046944039310041125, -0.017960341851986684, 0.9987361006279356]]","[0.038577563208898075, 0.09983844516505731, -0.0001021728068031141]",[0.47356876710154067],"[0.00408837959318409, 0.020689689972678404, 0.0, -0.999777570916196]",[0.466921915694],"[1.0709186818866465, -1.3760468274989122, -0.42731083251284474]","[1004.5707568052259, 1004.6690892410071, 964.7577359168845, 1026.4731249602494]"
38,0.7600000000000016,"[0.3066783217010662, -0.04424317805967397, 2.2318422707177605]","[0.21813702723050304, 0.0, 2.1882231398605057]","[-0.19118164675955673, 0.051279319046130915, 0.04580071032373585]","[-0.0795949091074644, 0.0, 0.09542075653688932]","[0.008639360912083418, 0.022850555885536254, -0.0016392441818730114, -0.9997002248520915]","[[0.9989503431005258, -0.0028826771557381053, -0.04571573575775222], [0.0036723339530856237, 0.9998453617951434, 0.01719862681120047], [0.04565908766931128, -0.017348457374352186, 0.998806440229563]]","[0.03254782904514372, 0.08662126829540864, -0.001777130419048295]",[0.4722616640444962],"[0.008730332277327113, 0.021306050912266016, 0.0, -0.9997344481242736]",[0.466921915694],"[1.5096221969549704, -0.6189864683868036, 0.730251405864653]","[975.0028749970606, 1030.6659171573408, 979.5543356950168, 1007.9273880057117]"
39,0.7800000000000011,"[0.3027346104505026, -0.04305546690562686, 2.2339942687074075]","[0.2165259061476632, 0.0, 2.19015450620235]","[-0.18893000859485604, 0.058357775477093775, 0.05163318017737495]","[-0.08158095343790264, 0.0, 0.09779180188809261]","[0.008230925579788561, 0.02204774892154717, -0.0016674735876866947, -0.9997216588551902]","[[0.9990222596194, -0.0029710721612084792, -0.04411067395375676], [0.003696965683508952, 0.9998589698126151, 0.016383741071090422], [0.04405577454973071, -0.01653079722706893, 0.9988923242839313]]","[0.04387338195425093, 0.0569568957134101, 0.0032693155069094576]",[0.4708180222197829],"[0.004362946752356848, 0.022222244168086838, 0.0, -0.9997434551442792]",[0.466921915694],"[1.4378013152928595, 0.05557393768439994, -0.085899806412435]","[976.6905025341259, 1038.4851362906663, 982.9599676088926, 1013.2216374203142]"
40,0.8000000000000007,"[0.2994779280650857, -0.04211269530553853, 2.235866681524371]","[0.2148691035816643, 0.0, 2.192140391026341]","[-0.1868959199279449, 0.05521476743263828, 0.04894063886703172]","[-0.08356659379188991, 0.0, 0.10016090942377519]","[0.007880034211235967, 0.021652259188915515, -0.001662874119231464, -0.9997331280416989]","[[0.9990568367648898, -0.002983619603199308, -0.043319168626105305], [0.003666101775836118, 0.9998702875425173, 0.015683852539292793], [0.04326675460631121, -0.01582787246500535, 0.9989381771872221]]","[0.052732876883062246, 0.04863923307878786, 0.001809362107664718]",[0.47399716845767215],"[0.005483835617061003, 0.022681156817577992, 0.0, -0.9997265343656944]",[0.466921915694],"[1.4558923382888742, -1.3397978992020114, -0.04873738856797516]","[999.7266009731918, 1011.1662763329967, 963.5042124602278, 1028.8095194763916]"
41,0.8200000000000003,"[0.2949379629208509, -0.04078056241065915, 2.2384533143996768]","[0.21318266406643158, 0.0, 2.1941616302200746]","[-0.1842963027837264, 0.04864466696789218, 0.05576306922927797]","[-0.08555195617599158, 0.0, 0.10252868364940745]","[0.0074173173077788455, 0.02121738732768446, -0.0017051155997507722, -0.999745945609102]","[[0.9990938874136603, -0.003094612626788371, -0.042449288681440545], [0.003724117003794297, 0.9998842092715978, 0.014758509615259464], [0.04239869914764137, -0.01490322200773302, 0.9989896690599889]]","[0.05236106711565163, 0.04265447293774131, 0.0023724798797179077]",[0.47243842856921137],"[0.0079820163330389, 0.023431481382323115, 0.0, -0.9996929883116948]",[0.4669267333765922],"[1.3754744521678204, -0.06714813970409317, -0.2082438505233064]","[981.4472495513152, 1024.5324335457872, 972.9037092577871, 1015.988693480642]"
42,0.8399999999999999,"[0.29123208752022967, -0.0397114809990353, 2.2405023511023514]","[0.2114517534948615, 0.0, 2.196235889241902]","[-0.1827295047939369, 0.05770439216245787, 0.050125481382719654]","[-0.08753687162341266, 0.0, 0.10489431424604617]","[0.00696023667835462, 0.020868209506941245, -0.0017726736263909278, -0.9997565062878936]","[[0.9991228922197823, -0.0032539886285749674, -0.04175093291427309], [0.0038349793374621716, 0.9998969667665961, 0.013843098759731427], [0.041701580002300453, -0.013991068858223247, 0.9990322871741164]]","[0.04146626861403615, 0.024345143997333785, 0.0055583588772537915]",[0.47611708759574617],"[0.0025829488803311763, 0.023583711541358646, 0.0, -0.9997182429688592]",[0.467051324574],"[1.4227471095880824, -0.22895289335769137, -0.6959398460781756]","[980.5328011379509, 1036.034586290477, 979.3977529272549, 1022.0000601269892]"
43,0.8599999999999994,"[0.2879452174028301, -0.038779396565777856, 2.242402728819027]","[0.20968033809530207, 0.0, 2.198358406438465]","[-0.17933029938934517, 0.04921231397972999, 0.05462953953691005]","[-0.08952134833727522, 0.0, 0.10725784072767339]","[0.0068591794717326555, 0.020714813038556074, -0.001786672810990953, -0.9997603380432986]","[[0.9991354861885201, -0.003288315986268484, -0.0414442071907968], [0.0038566624676878588, 0.999899596460914, 0.01364104998823669], [0.041395186752925396, -0.013789092361199684, 0.9990477739019363]]","[0.02716827185506713, 0.017650713709189955, 0.002239968262495279]",[0.4754660928746132],"[0.006324629425399677, 0.02476285079665928, 0.0, -0.9996727380100722]",[0.467051324574],"[1.5904058303175992, -1.2797761787050097, 0.35372347531643555]","[997.5839259600418, 1015.5700800586891, 959.5302700147224, 1038.3029330217123]"
44,0.879999999999999,"[0.2840437416731716, -0.03765829762093153, 2.24473047316647]","[0.20787143965963736, 0.0, 2.2005255507401444]","[-0.17610643410160087, 0.04731352754856085, 0.059666153317685613]","[-0.09150539012859353, 0.0, 0.10961928154328245]","[0.006539733011293047, 0.020601212274373722, -0.0018389778692929175, -0.9997647319326155]","[[0.9991444955373759, -0.0034076375770805373, -0.041216783782510015], [0.0039465432890140465, 0.9999077792160056, 0.013000618494986182], [0.0411686780853946, -0.013152159188798897, 0.9990657230008655]]","[0.01960791501740277, 0.016738273485267723, 0.002163267292885571]",[0.47458013370503666],"[0.006638525353275895, 0.025970431872861764, 0.0, -0.9996403521857705]",[0.467051324574],"[1.2027174024253344, -0.19261998201364217, -0.20249924110773065]","[995.1521238073624, 1026.690158522391, 983.0205393206588, 1025.5146020902032]"
