,t,p,p_d,v,v_d,q,R,w,T_sp,q_sp,hover_throttle,fa,pwm
0,0.0,"[-0.76587722289849, -0.0957521732990065, 2.1735368477167145]","[0.249892655805899, 0.0, 2.150128813027553]","[-0.03801524123826886, 0.03502221121056548, 0.003867884752753981]","[-0.004515609740608976, 0.0, 0.005418731605732357]","[0.009721613916010025, -0.14840175760408988, -0.0015145208114241023, -0.9888781949467044]","[[0.9559492187849129, -0.005880762396189102, 0.29347307719970867], [0.00010994402865203501, 0.9998063625506151, 0.019676499143152133], [-0.2935319715460944, -0.018777468941778893, 0.9557647867772254]]","[0.024727807717775333, 0.0058454475578383685, 0.0032533673112860708]",[0.5756856121172763],"[0.0037727819137200235, -0.23673433472832356, 0.0, -0.9714880929376828]",[0.48438758815899996],"[-9.046718838173565, -0.606555658073282, -3.525148831959843]","[963.5430867924409, 1198.1147980540866, 954.7270744213015, 1157.3897412600659]"
1,0.020000000000003126,"[-0.7666662573190982, -0.09532741434740459, 2.173691590023502]","[0.24977826138464812, 0.0, 2.150266086327547]","[-0.03721486618778344, 0.031129282393384722, 0.01704812705965563]","[-0.006505046408304455, 0.0, 0.007806055171556825]","[0.009301940610518748, -0.14845681187163626, -0.001548531911979976, -0.9888738906076189]","[[0.9559162746823978, -0.005824478447573217, 0.29358132158165906], [0.00030073265854555723, 0.9998220724663354, 0.018856672624917442], [-0.29363893898917404, -0.017937112181981296, 0.9557480183863194]]","[0.02971635380469323, 0.015882259071921343, -0.0002832846877709515]",[0.5853670270938864],"[0.013173481988822074, -0.25264931350607966, 0.0, -0.9674340717161934]",[0.48438758815899996],"[-9.202252138181683, -0.5910589101744785, -4.020104581213392]","[952.9065376750492, 1271.592306193404, 939.1834998142018, 1238.6638643832641]"
2,0.03999999999999915,"[-0.7675769592587411, -0.09504139453608476, 2.1738633995906604]","[0.24963506528624846, 0.0, 2.150437921633094]","[-0.032557787486737794, 0.030061990231677327, 0.019214430243555704]","[-0.00849448296716859, 0.0, 0.010193378214980257]","[0.00889600758705751, -0.14870719764332405, -0.0016094443424158871, -0.9888399504711067]","[[0.9557671656566679, -0.0058287664446512, 0.2940666006464811], [0.0005371650107109148, 0.9998365490165512, 0.01807212731940021], [-0.2941238711628054, -0.017114783487705936, 0.9556140683768725]]","[0.04273891147938354, 0.021048525801063457, -0.002574019517821261]",[0.6075088454777314],"[0.023147008341347593, -0.25916710362732487, 0.0, -0.9655466119223004]",[0.48438758815899996],"[-9.391577121946973, -1.0121549410569588, -5.16858666512843]","[937.5106218179503, 1424.3841611819962, 941.0624746510297, 1389.2906120686223]"
3,0.060000000000002274,"[-0.7683071797643192, -0.09466076904019528, 2.1744032982428187]","[0.2494422516378043, 0.0, 2.150669297957604]","[-0.03445410804291789, 0.023911503620207185, 0.020935480541644402]","[-0.010483919003565904, 0.0, 0.012580698750435902]","[0.008585994778534901, -0.150456945971822, -0.0015439716648520223, -0.9885768184258402]","[[0.954718168795624, -0.0056363142973748625, 0.29744998485247937], [0.00046902408734137736, 0.9998453153652855, 0.017440433325091147], [-0.2975030109830899, -0.016511228279648488, 0.9545754978799537]]","[0.034546922117825264, 0.18963370802224783, -0.009625013082674827]",[0.6131250177285567],"[0.01670934449360703, -0.265186168527515, 0.0, -0.9640264079333082]",[0.48438758815899996],"[-9.948040971158393, -1.7147445839657798, -4.532915825855934]","[1004.422796054385, 1437.1327869407412, 989.2502734474648, 1398.4546560339247]"
4,0.0799999999999983,"[-0.7689754348171907, -0.09447737788994792, 2.1751927769914925]","[0.24921330468865163, 0.0, 2.1509440341715265]","[-0.03177257381844054, 0.01579076998555863, 0.03675236653620825]","[-0.01247335432565068, 0.0, 0.014968015857256134]","[0.008225502974664185, -0.15445308262741012, -0.0015284997755955474, -0.9879610477639071]","[[0.9522765997532698, -0.005561105060804178, 0.305162113326981], [0.0004792878984129175, 0.9998527914211166, 0.0167251160787408], [-0.3052124040447847, -0.015780790070196653, 0.9521459545780254]]","[0.034492320232122314, 0.4410047049542867, -0.01587372549390946]",[0.6156713312186788],"[0.021699544139514533, -0.27020599537434775, 0.0, -0.9625457624836755]",[0.48438758815899996],"[-8.784844494309116, -0.7236028129377936, -1.518102165086134]","[1088.43288674938, 1431.6229991773544, 1023.1008312129799, 1437.655331784748]"
5,0.10000000000000142,"[-0.7694466529603124, -0.09438308883545984, 2.1765939979238067]","[0.24894394325479485, 0.0, 2.1512672676189877]","[-0.01437578503122408, 0.02063467160898337, 0.07844535885142351]","[-0.014462788356139053, 0.0, 0.017355326764536785]","[0.007955648349720625, -0.1598414487728595, -0.0014978929250729549, -0.9871063820616846]","[[0.9488907694185511, -0.005500444048262623, 0.31553719498459604], [0.0004138746156756097, 0.9998627622288356, 0.016184993269396028], [-0.3155848618221057, -0.01522729176839492, 0.9487686721036522]]","[0.01703580274718432, 0.6360137689248295, -0.013485597280074433]",[0.600409809841597],"[0.01918668957858368, -0.2738668004332853, 0.0, -0.9615696882515464]",[0.48438758815899996],"[-6.9559595691662, -0.24016904126532979, 1.5490077774286348]","[1129.716670845925, 1421.5257467448685, 1057.5734292505297, 1443.6849555029687]"
6,0.11999999999999744,"[-0.7696095299221353, -0.0942893475733323, 2.17867306527491]","[0.248634792718415, 0.0, 2.151638247722653]","[0.012280959660747302, 0.019479746965724194, 0.1221839682963345]","[-0.016452220406206017, 0.0, 0.019742628165755876]","[0.007819397421262577, -0.1662909970178634, -0.0014103289898349056, -0.9860355145255324]","[[0.9446724941646084, -0.0053818597288055985, 0.3279156017652129], [0.000180678155762943, 0.9998555995909353, 0.01588945714679422], [-0.3279597134566779, -0.014951357091422847, 0.9445541862682643]]","[0.00019019682470892106, 0.8062148002048172, -0.013243433920127903]",[0.5812673425889539],"[0.02039610724717034, -0.27420289295791184, 0.0, -0.9614453945246546]",[0.48438758815899996],"[-7.319550680882305, 0.12208228886854922, 1.1465639019864575]","[1157.733182946504, 1405.9448125711017, 1101.3854483617515, 1419.0439985579633]"
7,0.14000000000000057,"[-0.7694211005849191, -0.09425118257532059, 2.181499194523036]","[0.24828585475377454, 0.0, 2.1520569722994916]","[0.028534466877429145, 0.027990618471519714, 0.14935839747832855]","[-0.018441649556031604, 0.0, 0.022129915645676443]","[0.00807444598582975, -0.17559062733043215, -0.001366453173492882, -0.9844162449571672]","[[0.9383066044129773, -0.0055259114759144065, 0.34568646530791164], [-0.0001452766680757364, 0.9998403478696106, 0.01637710433486254], [-0.3457305987172778, -0.015417358855057439, 0.9381799454455719]]","[-0.04209307874438449, 0.9967656849164311, -0.008231251284576597]",[0.5709903048398332],"[0.016287055163523134, -0.2733865271417877, 0.0, -0.9617634410384023]",[0.48438758815899996],"[-8.393484423953565, -0.4774012259361542, 1.3419019803713006]","[1169.0758764400555, 1369.0939422740955, 1119.2233254041355, 1374.7688334428383]"
8,0.1599999999999966,"[-0.7686778181238917, -0.09421951040916592, 2.1852061529061317]","[0.2478971274991679, 0.0, 2.152523443334269]","[0.04945950591693034, 0.018664407051415526, 0.1857409628587508]","[-0.020431074635392208, 0.0, 0.024517183587572187]","[0.008860266427704133, -0.18610238036786414, -0.0013007412408641494, -0.9824749014194759]","[[0.930699648334018, -0.005853724590558927, 0.3656587857837991], [-0.000741942100997919, 0.9998108316488485, 0.017894120852552754], [-0.3657048854395894, -0.016925836687882886, 0.9305460235472295]]","[-0.08840370649407715, 1.0925747489914017, 0.001334086370861954]",[0.555731743986311],"[0.020093888588009264, -0.2722524252001154, 0.0, -0.9620151027827596]",[0.48439124818960444],"[-6.983187805326553, -1.7986351921126087, 2.8846425619620604]","[1163.1744253659244, 1313.1874006081352, 1108.2911614199459, 1313.781619673608]"
9,0.17999999999999972,"[-0.7674455307980992, -0.09417661568297395, 2.1895076511791087]","[0.24747230002645237, 0.0, 2.1530332337440248]","[0.08554525252417082, 0.011994395564803103, 0.21572775955205073]","[-0.02242049488662831, 0.0, 0.026904428354462627]","[0.009908278022531771, -0.19916930314654413, -0.0012488571235096484, -0.9799070308144785]","[[0.9206459920530241, -0.006394377409879443, 0.39031005290425735], [-0.0014993219066400422, 0.9997864667380405, 0.01991585060112495], [-0.3903595489986179, -0.018920914589048893, 0.9204527633945104]]","[-0.1199902005098754, 1.1261878418148832, 0.010950817553724537]",[0.535167398226913],"[0.023461006957320892, -0.2649492546736329, 0.0, -0.9639653261552213]",[0.484397459188],"[-6.698759593449946, -1.4370173161041033, 2.6666641645557263]","[1154.681818409386, 1267.0389305867675, 1126.3287543021531, 1230.63304518668]"
10,0.20000000000000284,"[-0.7653985153431446, -0.0941429836516193, 2.194421530487981]","[0.24699404896926655, 0.0, 2.15360713037105]","[0.11454179890015642, 0.006440126629699592, 0.2321482874177084]","[-0.02440990507606459, 0.0, 0.029291624825132843]","[0.011096194278389392, -0.20946438563664438, -0.0012353528624490999, -0.9777266270580257]","[[0.9121956278388959, -0.0070641898097130364, 0.40957039908386755], [-0.0022328402599976938, 0.999700034484242, 0.02221561406673519], [-0.40962522994532397, -0.021180564353225705, 0.9119524289773578]]","[-0.13996802661535504, 1.134943692335598, 0.018204874446775123]",[0.5239108089632794],"[0.02574365708076167, -0.26019557779017444, 0.0, -0.9652098036608429]",[0.484397459188],"[-7.875062465046883, -0.923017995053405, 1.8435415372602115]","[1164.4636614813962, 1207.113678473603, 1108.3074431254697, 1199.3698705414602]"
11,0.21999999999999886,"[-0.7629943488336068, -0.09412799809947622, 2.1994748366747086]","[0.2464922156773527, 0.0, 2.1542093243429687]","[0.14198848188470328, 0.008832245906640626, 0.2387094496724197]","[-0.0263993093654279, 0.0, 0.03167879297559303]","[0.012663346821647225, -0.22110360519911118, -0.0012990899420246707, -0.9751362231429458]","[[0.9021625221714924, -0.008133402591483666, 0.4311793673413238], [-0.003066243953127963, 0.9996154099301306, 0.02527144332333972], [-0.4312451706472773, -0.024122509444701484, 0.9018451767353967]]","[-0.14309496498360644, 1.0917815771277422, 0.021662738041195864]",[0.5172919685797759],"[0.024856503631929445, -0.2557806919033231, 0.0, -0.966403394544979]",[0.484397459188],"[-8.086735478106933, 0.4102220864337499, 1.0601171917670698]","[1164.0156645301238, 1156.271142672275, 1093.3438328816321, 1167.6781139459747]"
12,0.240000000000002,"[-0.759887563503834, -0.09410308502960672, 2.2046161665067414]","[0.24594433540370683, 0.0, 2.1548667715417498]","[0.1728850530116459, 0.020579963139928062, 0.2344088850118519]","[-0.02838870040399619, 0.0, 0.03406589752249369]","[0.014190258926862964, -0.23262120717881132, -0.001380564248882792, -0.972460122954274]","[[0.8917655221976803, -0.009286997681923202, 0.45239051434144334], [-0.003916822965063864, 0.9995880473595125, 0.02824121892586633], [-0.4524688765980706, -0.026956624837214237, 0.8913666072161481]]","[-0.1339865616951765, 0.9977815176393118, 0.023161623722206304]",[0.5102337057183736],"[0.020421874443650005, -0.2482037512228901, 0.0, -0.9684852093758705]",[0.484397459188],"[-8.388382912183147, 0.433762721704985, 0.6003302371323791]","[1160.3459010921722, 1099.104175021401, 1095.7995708511341, 1109.4704826936324]"
13,0.259999999999998,"[-0.756153551081745, -0.09403073561344642, 2.2095838969950736]","[0.24535666760024877, 0.0, 2.155571959963757]","[0.202229989223478, 0.0243370337907219, 0.2244902146050925]","[-0.030378076713319647, 0.0, 0.03645293136955]","[0.015066595574418919, -0.2388540727760137, -0.0014263009217479721, -0.9709271702381509]","[[0.8858732697928577, -0.009967104067359695, 0.4637768389622339], [-0.004427766795916395, 0.99952180135183, 0.029938489580713788], [-0.46386279695885546, -0.02857577844405905, 0.8854233338570903]]","[-0.1309757248533314, 0.9331428481085531, 0.025937564564484126]",[0.5055039308834842],"[0.01920028239458235, -0.24220582019686557, 0.0, -0.970032928469784]",[0.484397459188],"[-8.320267940682236, -0.8799140045031077, 0.3767634401922386]","[1156.3036121876057, 1049.518302417979, 1098.357856475803, 1052.8156451387965]"
14,0.28000000000000114,"[-0.7517979201511908, -0.09394427196982527, 2.214198964519887]","[0.2447292124453574, 0.0, 2.1563248882242094]","[0.23598267481817156, 0.02106755686553887, 0.20773340183721495]","[-0.0323674349881121, 0.0, 0.03883987865205093]","[0.01662181238960815, -0.24710342732843224, -0.0016290085208940286, -0.9688383368979163]","[[0.8778612502240167, -0.011371105432115756, 0.4787523930012761], [-0.005058121807413735, 0.9994288885247017, 0.03301276532087455], [-0.47886070129733754, -0.03140263096623401, 0.8773139882673084]]","[-0.12847751128805682, 0.7996125506441268, 0.035071759443293216]",[0.505462309707054],"[0.021158015456509315, -0.23772210139365899, 0.0, -0.971096608890419]",[0.484397459188],"[-8.931560170361518, -1.3616206188728515, -1.4479312256470749]","[1109.1466709388897, 1066.042175154548, 1080.6426633141473, 1041.6894270146063]"
15,0.29999999999999716,"[-0.7469034100925387, -0.09386818593605423, 2.218321019425582]","[0.24406565856731627, 0.0, 2.157121129317468]","[0.2625192915769187, 0.019045669281887362, 0.17003220283776957]","[-0.03435677392299695, 0.0, 0.04122673310458285]","[0.018167530199549524, -0.2547231755816058, -0.0018474427182666368, -0.9668396588542141]","[[0.8702216758639099, -0.012827743744771192, 0.49248580942041154], [-0.005683020194844724, 0.9993293499135618, 0.036071350352516164], [-0.4926200633059157, -0.034189004448908204, 0.8695683836460013]]","[-0.1275984990622691, 0.6057258923693574, 0.046254185096240755]",[0.5123218485495791],"[0.021614710369541434, -0.23135701159135558, 0.0, -0.9726262006121298]",[0.484397459188],"[-10.042351663112417, -0.9523395510180211, -3.3314898726176274]","[1092.1259957181671, 1061.329926097473, 1067.1883900809398, 1036.2881661092822]"
16,0.3200000000000003,"[-0.741311010005625, -0.09376247294597319, 2.221411793463886]","[0.24334868428955442, 0.0, 2.157981463690947]","[0.28973935860486927, 0.02074020231268404, 0.12920382686663517]","[-0.03634607719751197, 0.0, 0.04361341639093879]","[0.019475117404510526, -0.2599241948595336, -0.0021785477864842647, -0.9654229096091632]","[[0.8648553414523072, -0.014330548307825059, 0.5017886900103938], [-0.005917668536824094, 0.9992179552032219, 0.0387359635780151], [-0.5019583999060464, -0.03647093446055533, 0.8641062731973843]]","[-0.09263445078198833, 0.4205995371529964, 0.03979870032647438]",[0.5188045991962139],"[0.021149613452858207, -0.22553983605792488, 0.0, -0.9739952958821874]",[0.484397459188],"[-10.25592701209765, -1.0541759982043404, -3.461454420230403]","[1089.047276406824, 1062.2406505616043, 1067.774388839946, 1040.6469589616859]"
17,0.3400000000000034,"[-0.7354056516845863, -0.09365583392830808, 2.224029269982411]","[0.2426081270116002, 0.0, 2.1588700912967838]","[0.3174917994453226, 0.018341345988206633, 0.08772356526660696]","[-0.03833536144647722, 0.0, 0.046000008357236694]","[0.020313726489902983, -0.26321430291585657, -0.0024010881875094676, -0.9645204882072588]","[[0.8614248851715108, -0.015325524217016995, 0.5076536258056321], [-0.006061929213635741, 0.9991631287226583, 0.040450012289729505], [-0.5078487260005089, -0.03792200927567029, 0.8606111206526661]]","[-0.06255538986984631, 0.26484233662012, 0.03323979140781377]",[0.5256615921352303],"[0.022366549600006544, -0.2200060544825284, 0.0, -0.9752373666012962]",[0.484397459188],"[-10.876190136677204, -1.7036912886928073, -4.327128195323478]","[1085.3903290684848, 1071.4857677482655, 1062.1779608595502, 1057.8822723416306]"
18,0.35999999999999943,"[-0.7288772538635817, -0.09354792746701047, 2.2256970726463345]","[0.24182152727861975, 0.0, 2.1598139557356846]","[0.341381330606615, 0.013444210111512544, 0.03890535952296553]","[-0.04032460484403656, 0.0, 0.04838640424294595]","[0.020658887771220436, -0.2642666561389255, -0.0025702982281593342, -0.9642246756912548]","[[0.8603125428760185, -0.01587560033265301, 0.5095186626178674], [-0.005962220430746046, 0.9991326946818291, 0.04119810695876505], [-0.5097310606284038, -0.03848113048662316, 0.8594721764540942]]","[-0.038878883667455864, 0.1407436535428152, 0.02783872720836669]",[0.5356643146997407],"[0.0242325957973919, -0.21421681311707721, 0.0, -0.9764806995418459]",[0.48482301368525416],"[-11.680078663044778, -1.7264108258178972, -5.241700744750052]","[1092.8549817971355, 1084.2393424527108, 1067.5468342948418, 1076.2104843575323]"
19,0.38000000000000256,"[-0.7217946747632077, -0.09340676293859099, 2.2265186006265045]","[0.24099514308857853, 0.0, 2.1608055461276954]","[0.36586749309687094, 0.011976154370728225, -0.00400505659510021]","[-0.042313806151272684, 0.0, 0.050772598102970815]","[0.021049543973680546, -0.2650362355757107, -0.0028229603114654804, -0.9640045691609306]","[[0.8594957173915876, -0.016600477068364733, 0.5108734401219716], [-0.005715090513113985, 0.999097963124875, 0.04208008668702484], [-0.5111111282308202, -0.03908733959050306, 0.8586254889984279]]","[-0.01907265801382712, 0.01695372769972757, 0.026450999883900674]",[0.5438386170130277],"[0.024892861032432715, -0.20807764512224447, 0.0, -0.9777908171246414]",[0.485544957139],"[-10.081236208992236, -0.6979617775773331, -1.962513381752224]","[1120.9350033712963, 1084.475587038164, 1091.540513269481, 1084.8881570013023]"
20,0.3999999999999986,"[-0.7141807482168625, -0.09319607988640069, 2.2265891226049552]","[0.24013266372631797, 0.0, 2.1618404341797164]","[0.41155509845316646, 0.01935920817425216, -0.010169154496662846]","[-0.04430296409116458, 0.0, 0.05315858380912102]","[0.02111460194542831, -0.2645967372004388, -0.002946750690374131, -0.9641234653051763]","[[0.8599597660906262, -0.016855772538080592, 0.5100834074205409], [-0.005491646590104881, 0.9990909799342345, 0.04227356762836379], [-0.5103322852919796, -0.039154765156299245, 0.8590854799392608]]","[-0.0045305038636191, -0.08270577586381414, 0.025016996678977145]",[0.5392539377371947],"[0.022889933522568275, -0.20077049159488491, 0.0, -0.9793674873215794]",[0.485544957139],"[-9.008803797153906, -0.7154504012908254, -0.45340896618843374]","[1142.8078399405422, 1091.2306553993333, 1102.0889259661744, 1110.145069635689]"
21,0.4200000000000017,"[-0.7057254226835904, -0.09297900230241078, 2.225737058390894]","[0.23921676803210876, 0.0, 2.162939391139385]","[0.44676496463726445, 0.018048482453891283, -0.03658342292380838]","[-0.046292046005357544, 0.0, 0.05554420461314013]","[0.02118673464831144, -0.2626306659274738, -0.0031263290899256565, -0.964657334250607]","[[0.8620280096294584, -0.017160245030785053, 0.506564722762414], [-0.005096899887273813, 0.9990799875503591, 0.042518017716221386], [-0.5068296695818203, -0.039233738153038954, 0.8611498020464994]]","[-0.003470798824089907, -0.2051284911562143, 0.02489086625141902]",[0.5416819147363439],"[0.023361876155882713, -0.19439709875887495, 0.0, -0.9806338399219567]",[0.485544957139],"[-10.719205673210803, -1.576212949549978, -3.345978062390312]","[1148.518871999504, 1117.1132009477994, 1108.0766420304724, 1136.6034065791775]"
22,0.4399999999999977,"[-0.6969100864995894, -0.09274769789668268, 2.2245343532663515]","[0.23827729344399354, 0.0, 2.1640666262591886]","[0.47252081597738743, 0.016427019868456315, -0.07253086970770703]","[-0.04828108899830921, 0.0, 0.05792963860859757]","[0.021220362637396, -0.2600825231935043, -0.003297868817074189, -0.9653462309539429]","[[0.8646898545980115, -0.017405261381116446, 0.5019994030592239], [-0.00467092045014402, 0.9990750847584857, 0.042685430269183866], [-0.5022793309481393, -0.03925455809676054, 0.8638109988945556]]","[-0.0015072215468014056, -0.3050014082175498, 0.025616816158560055]",[0.5484104932558521],"[0.023998788947594437, -0.18884834733869454, 0.0, -0.9817099072448414]",[0.485544957139],"[-11.719361534503268, -1.1767994121360754, -4.412952542658374]","[1136.9323616267534, 1139.8737051270634, 1109.0853689305554, 1146.3200931262277]"
23,0.46000000000000085,"[-0.6873985950890132, -0.09244798781605909, 2.2226939635635445]","[0.23729178206949944, 0.0, 2.1652490698781373]","[0.4960456667601654, 0.019915820291961393, -0.10668144099786758]","[-0.050270050075851336, 0.0, 0.06031467944086949]","[0.021308152095996104, -0.2556561123811365, -0.0035575031760994797, -0.9665210040575422]","[[0.8692441850034613, -0.017771921737179786, 0.49404239722661114], [-0.004018315570373529, 0.9990562059076417, 0.043008547980436226], [-0.49434561250164444, -0.039370558253295676, 0.868361421969665]]","[-0.0017226542259954837, -0.39621443404721535, 0.032468867648592234]",[0.5529472965770857],"[0.02276343238017714, -0.1835631841737754, 0.0, -0.9827395928179775]",[0.485544957139],"[-10.488701201849388, -0.39046716697256123, -2.370259746670996]","[1108.8955988962755, 1158.9063584982637, 1107.5736646798662, 1139.3182788589738]"
24,0.4799999999999969,"[-0.6773557908210834, -0.09210848028768356, 2.220405880302998]","[0.2362701798748181, 0.0, 2.166474789441959]","[0.534651535967492, 0.027607279188778824, -0.11305831020715952]","[-0.05225893828326978, 0.0, 0.06269937052870403]","[0.0213889355634, -0.251580544687, -0.00377804350052, -0.9675926810100001]","[[0.8733860388309557, -0.018073294597911738, 0.4866933707893242], [-0.003450865639349528, 0.9990566066319003, 0.04329251949490469], [-0.4870166041052776, -0.03949059052805669, 0.8724996129272687]]","[-0.006552467496890001, -0.478262664108, 0.038772697504300006]",[0.5514339729857631],"[0.02110424466159762, -0.17561869306398378, 0.0, -0.98422873373317]",[0.485544957139],"[-9.01659872623933, -0.7054004259030421, -0.13369099547541552]","[1109.7494152135673, 1178.8805811048205, 1119.6546780838232, 1150.96119527908]"
25,0.5,"[-0.6666459927835829, -0.09170490210529939, 2.2177459904073378]","[0.23520382880168084, 0.0, 2.167754159358839]","[0.5712437456000741, 0.027617936242350472, -0.1195299927180125]","[-0.05424772422871227, 0.0, 0.06508357081210231]","[0.021563580188642434, -0.2471444721060639, -0.003981894968754946, -0.968728949240579]","[[0.877804519507181, -0.018373393143014276, 0.4786602817249267], [-0.002943885426740971, 0.9990353237112469, 0.04374673541608656], [-0.47900373737077273, -0.039810322095947634, 0.8769062545011613]]","[-0.0010997138617811252, -0.5264825909389262, 0.03577934940355784]",[0.5517747835457796],"[0.021775512240728618, -0.16656575707682175, 0.0, -0.9857853668461027]",[0.485544957139],"[-10.43865721158378, -1.556324856840684, -1.8894100548191268]","[1150.6890569132281, 1165.6560930796697, 1127.9570020683177, 1171.7118397308564]"
26,0.5200000000000031,"[-0.6553929345650908, -0.0912748094975654, 2.2147882518923843]","[0.23409898728670883, 0.0, 2.1690796688498035]","[0.5911892798389217, 0.0263145996751476, -0.14175613935161455]","[-0.05623641069896692, 0.0, 0.06746729367584112]","[0.021450777970951483, -0.24147241372284747, -0.004148370791557766, -0.9701596993124385]","[[0.8833438424761979, -0.018408706585305447, 0.4683556370176311], [-0.0023103779462087092, 0.9990414239033558, 0.04362479482874197], [-0.46871158014079467, -0.039617926396522715, 0.8824579886855283]]","[0.020688757006859005, -0.6013846949958029, 0.02561265115210385]",[0.5580809545936536],"[0.022436718321439158, -0.16163516813621515, 0.0, -0.9865943538808394]",[0.485544957139],"[-11.175371924700297, -0.8020418513747517, -2.949077074641096]","[1140.2478539022034, 1172.992637367674, 1103.2552165345292, 1190.1055203702865]"
27,0.5399999999999991,"[-0.6437445379087445, -0.090767803820519, 2.211598700582467]","[0.2329543727484316, 0.0, 2.170452847919002]","[0.615202523875691, 0.03379795212749061, -0.15656363350722788]","[-0.05822498320330455, 0.0, 0.06985046958304961]","[0.021368180223031427, -0.23234109837177983, -0.004366917841444301, -0.9723841893241526]","[[0.8919861548095944, -0.01842205665664652, 0.4516629949989423], [-0.0014367691962545396, 0.9990377285427167, 0.04358539018257059], [-0.45203624734876297, -0.03952693223144863, 0.8911110965003743]]","[0.014919279613198421, -0.6665337483195672, 0.028574613343292754]",[0.5625313888827762],"[0.02071525973088597, -0.1555159058260795, 0.0, -0.9876135354878339]",[0.485544957139],"[-10.905953338006958, -0.9676241367381067, -3.365224613311085]","[1132.386813568195, 1182.1906314659732, 1076.2827419850457, 1214.0259865310686]"
28,0.5600000000000023,"[-0.6316092582046292, -0.09020714452143051, 2.2082844662386245]","[0.23176998847773547, 0.0, 2.1718736839770325]","[0.6332983511783441, 0.03179580634802033, -0.17527756184363727]","[-0.06021342922729107, 0.0, 0.07223303848659461]","[0.021132258202921823, -0.22811874546522665, -0.004441702252218583, -0.9733931268961962]","[[0.895882861073983, -0.018288373348253388, 0.44391071150636013], [-0.0009942835721376952, 0.9990660404657308, 0.04316646087205208], [-0.44428616430177764, -0.039113518690027375, 0.8950291738382677]]","[0.030205738305174385, -0.7000715047603642, 0.023292299770533154]",[0.5673186183888547],"[0.021450928025931754, -0.14969531803590744, 0.0, -0.9884974629904522]",[0.485544957139],"[-10.046353447955028, -0.8654372393911988, -1.2119329843414768]","[1122.1192881780437, 1192.01100610262, 1090.3151222945019, 1202.424192486268]"
29,0.5799999999999983,"[-0.6189248930377486, -0.08955655595635831, 2.2049379534221814]","[0.23053974799106863, 0.0, 2.173349457176531]","[0.6660628250270244, 0.040412209179893244, -0.15852379200195316]","[-0.06220171077508321, 0.0, 0.07461481806126068]","[0.021278048385997558, -0.22123268324330625, -0.004588613986142228, -0.9749653091302146]","[[0.9020451538371449, -0.01836227838418705, 0.4311931093151903], [-0.00046732057027351614, 0.9990274434209774, 0.04352102081372756], [-0.43158365631687745, -0.03946041527563953, 0.9011817539075389]]","[0.0043912294014272005, -0.7497325963283706, 0.0352459690303536]",[0.5622522504474624],"[0.01907143145131174, -0.14371716930661826, 0.0, -0.9894251326858713]",[0.48563129836400004],"[-9.059987265803136, -0.8822232636817329, 0.7567978193334923]","[1123.4354562623985, 1209.526219495516, 1091.0785603680317, 1224.8942889926557]"
30,0.6000000000000014,"[-0.6058512375210703, -0.08880280483379177, 2.2015895997022747]","[0.2292806360509524, 0.0, 2.1748598144235864]","[0.6888323376190607, 0.03903829597229396, -0.1551813192809889]","[-0.06418988218861821, 0.0, 0.07699606910446567]","[0.021289133017768688, -0.21368371186071164, -0.004787631594606907, -0.9766537977851498]","[[0.9086222177819473, -0.01844999908960451, 0.417186168375468], [0.00025343522747152403, 0.999037220841794, 0.04363030300702848], [-0.4175938664788987, -0.03953814744639959, 0.9077616062452222]]","[0.004524308040127567, -0.7678791404715999, 0.033310672114977]",[0.5610418379037895],"[0.019635442980128474, -0.13697206062331363, 0.0, -0.990376106067457]",[0.48563129836400004],"[-10.001481615194601, -0.42178819540523904, -2.4395792541361594]","[1138.8402238199792, 1216.3900809941192, 1117.2866161988156, 1227.9842923426168]"
31,0.6199999999999974,"[-0.5922666409158863, -0.08794441641601582, 2.198332599779853]","[0.22797824226670854, 0.0, 2.1764220031710493]","[0.7064881830738292, 0.05318610205766211, -0.16659169735740437]","[-0.06617786978676193, 0.0, 0.07937643805200217]","[0.021703645404988394, -0.20606795059854088, -0.005042584236105912, -0.978280478963707]","[[0.9150143158256644, -0.018810974901671856, 0.40296562190084967], [0.0009212719851782649, 0.9990002199056989, 0.044542735242610716], [-0.4034033917415906, -0.040386275245591303, 0.91412307468949]]","[-0.018584100663627725, -0.7766626315385893, 0.043028062181541586]",[0.5676224680925473],"[0.01592668273313943, -0.13269538123860308, 0.0, -0.9910269390343057]",[0.48563129836400004],"[-9.440737849757996, -0.37757959877156255, -0.07720780238296499]","[1135.718669240395, 1234.9629028500137, 1100.928510346738, 1244.8775656371392]"
32,0.6400000000000006,"[-0.5784179132605975, -0.08699495698755007, 2.1953762963465127]","[0.22663480514924234, 0.0, 2.17803332972842]","[0.7298051047423163, 0.053598917456418246, -0.1330875363992448]","[-0.06816566656019739, 0.0, 0.08175589129678615]","[0.02229331555171336, -0.19443932901550884, -0.005364754381790849, -0.9806375949944005]","[[0.9243116513771119, -0.019191154304202408, 0.38110983563160566], [0.0018523650345777937, 0.998930972876538, 0.04580956517882376], [-0.3815882282807685, -0.041637088209510065, 0.9233752287196892]]","[-0.02306525847902648, -0.8400991597730691, 0.048249522069599364]",[0.5590593568633314],"[0.016337060056668136, -0.12479776182687138, 0.0, -0.9920434654059832]",[0.48563129836400004],"[-9.055679336144236, -0.28785124045904364, 0.48672039375671616]","[1094.8905509758267, 1261.1998957015223, 1083.4058413193684, 1246.0359971655655]"
33,0.6599999999999966,"[-0.5642120724843187, -0.08593721909627028, 2.1927152333611737]","[0.22525161575510216, 0.0, 2.1796922337730127]","[0.7418730508653744, 0.06859337257838578, -0.13594349887513477]","[-0.07015326040133069, 0.0, 0.08413437077385988]","[0.022601681839535735, -0.1857769450103667, -0.005625775938324645, -0.9823119987054625]","[[0.9309029761704031, -0.019450277220980028, 0.3647275403373392], [0.002654791603999092, 0.9989074507212216, 0.04649408545806817], [-0.3652361483287733, -0.04231352758952904, 0.9299446028362683]]","[-0.013165036962939003, -0.8296097167559436, 0.04738876958404663]",[0.5608672615651513],"[0.012305350690082522, -0.11850788377419405, 0.0, -0.9928735056341169]",[0.48563129836400004],"[-8.824071144555582, -0.7252857172954764, 0.033119033662138975]","[1102.6563638446294, 1256.229932400013, 1083.0285703724487, 1247.8507224192604]"
34,0.6799999999999997,"[-0.5496053268011228, -0.08481546143390334, 2.1903694456926606]","[0.22382867644991608, 0.0, 2.1813986971945654]","[0.7609537956706355, 0.0642634600051969, -0.1024814415095851]","[-0.0721406330240284, 0.0, 0.08651178877834412]","[0.02257488763794987, -0.18120181286253748, -0.005718836342786916, -0.9831692147299915]","[[0.9342645282708686, -0.019426388802943503, 0.35604588394370723], [0.0030639465422850932, 0.9989134711364767, 0.046462396128796234], [-0.3565622922951402, -0.04231734207768762, 0.9333106873453677]]","[0.0021038575359234087, -0.8213113242706528, 0.03854119193831059]",[0.5531056451190504],"[0.014244510671398663, -0.11343929846741496, 0.0, -0.9934409260782852]",[0.48563129836400004],"[-8.983005550858694, -0.732218909753079, 0.7973675439259154]","[1085.9719834852203, 1290.8428459847946, 1119.6257591724172, 1223.2205836430148]"
35,0.7000000000000028,"[-0.5347580291257649, -0.08358480230325371, 2.18846328020042]","[0.22236599206483992, 0.0, 2.183152697589412]","[0.7649023536929918, 0.07791321768095104, -0.09901101204312407]","[-0.07412776508640732, 0.0, 0.0888880525505138]","[0.022537379172496885, -0.16984650423278733, -0.006023748440649846, -0.9851852706564564]","[[0.9422138304330258, -0.019524806609770903, 0.3343890294799698], [0.0042132263417012025, 0.9988936335132924, 0.04645321322993122], [-0.33493206749055643, -0.042360762769842894, 0.9412705346036484]]","[0.028557397904754638, -0.8413818316062059, 0.03504135163728302]",[0.5536950819297537],"[0.010399650270992895, -0.10747198084027124, 0.0, -0.9941502374606588]",[0.48563129836400004],"[-8.993146619177331, -0.8460368122318339, 0.9810391093877655]","[1092.9605525697555, 1249.9549321873371, 1069.410266850361, 1248.9143765858075]"
36,0.7199999999999989,"[-0.5197292589747815, -0.08230625067336532, 2.1870437053218947]","[0.2208635676141885, 0.0, 2.1849542109143507]","[0.774695393320895, 0.07003230423950518, -0.05830084605422575]","[-0.07611463614991894, 0.0, 0.09126306408146725]","[0.022373263632771895, -0.16460897481999234, -0.006107967054647098, -0.9860852239705875]","[[0.9457312100058758, -0.019411632102109305, 0.3243636452915341], [0.004680272142237308, 0.9989223133372904, 0.04613474175074924], [-0.3249102659202297, -0.04211303697035026, 0.944804698677794]]","[0.04213202589492879, -0.8409468819754257, 0.027948893409380123]",[0.5442407683714624],"[0.013174895285354224, -0.10255516133498532, 0.0, -0.9946379207021377]",[0.48563129836400004],"[-9.026049574781158, -2.4126310340212926, 2.4371199119605933]","[1057.6565418812293, 1284.7705001524678, 1078.7332470538202, 1240.1686447448972]"
37,0.740000000000002,"[-0.5044677481335907, -0.0809061447433497, 2.186276354733403]","[0.21931532894815692, 0.0, 2.186810472097888]","[0.7705000205726621, 0.06684205736778547, -0.04387844725459149]","[-0.07810117638137444, 0.0, 0.09363648841502448]","[0.021575782956697234, -0.15268266104965897, -0.00633503989981701, -0.9880049427355709]","[[0.953267153564376, -0.019106597379009348, 0.30142908068236485], [0.005929605554775698, 0.9989601147143972, 0.04456846190873317], [-0.3019758144659668, -0.04069945890969386, 0.9524163902050515]]","[0.06798516170715078, -0.8374141766792115, 0.020684958053970012]",[0.5436660889846194],"[0.014944076197367543, -0.09950325205322981, 0.0, -0.9949222195169595]",[0.48563129836400004],"[-9.355860962390523, -1.0581236096035913, 0.18166858468156732]","[1048.1114261832352, 1261.2844882777217, 1045.6738556211333, 1246.1835398801686]"
38,0.759999999999998,"[-0.489133027997265, -0.0795087522503593, 2.1857982455507763]","[0.21773823529345687, 0.0, 2.1887012052010313]","[0.7691953531271012, 0.07296382281928805, -0.021152647260117577]","[-0.08008749776841106, 0.0, 0.09600886285709659]","[0.02084320681065832, -0.1445363277640451, -0.006437569231069913, -0.9892529121103937]","[[0.9581235710479258, -0.018761969359974533, 0.2856976071189657], [0.0067115670750181825, 0.999036192594653, 0.04309933130309718], [-0.28623432546633015, -0.03937748083755456, 0.9573375771028317]]","[0.08967905446958815, -0.8201020522704198, 0.01303138843482543]",[0.5397439804082061],"[0.013410094433448837, -0.09621759448098323, 0.0, -0.9952688038681546]",[0.48563129836400004],"[-7.5781325338074454, -0.2655285681849008, 3.4172117504657855]","[1035.0442020953535, 1262.6132651155526, 1057.272879240021, 1224.9370020979936]"
39,0.7800000000000011,"[-0.47380333906081445, -0.07795300300516514, 2.186058503490878]","[0.21611183287992825, 0.0, 2.190650808073867]","[0.7756534656647782, 0.07994113621169394, 0.025743430977756016]","[-0.08207340596160664, 0.0, 0.0983792551810523]","[0.020000369851398442, -0.13745747419256743, -0.006515720884746138, -0.9902784929981432]","[[0.962114496658818, -0.01840315716246668, 0.2719817271344068], [0.007406355871705059, 0.9991035814932332, 0.04140314130241862], [-0.2725029944445805, -0.037820603160974756, 0.9613993763077284]]","[0.09897738766314387, -0.806570995742343, 0.010106159100278603]",[0.5236936021351503],"[0.011347090695659074, -0.08850043419202773, 0.0, -0.9960104894805732]",[0.48620530169299997],"[-8.590522255395735, -0.257046070551581, 2.9426151928943405]","[1034.4455976899294, 1250.6905334775845, 1019.8961652447654, 1249.5171670777838]"
40,0.7999999999999972,"[-0.4585383365576433, -0.07638967598992731, 2.1867254403669185]","[0.2144552996614687, 0.0, 2.1926363726674487]","[0.7562040938984158, 0.08614742113006724, 0.037780313622086115]","[-0.08405904990526387, 0.0, 0.10074837993055857]","[0.01939580785530998, -0.13229204985576928, -0.006552978734357986, -0.99099690076527]","[[0.9649069267033963, -0.01811978559263415, 0.2619478221730808], [0.007856140873483793, 0.9991569048887587, 0.040176184923760704], [-0.26245622343872693, -0.03670855696604277, 0.9642404150392619]]","[0.10943081924017767, -0.7980999358637125, 0.005039722612629257]",[0.5227141379417273],"[0.009658458310614074, -0.08990260090137116, 0.0, -0.9959032988116816]",[0.48620530169299997],"[-8.578528278998807, -0.3279744436488905, 2.2751060612948493]","[1031.8820732733793, 1252.483480677545, 996.2506329015195, 1273.673884412715]"
41,0.8200000000000003,"[-0.4441205801848666, -0.07487569165981797, 2.187923370309799]","[0.2127546853527372, 0.0, 2.1946745136369077]","[0.756617518240263, 0.09064771132337085, 0.07683477715371939]","[-0.08604427187352413, 0.0, 0.10311548067279869]","[0.018126233011084646, -0.1219737472044706, -0.006617979454795348, -0.9923358146484891]","[[0.9701375366980884, -0.017556365193329346, 0.24183791752043401], [0.008712666941075874, 0.9992356060659444, 0.03758905990917321], [-0.2423177536710748, -0.03436018089707885, 0.9695680113558723]]","[0.09495451789907063, -0.759980814790837, 0.005897246635251467]",[0.5129870137361301],"[0.008013023714178011, -0.08298751088834322, 0.0, -0.9965129171085408]",[0.48620530169299997],"[-7.950194426324638, -1.0413258975480153, 3.443532824558151]","[1000.0718222497197, 1257.946099117287, 997.8193052275369, 1243.012685981171]"
42,0.8400000000000034,"[-0.42964219379260027, -0.07318208357837439, 2.189868364004517]","[0.21100954314788287, 0.0, 2.1967657264726226]","[0.7325543541283289, 0.08669360356362978, 0.09478716892848922]","[-0.08802903126516937, 0.0, 0.10548036285373744]","[0.017314085612746846, -0.11494251839299698, -0.006588948777635322, -0.9931952977875022]","[[0.9734814803272918, -0.01706847509462238, 0.22809257432108818], [0.009107976678618067, 0.9993054902751296, 0.03590723756426855], [-0.2285489008140241, -0.032877836100013096, 0.9729687536980693]]","[0.08898618573315316, -0.7167545199264583, -0.0006256636497977794]",[0.509806444069599],"[0.009356972749114668, -0.0843995513706682, 0.0, -0.9963873219736573]",[0.48620530169299997],"[-9.759327663331494, -1.4834999724133484, 1.6298097340353905]","[986.264516270979, 1215.243734589763, 958.7386620049285, 1220.399407140228]"
43,0.8599999999999994,"[-0.41532303843079243, -0.07150721133109207, 2.192235385915218]","[0.2092319256599484, 0.0, 2.1988956286371883]","[0.7073604799022498, 0.08545884746600818, 0.11513143078395185]","[-0.09001343674637884, 0.0, 0.10784354773544569]","[0.01670359846660772, -0.1103334926948218, -0.006557563394510562, -0.9937300856088488]","[[0.9755620119979922, -0.016718828785610266, 0.21906435247057468], [0.009346963348039469, 0.9993509508150015, 0.03464477441416398], [-0.2195024920940196, -0.031750698922627725, 0.975089994869871]]","[0.09477147150863047, -0.6993287274325978, -0.004963697626690504]",[0.5064816143401283],"[0.009439776541109167, -0.08636017505186425, 0.0, -0.9962187974989399]",[0.48620530169299997],"[-9.048091080781651, -0.5392877410762829, 3.3451265826668326]","[956.4123425233506, 1221.4672136447089, 943.8887876370737, 1206.6852400034318]"
44,0.8800000000000026,"[-0.40152362248192935, -0.06995105040974563, 2.1951217640144867]","[0.20741359499082362, 0.0, 2.2010739953502165]","[0.6849281886143231, 0.09065241454335941, 0.14865869168535462]","[-0.09199736214145669, 0.0, 0.11020443041702237]","[0.015733444761745905, -0.10389308482716024, -0.0064725125918261815, -0.9944394071204056]","[[0.9783216092238999, -0.01614223539130099, 0.20642708552019606], [0.009603850946278962, 0.999414072805565, 0.03263681356115942], [-0.20683442519752887, -0.029947016362169575, 0.9779103134942607]]","[0.11277721284964022, -0.6828319908253987, -0.011069302475501596]",[0.49889945975729744],"[0.0076306219668704645, -0.08816245123028857, 0.0, -0.9960762856879286]",[0.48620530169299997],"[-8.591325697634364, -0.7288356331509062, 3.376699351783234]","[947.704232649069, 1218.9640649267335, 920.2715672036102, 1215.1509373541505]"
