,t,p,p_d,v,v_d,q,R,w,T_sp,q_sp,hover_throttle,fa,pwm
0,0.0,"[-0.19107648219540257, -0.06443976229328013, 2.1134059710331132]","[0.24974690058449403, 0.0, 2.150303719289063]","[-0.18170452139321264, -0.006755809103771173, -0.1428321782080841]","[-0.007026186974226543, 0.0, 0.008431423772030388]","[0.008882826996283004, -0.08528067544739762, -0.0104006724944394, -0.9962630572666413]","[[0.98523801629662, -0.022238678526129308, 0.16973919814515087], [0.019208544581627737, 0.9996257942752569, 0.019473217511841046], [-0.17010874764280332, -0.0159253120101092, 0.9852965550424013]]","[-0.004808119491025045, -0.10330332062250294, -0.011523593785518984]",[0.4983762159648212],"[0.01054801301464365, -0.09161960525559859, 0.0, -0.9957373421796002]",[0.457924784172],"[-4.791547119478442, -0.5497070817787689, -1.8761762648102653]","[940.420305724103, 1145.1070247717557, 956.9153441325283, 1143.9693562069426]"
1,0.01999999999999602,"[-0.19462087001450537, -0.06465534578842916, 2.1106304846728]","[0.24958118334331494, 0.0, 2.1505025799518456]","[-0.17692361130056455, -5.52759824117465e-05, -0.13943509165213763]","[-0.009015623312558497, 0.0, 0.010818745757000547]","[0.009003687068821643, -0.08432429378672084, -0.01032048082409819, -0.9963439027470089]","[[0.9855651400749046, -0.02208395539212535, 0.16784614717621366], [0.019047037177905284, 0.9996241803584964, 0.019682071940588016], [-0.16821783669517348, -0.016201002912462115, 0.9856160319621192]]","[-0.007131349801852356, -0.10509289347459372, -0.008895389781224195]",[0.4985847245048941],"[0.009371848504443715, -0.09119550348229179, 0.0, -0.9957888168520773]",[0.457924784172],"[-4.740090724415159, -0.5558352587319587, -1.8968351401037609]","[943.1094637352893, 1147.3392526771215, 954.1550523595852, 1153.14226470015]"
2,0.04000000000000625,"[-0.19815989311441762, -0.06487321200627297, 2.1079342767342615]","[0.24939092366721954, 0.0, 2.150730891514557]","[-0.17036910512326836, -0.0005064214802764313, -0.12479744557423303]","[-0.011005059405138231, 0.0, 0.01320606656241475]","[0.00907386816130601, -0.08316496489959002, -0.010220472661871195, -0.9964420692485177]","[[0.9859582630034945, -0.021877473710062722, 0.16555266098409555], [0.018858962001508637, 0.9996264156101771, 0.019783138433843484], [-0.16592361787001575, -0.016383197433116534, 0.9860025089595411]]","[-0.007927194763194518, -0.09380917596532706, -0.005935311716517988]",[0.4972030478799453],"[0.009574506340121556, -0.09072759730602556, 0.0, -0.9958295682121594]",[0.457924784172],"[-4.777691409143481, -0.9722019935212478, -0.17136168602990764]","[934.5373477470873, 1156.7284124390544, 959.6003884916536, 1149.198834525039]"
3,0.060000000000002274,"[-0.2017200243479987, -0.06505149968477664, 2.105550250062439]","[0.2491462801176018, 0.0, 2.1510244636037]","[-0.17742733910514358, -0.0040953116249985, -0.11484889248843475]","[-0.012994494336842672, 0.0, 0.015593381795187008]","[0.009199150195960303, -0.08199529341833066, -0.010143178176129275, -0.9965384806049697]","[[0.9863474554845186, -0.02172470877532483, 0.16323631300071062], [0.018707560697256594, 0.9996246630413793, 0.019998000059770638], [-0.16360954747873702, -0.016671228576786126, 0.9863839748828884]]","[-0.014322404544170303, -0.11154249030066847, -0.002892987792259191]",[0.4968635287104926],"[0.010347037794025186, -0.0926445455870582, 0.0, -0.995645066810893]",[0.457924784172],"[-5.075798370282247, -0.5794826308774016, 0.12105023913371937]","[922.3322324168112, 1168.5719887108128, 963.0630732621158, 1147.871110037963]"
4,0.0799999999999983,"[-0.2052703480424035, -0.06519437741916706, 2.103295567914557]","[0.24887080544181991, 0.0, 2.1513550329123756]","[-0.1752659731403406, -0.001400379921854019, -0.09675282059159142]","[-0.014983928148432685, 0.0, 0.017980691651613038]","[0.009492769340843669, -0.08034296519347234, -0.009993693765852376, -0.9966720464884548]","[[0.9868904149500778, -0.021446224908664126, 0.15996143942109298], [0.01839551596169987, 0.9996201737227199, 0.020528201672331235], [-0.16034091074022205, -0.01731650971079484, 0.9869099374407322]]","[-0.02521746797085026, -0.10130550894070124, -0.005030695983673612]",[0.4950643342414068],"[0.009953680975064279, -0.09308534006432374, 0.0, -0.9956083656659599]",[0.457924784172],"[-3.8637211600109462, -0.5710945344664695, -0.26273775233780583]","[942.8762305628326, 1141.4966741918265, 953.1986163219825, 1150.9230162809024]"
5,0.09999999999999432,"[-0.20887173631429928, -0.06545731297066425, 2.101293475454625]","[0.24855123277140762, 0.0, 2.1517385194953986]","[-0.17236421206683944, -0.005693329698551216, -0.09148431869083104]","[-0.016973359636773485, 0.0, 0.02036799035652228]","[0.00964826776766872, -0.07991213588699857, -0.009992955400616744, -0.9967051114441421]","[[0.9870283596301355, -0.02146208682230429, 0.1591048391909896], [0.018378032082607926, 0.9996140804123465, 0.020830072421007956], [-0.1594904980289717, -0.01763583878146075, 0.9870418998035796]]","[-0.020227678945964486, -0.0901868296672882, -0.003560744535938386]",[0.49504403283122933],"[0.010866249602524239, -0.09306048387134674, 0.0, -0.9956008961014753]",[0.457924784172],"[-5.405396750369505, -1.7035566456573763, -0.08737006549190696]","[942.2768094428104, 1143.2282196542828, 935.9631393998934, 1165.1557983429864]"
6,0.12000000000000455,"[-0.21246965526640366, -0.06556396510711275, 2.0995746578025543]","[0.2481918380369836, 0.0, 2.1521697920701066]","[-0.18630616460746455, -0.013702911152133538, -0.07166428363866792]","[-0.018962787965300657, 0.0, 0.022755273894237128]","[0.00973412353418165, -0.07827365918338039, -0.009897521191963247, -0.9968353257198103]","[[0.9875506931161976, -0.021256248458345728, 0.1558592097067633], [0.018208546586491903, 0.9996147182381521, 0.020956066808665703], [-0.1562445844826223, -0.01785720600650564, 0.9875571086457309]]","[-0.0116541541402808, -0.1101886561047415, -0.004488277943029742]",[0.4934510858982662],"[0.012500255324083191, -0.09653134419679875, 0.0, -0.9952513487249117]",[0.457924784172],"[-4.876080921750511, -0.08796072555306828, 0.2610847619160417]","[920.649301336917, 1166.696404578216, 935.3312490827597, 1168.1780303535904]"
7,0.14000000000000057,"[-0.21598309475330732, -0.06575739011847408, 2.098164576055086]","[0.2477930228573351, 0.0, 2.152648368432725]","[-0.18005369526124365, -0.0008987489646761042, -0.06407528783936864]","[-0.020952211967833943, 0.0, 0.025142536667685917]","[0.009926584946484875, -0.07742417069571418, -0.009832173221944913, -0.9969003525699714]","[[0.9878176762046477, -0.021140509117616137, 0.15417316632259787], [0.01806627868832753, 0.9996096064430864, 0.021314127781624472], [-0.1545635659333826, -0.0182691363502417, 0.9878139452877808]]","[-0.0059231352106984304, -0.07624604560737669, -0.003356015273527898]",[0.4928587550625755],"[0.010169161884846588, -0.09595562721020533, 0.0, -0.9953336158483297]",[0.457924784172],"[-4.417748921556318, -0.11408435335883804, -0.7007501490747039]","[937.3812974705057, 1142.7385256515267, 948.3340918559946, 1149.75577548553]"
8,0.1599999999999966,"[-0.21971482565006914, -0.06591768929019025, 2.096955737186986]","[0.24735410093814222, 0.0, 2.1531750717539873]","[-0.1895960598286975, -0.008226135971652265, -0.05226822814804323]","[-0.022941630008716324, 0.0, 0.027529770824957858]","[0.010047224491878828, -0.07699061487673281, -0.009800252286592615, -0.9969330971398692]","[[0.9879529471689038, -0.02108747571251836, 0.15331205360992736], [0.017993307746781078, 0.9996061632871183, 0.02154187615968036], [-0.15370591494912914, -0.018523766361712872, 0.9879431436186852]]","[-0.008973825402756659, -0.05188346474247429, -0.002277575682775453]",[0.4929430119163643],"[0.011663717708153694, -0.09843614592306942, 0.0, -0.9950749406669878]",[0.4586018814641992],"[-4.888951645548501, -1.141641441374417, 1.54064590840769]","[927.7022250112939, 1148.2332634393267, 948.4037636228088, 1149.0881724335188]"
9,0.18000000000000682,"[-0.22351949263387816, -0.0660142341229765, 2.096036808491594]","[0.2468753742391697, 0.0, 2.153749539189371]","[-0.1883539912539899, -0.005533757880998779, -0.021439553835579297]","[-0.024931040288040305, 0.0, 0.02991696772660246]","[0.01004249021872936, -0.07642250163527482, -0.009754015159132946, -0.9969772758436051]","[[0.9881290005904109, -0.020984007374105336, 0.15218708578332163], [0.017914118473453033, 0.9996080948832115, 0.02151512156080836], [-0.15257890419063735, -0.01853341660301103, 0.9881175789942735]]","[-0.021150767115416656, -0.060436898833756435, -0.002403986495249721]",[0.4892853251245851],"[0.011311284382985391, -0.09947960074120853, 0.0, -0.9949752983902965]",[0.458613298093],"[-4.559592896722623, -0.00085038388152614, 1.1851635747228215]","[920.6799112818261, 1150.3082878738344, 919.9913924718317, 1174.8647875074257]"
10,0.20000000000000284,"[-0.22750860623204738, -0.06616999306633749, 2.0951666340242205]","[0.24634707738447628, 0.0, 2.1543834878348624]","[-0.1969180040551653, -0.0016704944098087544, -0.016215638813131678]","[-0.026920437641563013, 0.0, 0.032304102585085544]","[0.010158295169256443, -0.07616204153920052, -0.009749707458887343, -0.9969960830590344]","[[0.9882086672288499, -0.020988193292261002, 0.15166843337236222], [0.01789348729766753, 0.9996035984501963, 0.021740676237570034], [-0.15206459499708733, -0.01877044573965471, 0.9881923988984262]]","[-0.016947062614731688, -0.014815344182675431, -0.0011012843776757625]",[0.48945551579739666],"[0.01065219046043156, -0.10165477373289092, 0.0, -0.9947613499897491]",[0.458613298093],"[-5.647213270729413, -0.39426352185230973, -1.0480264078222525]","[935.476824237851, 1134.2621351221749, 920.7230776929563, 1171.0930535208079]"
11,0.21999999999999886,"[-0.23156245782279666, -0.06628430707291884, 2.094368390285494]","[0.24579391310615145, 0.0, 2.1550472752899807]","[-0.20702087223092003, -0.0024194445742913113, -0.010848830657100654]","[-0.028909826600263307, 0.0, 0.03469119714867749]","[0.010289941859909016, -0.07607477341788264, -0.009750416774422834, -0.9970014193038814]","[[0.9882352712195772, -0.021007968716759407, 0.15149265169826298], [0.01787674873485635, 0.9995982477137809, 0.0220016947714557], [-0.15189397658513776, -0.01903465178407914, 0.9882136466671665]]","[-0.01634472857839818, 0.012282304610686405, 0.0010187182226452146]",[0.48967288534484715],"[0.010870476468525358, -0.10412360020880107, 0.0, -0.9945038182934048]",[0.458613298093],"[-4.82779660177596, -0.6891138765085598, -0.46403621688922314]","[929.0666184178533, 1133.3907402480224, 916.1910657878569, 1168.0530510831097]"
12,0.23999999999999488,"[-0.2356981200468028, -0.06637182892606788, 2.0937271300288467]","[0.24519582282599606, 0.0, 2.155764969498627]","[-0.20742746618557023, -0.002152291438447154, -0.0010779005920481342]","[-0.030899198498993207, 0.0, 0.03707820982526304]","[0.010509922622182482, -0.07618731841877371, -0.009749716738549656, -0.9969905189946767]","[[0.9882009889744735, -0.021042195945181197, 0.15171113072527107], [0.017839304659689637, 0.9995890870031122, 0.022442195966672674], [-0.1521210057993125, -0.019470976872061754, 0.9881701859803889]]","[-0.016695397673381428, 0.013333923684429995, 0.0025741748358992416]",[0.48899884797350474],"[0.01090969505165948, -0.10493368346883761, 0.0, -0.9944190029054703]",[0.458613298093],"[-4.569944690306977, -0.5996279040605483, 0.27666012094454473]","[909.6425612732678, 1146.495460969025, 911.4215365299659, 1166.1579817557692]"
13,0.2600000000000051,"[-0.23988773933926044, -0.06646893761451367, 2.0933456772370516]","[0.24455794517716634, 0.0, 2.156530403214507]","[-0.2150331352069106, -0.002145192600358346, 0.011961038943813895]","[-0.03288855141863646, 0.0, 0.039465131403594846]","[0.010738963937285696, -0.07658936935389912, -0.009776069295409097, -0.9969569673568655]","[[0.9880770170789478, -0.021137621745785196, 0.15250264109445263], [0.017847659843901287, 0.9995782293821112, 0.022910055803132982], [-0.15292258051689986, -0.019915083874751383, 0.9880375094477925]]","[-0.015568257882883385, 0.03647965477768447, 0.0036729406087319793]",[0.4880706585379157],"[0.011008207319151362, -0.10719398949284999, 0.0, -0.994172284201212]",[0.458613298093],"[-5.652821143324914, -0.6225722728916447, -0.28395292791470794]","[910.6690282383187, 1145.9812376816824, 919.7691007894805, 1158.0766646159943]"
14,0.28000000000000114,"[-0.2441749051243541, -0.06654678581235714, 2.093234171799764]","[0.24388028092863978, 0.0, 2.1573435740137237]","[-0.2270494278031561, -0.0013860155531659696, 0.014856493399107423]","[-0.03487788146632338, 0.0, 0.041851943198544905]","[0.01086830618377624, -0.07727257696115858, -0.009802334653741945, -0.9969025730404172]","[[0.9878657232990266, -0.021223589328283755, 0.15385339204741988], [0.017864301224190617, 0.9995715854408542, 0.023184188116255833], [-0.15427953114475074, -0.02015438148053461, 0.9878216546697458]]","[-0.011701771757788054, 0.07164185517051308, 0.003803844282988345]",[0.48865960054821544],"[0.010925750032576313, -0.10998381465043537, 0.0, -0.9938728983722855]",[0.458613298093],"[-5.516684710001889, -0.23450327326803805, -1.0010857890774219]","[914.6054861421612, 1139.3418890144276, 921.0384995227171, 1155.7288662590347]"
15,0.29999999999999716,"[-0.24863890584874027, -0.06660363329157333, 2.093334784641492]","[0.2431628302211996, 0.0, 2.158204479926565]","[-0.23299581558652557, 0.002818578622987367, 0.02114836482776425]","[-0.03686718424899208, 0.0, 0.044238624124234516]","[0.010975538472083164, -0.0781252342019307, -0.009827830557836344, -0.9968345982860116]","[[0.9875995403122063, -0.021308376079535157, 0.15554014143859501], [0.017878510025039967, 0.999565719860915, 0.023417196095639085], [-0.15597160436813362, -0.02034598983952766, 0.987551787929649]]","[-0.008894896922826374, 0.08482020373005826, 0.004096575116842915]",[0.4885909851881304],"[0.010191302937891498, -0.11178169014609775, 0.0, -0.9936779978053162]",[0.458613298093],"[-4.81346381908007, -0.5010726284120921, 0.48461955459972117]","[908.0158243863384, 1142.3876483484169, 912.4874342441346, 1162.9238497905073]"
16,0.3199999999999932,"[-0.2532773111075954, -0.06661892993780225, 2.093647973400741]","[0.2424055937716426, 0.0, 2.1591131179518674]","[-0.23633512461271566, 0.000683096743052199, 0.03959221631496959]","[-0.03885645484378184, 0.0, 0.04662515055214502]","[0.011054010713572343, -0.07902249249450717, -0.009885405382163738, -0.9967625409213785]","[[0.9873154785772844, -0.021453834530821742, 0.15731477406352615], [0.017959772616231853, 0.9995602049116618, 0.023598786357699405], [-0.15775186757153595, -0.02047410886723063, 0.9872665387507122]]","[-0.012860526409307262, 0.1090519915035278, 0.004296938973411661]",[0.48677455396884245],"[0.010709086879842549, -0.11350339178263562, 0.0, -0.9934796426428314]",[0.458613298093],"[-4.85913973794188, -0.8414833252026356, 0.35676477353164415]","[903.7712307307582, 1147.373321889674, 920.2389820575403, 1156.837615265893]"
17,0.3400000000000034,"[-0.25808349255524726, -0.06661160647195723, 2.094155966427988]","[0.24160857227724522, 0.0, 2.1600694847430804]","[-0.2425340551610338, 0.0011535532698742899, 0.04318341239574245]","[-0.040845687767380415, 0.0, 0.049011496164589]","[0.011168125696613317, -0.08038220617937922, -0.009941001754462993, -0.9966515265696759]","[[0.9868788698590943, -0.021610866313199528, 0.16000405228114528], [0.01801999198366995, 0.9995520139364721, 0.023859618354217006], [-0.16044814170972166, -0.020663299743589745, 0.986827062827708]]","[-0.013272663960349373, 0.14400279565287924, 0.003233902659140874]",[0.4871143889856267],"[0.010676057127657533, -0.11530728630043542, 0.0, -0.9932692135441565]",[0.458613298093],"[-5.717690476105764, -0.5117298430540572, -1.0731372185008965]","[905.3228479045673, 1145.5905069847754, 930.0, 1146.7952534923877]"
18,0.35999999999999943,"[-0.2630752151489665, -0.06656126303114811, 2.094823634311736]","[0.24077657451328438, 0.0, 2.161067809212652]","[-0.2554089493837429, 0.0027038166716468006, 0.04600087098169713]","[-0.04283488304116976, 0.0, 0.051397661065206365]","[0.011162242933661172, -0.0818352101394437, -0.009947868522044465, -0.9965337531056064]","[[0.9864081550393571, -0.021653702499555554, 0.16288101714266126], [0.01799984451514082, 0.9995529669418707, 0.02387527550939794], [-0.16332517924312198, -0.020618931865633672, 0.9863568838810006]]","[-0.007230496294778731, 0.156874370957785, 0.004300675405098951]",[0.48826268252805427],"[0.010420603937733865, -0.1183588340940127, 0.0, -0.9929162042314462]",[0.4590935393033176],"[-6.289871421837367, -0.3642915140981081, -0.40921244304511006]","[915.8912008671539, 1128.41717847542, 916.2877103549877, 1155.3489512939755]"
19,0.37999999999999545,"[-0.26818858400717643, -0.06651871900292175, 2.0957933870113665]","[0.23989003979173376, 0.0, 2.1621315508456926]","[-0.26670760949338135, 0.005768697657237555, 0.05645262765035478]","[-0.044824008546375804, 0.0, 0.05378349109331919]","[0.011039685362368197, -0.08373403796628977, -0.010066114768710574, -0.9963752267210743]","[[0.9857727512956953, -0.021908049636285568, 0.1666387886461299], [0.01821045990321184, 0.9995517802181753, 0.023685090884150356], [-0.16708329560560214, -0.02031358513928539, 0.9857316553229688]]","[0.00571385805012954, 0.17505782202575476, 0.004723772410502908]",[0.4878310288702136],"[0.009899064168901774, -0.1213879503195242, 0.0, -0.9925532681227336]",[0.459110014323],"[-5.2431395525841, 0.11657100557292666, 0.256955623317495]","[911.7948505657432, 1135.1923536681209, 928.8568859034016, 1148.6461995094696]"
20,0.4000000000000057,"[-0.2734254393408762, -0.06640102841913986, 2.0967614908478334]","[0.2389836140088813, 0.0, 2.163219149704038]","[-0.2666345772929002, 0.01088810763945908, 0.06746295506645465]","[-0.04681310459406094, 0.0, 0.05616917973408876]","[0.01102298581024141, -0.08524017142256503, -0.010141157708205782, -0.9962478743564138]","[[0.9852626034720348, -0.0220854160207333, 0.16961710750397954], [0.018327011220519385, 0.9995513646879858, 0.023692120407969287], [-0.17006425085404744, -0.02023438432208638, 0.9852252771990146]]","[0.014774378416597688, 0.1917764877192832, 0.005995724443798549]",[0.4869173427205464],"[0.00897803135448165, -0.12235872807172717, 0.0, -0.9924453180550451]",[0.459110014323],"[-4.966199367865589, -1.618835839941009, 0.6012108707565886]","[916.4045749319133, 1130.580159011248, 946.10686239787, 1133.549626897571]"
21,0.4200000000000017,"[-0.2787890698754614, -0.0663275261467195, 2.0979640682216822]","[0.2380272967476564, 0.0, 2.1643665846560123]","[-0.2732891570579468, -0.003206125480787938, 0.07996414166793663]","[-0.0488021205033129, 0.0, 0.058554483736346585]","[0.010776707902153626, -0.08712859944699713, -0.010236750050396967, -0.9960861873058714]","[[0.9846076460815663, -0.02227128958853427, 0.1733545519265987], [0.01851545172387814, 0.9995581568983402, 0.02325288716149065], [-0.17379582578724062, -0.019685232382370393, 0.9845849533183382]]","[0.002863564147632983, 0.21092022037619282, 0.0027511987681042706]",[0.4861122971262514],"[0.01177649272209453, -0.12463709973941554, 0.0, -0.9921323916843128]",[0.459110014323],"[-5.731040723678063, 0.09684351980028405, -0.7233780599512585]","[906.0749296285984, 1138.08395117525, 939.8954049508353, 1138.650766460725]"
22,0.4399999999999977,"[-0.28443911637192143, -0.06614054321271483, 2.099310447279226]","[0.23703136480699566, 0.0, 2.16556152441931]","[-0.28080577168897414, 0.018690233566661545, 0.07381157559004012]","[-0.05079106220558975, 0.0, 0.060939431574772766]","[0.010609915366019518, -0.08969178010923043, -0.01031855656132278, -0.9958595431805055]","[[0.9836977120190875, -0.02245491043885536, 0.1784218723096189], [0.018648421654909087, 0.9995618022492644, 0.022982950351461685], [-0.17885978835687935, -0.019280991526890407, 0.9836855166299577]]","[0.008155704123982128, 0.1944888761728934, 0.006170351231752245]",[0.4885659362203644],"[0.010110886932980396, -0.12721307033832727, 0.0, -0.9918237974238292]",[0.459110014323],"[-6.291209092412755, -0.23506504427840202, -1.975100507343356]","[893.9162368259535, 1147.4865883284328, 925.2451314591424, 1151.9206984018392]"
23,0.45999999999999375,"[-0.29009264505032717, -0.06602596617582406, 2.1008118197046857]","[0.23599565485516694, 0.0, 2.166804159189761]","[-0.29201248690896586, 0.001428581726574972, 0.07285885602096263]","[-0.05277991996893408, 0.0, 0.0633239765460367]","[0.010751203274228566, -0.09112930743530227, -0.010398287075024118, -0.9957267396647479]","[[0.9831746534075, -0.022667204391576913, 0.18125618816482525], [0.018748205557670497, 0.9995525780110881, 0.023305698566761953], [-0.18170336455701475, -0.01951534376812034, 0.9831597254120017]]","[0.01850714187880862, 0.20984483113895808, 0.007600141560306288]",[0.4890017800640371],"[0.010947536127058264, -0.1291611254507206, 0.0, -0.9915631498777777]",[0.459110014323],"[-5.755073601952907, -1.3887261934710704, -0.8798670894431702]","[914.646058884111, 1123.2132279941789, 925.7865284458495, 1148.6588418398276]"
24,0.480000000000004,"[-0.295953759925109, -0.06579124926917607, 2.1024519846577254]","[0.23491552740376284, 0.0, 2.168100043832111]","[-0.2923863975332984, 0.011720229809044013, 0.0797234832464025]","[-0.054768671226933886, 0.0, 0.0657080103501637]","[0.010420145580966681, -0.0937595608754767, -0.010539676529580174, -0.9954842045713241]","[[0.98219544094802, -0.0229381395608363, 0.18645267383053207], [0.019030186465116398, 0.9995599925912874, 0.02272257155673804], [-0.18689197368579016, -0.018769789784006022, 0.9822004516428593]]","[0.01802319391535934, 0.2259800772397791, 0.00927188711744118]",[0.4886930422416937],"[0.008962945083642072, -0.13016344210272338, 0.0, -0.9914497735229454]",[0.459110014323],"[-5.430764342032674, 0.1435428173889004, 0.5838388485380186]","[906.3900267416199, 1132.9089994780143, 932.6554735193729, 1147.0574210801044]"
25,0.5,"[-0.30191500435970825, -0.06558432428009676, 2.1041528734775925]","[0.23380026636683723, 0.0, 2.1694380417690815]","[-0.29807157427739417, 0.008647207666332497, 0.0960660713561986]","[-0.05675732817488383, 0.0, 0.06809159152715602]","[0.010206510315356071, -0.09566438447600195, -0.010684761067371429, -0.9953033852755914]","[[0.9814671630176306, -0.023221956776364253, 0.19021206319043846], [0.01931635866849824, 0.9995621662263403, 0.02236145071901476], [-0.1906482796866434, -0.01827284635588181, 0.9814871455501293]]","[0.026366508077555167, 0.22160899408355458, 0.008627666799630675]",[0.4872834527713383],"[0.0096140078517094, -0.13251122368269422, 0.0, -0.9911331343926985]",[0.459110014323],"[-6.062297961976232, -1.1625247870514333, 0.41837745427996964]","[899.8737135629813, 1142.140356252967, 939.5413013150954, 1145.8543920807667]"
26,0.519999999999996,"[-0.30797605741969725, -0.06537737455671434, 2.1059911281746166]","[0.23264523419969668, 0.0, 2.1708237047707653]","[-0.3035899115763361, 0.0064644363792375845, 0.09937374211473736]","[-0.05874586790566817, 0.0, 0.07047461014743797]","[0.009882714797214592, -0.09825146895838502, -0.010853221893564167, -0.9950521869134381]","[[0.9804553791550275, -0.023541026852741863, 0.19531615951578762], [0.019657061868249455, 0.9995667453564623, 0.02180032393116832], [-0.19574519670220752, -0.01753494395527238, 0.9804956279024432]]","[0.037386502547913994, 0.23697711094510482, 0.006483676869536991]",[0.4877032761014425],"[0.010061438876759367, -0.13435490175568374, 0.0, -0.9908803480011696]",[0.459110014323],"[-5.908880421140297, -0.5383646422886019, -1.5133982545884166]","[913.8248319871611, 1128.681960658975, 941.1207168319854, 1146.8880723954717]"
27,0.5400000000000063,"[-0.3140999337260326, -0.06515038931360434, 2.1079166061250776]","[0.23145043251530317, 0.0, 2.1722570220143385]","[-0.30667320900448236, 0.009027871435186963, 0.09386699052864196]","[-0.060734277669079496, 0.0, 0.07285700503359754]","[0.009345869580916159, -0.10089653983522959, -0.010956840342688718, -0.9947920408878377]","[[0.9793983857909955, -0.023685486937302543, 0.20053734716069474], [0.019913623327439473, 0.9995839187359927, 0.02080540790475098], [-0.2009469519641415, -0.016383378792333606, 0.9794637999351389]]","[0.05399678879099509, 0.23874813359482447, 0.0016374266211463167]",[0.48923586989116674],"[0.009574397677936242, -0.13543383665693143, 0.0, -0.9907368582669347]",[0.459110014323],"[-6.251139754722519, -0.2734992063279518, -1.123379342995154]","[929.1470921622088, 1112.3032186767123, 931.1742741560358, 1157.323858865232]"
28,0.5600000000000023,"[-0.3203080323173766, -0.06498301520651922, 2.1099374268312854]","[0.23021586404811437, 0.0, 2.173737980381202]","[-0.31333305326413463, 0.009110441272550767, 0.10165393448356556]","[-0.06272254382470925, 0.0, 0.07523871073974846]","[0.008796814595289982, -0.10287571149429707, -0.011025180433932524, -0.9945938477214262]","[[0.978589339253277, -0.023741110379963612, 0.2044451265280707], [0.02012119613846812, 0.9996013953901448, 0.01976696191503055], [-0.2048330724006984, -0.015230068789055307, 0.9786776805664307]]","[0.069547634919704, 0.22140547995433496, -0.0022211728373863933]",[0.4891280968390102],"[0.009605166184140023, -0.13767627085007825, 0.0, -0.9904256124729571]",[0.4591976594100291],"[-5.993355706139098, -1.1299710259131863, 0.4602820779601302]","[922.9510374581516, 1113.9684957827847, 918.4631716345857, 1167.0838768239128]"
29,0.5799999999999983,"[-0.3265534486905334, -0.06480049867298118, 2.112037089723594]","[0.22894153181535554, 0.0, 2.1752665653898977]","[-0.3117173346700363, 0.002442697611873077, 0.11331069982022997]","[-0.06471065180924104, 0.0, 0.0776196573970993]","[0.008136996822414264, -0.1050966858711635, -0.011106619057396173, -0.9943656713235706]","[[0.9776606286560751, -0.02379842422824567, 0.2088283241523682], [0.020377738632325962, 0.9996188339837031, 0.018516838324087126], [-0.2091898222482794, -0.013847762907423752, 0.9777749211952713]]","[0.06750864042305958, 0.22824371741991734, -0.0008683535733879625]",[0.48821302885450907],"[0.010948979580389465, -0.13856524835085207, 0.0, -0.990291281789818]",[0.45929128308600004],"[-5.539008525692194, -0.678034677382002, -0.0948959020644935]","[925.4719355065602, 1113.1162293190873, 920.8525031382404, 1165.9978113316697]"
30,0.5999999999999943,"[-0.33284771076195435, -0.06463086282505469, 2.114178750172372]","[0.22762743913295713, 0.0, 2.176842761124127]","[-0.312636323632354, 0.00677951428015256, 0.1131568218154758]","[-0.06669858610654816, 0.0, 0.07999977057041753]","[0.007620242157219462, -0.10780377695748256, -0.01116131245109828, -0.994079475834139]","[[0.9765058431432816, -0.02383344503377544, 0.2141609403743299], [0.02054748149025987, 0.9996330156148096, 0.017556715934817807], [-0.2145011479890089, -0.012743789382693918, 0.9766388567534744]]","[0.046438800482216526, 0.2429593116627448, -0.0010309401670187404]",[0.4889216223217204],"[0.010138711596750798, -0.139467187956979, 0.0, -0.9901726965961246]",[0.45929128308600004],"[-6.646776401520514, -0.17643634820391058, -2.058537557527341]","[937.4653257967244, 1106.5346742032755, 934.1799008218529, 1155.9306515934488]"
31,0.6200000000000045,"[-0.3391777139036128, -0.06444936604563685, 2.1163660594469427]","[0.22627358963742106, 0.0, 2.1784665501308824]","[-0.32094069987897456, 0.005585416170748779, 0.10186823904354841]","[-0.06868633021755119, 0.0, 0.08237897111426735]","[0.00736615640080627, -0.11022022857972948, -0.011170252089484247, -0.9938165360215666]","[[0.9754522942101165, -0.02382616136061961, 0.2189128078853689], [0.020578563591615993, 0.9996407712662099, 0.017103591553277064], [-0.21924193518107918, -0.012178840598892446, 0.9755933227533595]]","[0.027320123307164976, 0.24033070776718907, -0.002841502554980147]",[0.491444712460946],"[0.010358444455733426, -0.1412776723544814, 0.0, -0.9899156491458243]",[0.45929128308600004],"[-6.668086538614813, -0.5300935984649436, -1.9928813340291356]","[940.8826576875316, 1103.1173423124683, 934.9191065849408, 1153.7568921255695]"
32,0.6400000000000006,"[-0.34554484446158906, -0.06429556731919667, 2.1185524152473962]","[0.2248799871922919, 0.0, 2.1801379134636267]","[-0.32053110854249134, 0.00626537356647037, 0.10363088476488089]","[-0.07067386662931069, 0.0, 0.08475717502671007]","[0.00728865484567992, -0.11258218484856258, -0.01119294852168081, -0.9935518794870957]","[[0.9743984312799149, -0.023882695455703973, 0.22354931962914598], [0.020600404707169142, 0.9996416789915478, 0.01700356664065265], [-0.22387564578306596, -0.011963060242779395, 0.9745427464942139]]","[0.005654564388513469, 0.23697414521122953, -0.001576919261148533]",[0.4918283020636007],"[0.010262354416435467, -0.14201553755895344, 0.0, -0.9898106810572773]",[0.45929128308600004],"[-6.167474928834605, -0.6473622410084292, -0.05495856827234036]","[943.8873440879081, 1098.4768775325797, 932.5112704687175, 1152.796561634904]"
33,0.6599999999999966,"[-0.35192528046511135, -0.06411408185387718, 2.1207834429100676]","[0.22344663591405892, 0.0, 2.1818568305761805]","[-0.32109331619298165, 0.0033592226855422504, 0.11466244310140386]","[-0.07266117678455315, 0.0, 0.08713429330498162]","[0.007178755158528851, -0.11491289472402406, -0.011239634168416144, -0.9932855035226084]","[[0.9733363232836932, -0.023978194440333427, 0.22812125183085247], [0.020678468297207143, 0.9996432009801504, 0.0168442646604732], [-0.22844399815791844, -0.011677949068746208, 0.9734859129849207]]","[-0.008216953522813009, 0.231593788820953, 0.0027167444315448425]",[0.4909880747426876],"[0.010877496692584941, -0.1432959220284806, 0.0, -0.989620037737049]",[0.45929128308600004],"[-6.051066263203997, -0.5687085041039805, 0.1426634250394052]","[931.4415240243054, 1112.8641984411888, 941.9492842631553, 1142.0119973538663]"
34,0.6800000000000068,"[-0.3583254298558044, -0.06395570345203462, 2.1230074417657328]","[0.2219735419203152, 0.0, 2.1836232771446373]","[-0.31763623623275333, 0.0048628249040005254, 0.11789177771625932]","[-0.07464824106313976, 0.0, 0.08951023185728138]","[0.007181269370995103, -0.11683908408286742, -0.011271140759089273, -0.9930605512655856]","[[0.9724424189263529, -0.024063956382945242, 0.231894688301578], [0.020707744639507572, 0.9996420208054421, 0.016896690166416255], [-0.23221845269321567, -0.011629051114971993, 0.9725933548948177]]","[-0.003504983532126916, 0.21594333170136956, 0.0043649792152594714]",[0.49101171195489257],"[0.010629089233544955, -0.14354303293166595, 0.0, -0.9895869176597303]",[0.45929128308600004],"[-6.562709699745901, -0.3693629593643816, -1.6214173382019261]","[934.2612264766105, 1118.1858151725392, 944.4301191124583, 1147.2220121912467]"
35,0.7000000000000028,"[-0.36474106677893703, -0.06382681647232125, 2.125201951088367]","[0.2204607086598002, 0.0, 2.1854372305909404]","[-0.3226714590104869, 0.0035925442450815176, 0.10725566654132009]","[-0.07663503872220329, 0.0, 0.09188489121761986]","[0.007252138689925482, -0.11870485159674665, -0.01129715208708876, -0.9928383447726145]","[[0.9715621049285184, -0.024154219651472637, 0.2355455997241121], [0.020710763463686124, 0.9996386014825738, 0.0170824562698616], [-0.23587331377905907, -0.011718349222006609, 0.9717121691879201]]","[0.008487239831511246, 0.21436442720089705, 0.001306236524714022]",[0.4933164406994041],"[0.010865542509930158, -0.14475329597895428, 0.0, -0.9894069222728197]",[0.45929128308600004],"[-6.917111070209669, -0.9573614942146624, -2.735807572083946]","[940.5965844197051, 1114.9585621366482, 940.2055252640895, 1155.4617831397925]"
36,0.7199999999999989,"[-0.37111300462149915, -0.06368269224174454, 2.1273513422971115]","[0.21890814229335773, 0.0, 2.1872986635660676]","[-0.3211287122192533, -0.0008694385015464096, 0.09793393272157049]","[-0.07862154789925585, 0.0, 0.09425816656378892]","[0.00720428184955576, -0.12084997755659116, -0.011301507171724842, -0.9925796836971301]","[[0.9705338890254815, -0.024176567427283323, 0.2397436265098733], [0.020694018227962643, 0.9996395198224031, 0.017033221375111266], [-0.2400693034818328, -0.01157007382287686, 0.970685533800251]]","[-0.0014659723729809494, 0.21895269342668688, -0.00027227186488745694]",[0.4951745031200073],"[0.01172110364632382, -0.1448252961620603, 0.0, -0.98938677920067]",[0.45929128308600004],"[-6.132364227358222, -0.6316871497483445, -1.6892724809133597]","[934.3109180177637, 1118.0, 943.6190656163362, 1150.0363933925457]"
37,0.7399999999999949,"[-0.37751609518469337, -0.06360568917328804, 2.129435269502725]","[0.21731584881893917, 0.0, 2.1892075472925163]","[-0.3168082102343534, 0.0012038810730936873, 0.10044962813637298]","[-0.08060774556449861, 0.0, 0.09662994748977297]","[0.007333917802918076, -0.12303995894235001, -0.011320423369470718, -0.9923095001221842]","[[0.9694649469012798, -0.02427145720057718, 0.24402139419730295], [0.020661997419146743, 0.9996350371936703, 0.017340761471081042], [-0.24435348641524668, -0.011769303764722254, 0.9696136781711281]]","[-0.01582672265525704, 0.2055116056282445, 0.0021478587660110817]",[0.49529625268275207],"[0.011374708253549623, -0.1448751160003789, 0.0, -0.9893831589537652]",[0.45929128308600004],"[-7.038414371703051, -0.32847312540528584, -0.3485465933680203]","[940.2976033200182, 1111.798344595463, 945.6062932182556, 1147.6463638154596]"
38,0.7600000000000051,"[-0.38385329582669875, -0.06352702359682395, 2.131532050882232]","[0.21568383470696678, 0.0, 2.1911638507276123]","[-0.3226375647158845, -0.0001434131742187733, 0.10724845824931417]","[-0.08259360749443613, 0.0, 0.09900011788199364]","[0.007450357095492387, -0.1251624919601453, -0.011335150376399534, -0.9920429634475306]","[[0.9684106141188799, -0.024354922861183126, 0.24816423703717], [0.020624901820924017, 0.999630897264526, 0.017619619999215498], [-0.24850204070931114, -0.011944677327802921, 0.9685565697452904]]","[-0.016830710384481556, 0.1899306689482676, 0.001797528541803433]",[0.4954364926252812],"[0.011685088887474115, -0.14690020222838576, 0.0, -0.9890817575647461]",[0.45941889090488003],"[-6.899065404373014, -1.0048864322591102, -0.6165228841025936]","[949.2285465607403, 1109.6518898892052, 953.1537905316562, 1145.3131307886101]"
39,0.7800000000000011,"[-0.39013601229593997, -0.06347730148196504, 2.1335622274282824]","[0.21401210692508682, 0.0, 2.1931675404574746]","[-0.31541675183425044, -0.004810860085082871, 0.10599267461811071]","[-0.08457910824170568, 0.0, 0.10136855577898136]","[0.007611534521682898, -0.1272496687514782, -0.011352874036430828, -0.9917760687328109]","[[0.9673563400226359, -0.02445614805448951, 0.25223352685848965], [0.02058188706819115, 0.9996254255018082, 0.01798717449090364], [-0.25257917802908414, -0.01220857664885132, 0.9674982446048606]]","[-0.021089911743934604, 0.1865809666094692, 0.0014936144748004484]",[0.4960947437394773],"[0.012618255346644194, -0.146249228986141, 0.0, -0.9891666268451067]",[0.459555237156],"[-6.282080483560317, -0.6467574068331745, -2.1860405867155883]","[953.5285187478188, 1113.63915427019, 975.6616323619717, 1130.7747348557723]"
40,0.7999999999999972,"[-0.3963772532578477, -0.06347030747885521, 2.135516402531893]","[0.21230067284752868, 0.0, 2.195218580698229]","[-0.313842325840716, -0.002508134842660623, 0.09349465004427641]","[-0.086564221104122, 0.0, 0.10373513322350533]","[0.007724442957461155, -0.12903594332384635, -0.01136653585517619, -0.9915444356255527]","[[0.966440562032177, -0.024534312326411054, 0.2557141428812336], [0.020547389191742087, 0.9996217773331206, 0.018251640218349158], [-0.2560653435125826, -0.012384873512761227, 0.9665796242688649]]","[-0.010433625953271321, 0.16287596142105334, 0.001058186050228629]",[0.49837814163765454],"[0.012185419516565477, -0.14614216421128334, 0.0, -0.9891878302105075]",[0.459555237156],"[-7.511063280578281, -0.4378347822322971, -2.9870582733163893]","[957.5660670586936, 1112.8081714300204, 971.7834199318504, 1138.3166165503774]"
41,0.8199999999999932,"[-0.4023730286609316, -0.06344921245328176, 2.1373713689548866]","[0.2105490612299362, 0.0, 2.1973175036567563]","[-0.31728872737341657, -0.004722912400301369, 0.08425619991935732]","[-0.08854891265101765, 0.0, 0.10609969001712513]","[0.007744486204734838, -0.1302240472861417, -0.011351608249538134, -0.991389304058813]","[[0.9658255677673586, -0.024524762680380306, 0.25802963047447974], [0.020490689329451257, 0.9996222186173745, 0.018312106316533516], [-0.2583812799684401, -0.012399096838687076, 0.9659633316539099]]","[-0.0034373701055132296, 0.13706405298412638, -0.0009223578802288801]",[0.5004549894034844],"[0.012610752074841728, -0.1470212969619032, 0.0, -0.9890524620242767]",[0.459555237156],"[-6.96125818107346, -0.858570520444667, -1.4484832859840573]","[955.8538337184716, 1115.4897661467824, 956.7449370346011, 1155.1339879213417]"
42,0.8400000000000034,"[-0.40831916130180856, -0.06345679348730175, 2.13911697980957]","[0.20875880169915323, 0.0, 2.1994624566500307]","[-0.3087368765626473, -0.0062987638669747496, 0.09093071273722668]","[-0.09053317078955476, 0.0, 0.10846216832219953]","[0.00800600358041937, -0.1315834195554674, -0.011346016050917786, -0.991207338688505]","[[0.9651131559811403, -0.024599423405264352, 0.26067122973596135], [0.020385594092924765, 0.9996133563983013, 0.018857114185578217], [-0.26103457471646996, -0.012885323824334289, 0.9652424279549364]]","[-0.02457919569433167, 0.14749206284751673, 0.0019945011499755264]",[0.49981232271052023],"[0.012986029613397424, -0.14639503586754304, 0.0, -0.9891406438650464]",[0.459555237156],"[-6.314501493054324, -0.4294632020490816, -0.2658785468998701]","[961.6775334410261, 1115.2356295737318, 970.245110766689, 1147.3957697523138]"
43,0.8599999999999994,"[-0.41437896673862745, -0.06349925062265657, 2.1408705412125273]","[0.20692829970072066, 0.0, 2.201655305615877]","[-0.30426093119043623, -0.004153217162935273, 0.09469197635249982]","[-0.09251694686974798, 0.0, 0.11082233502016736]","[0.008249094556346126, -0.13330086392504958, -0.011359045227870526, -0.9909760683404149]","[[0.9642034673527727, -0.024712306821952894, 0.26400852840134353], [0.02031386109811145, 0.9996056128771028, 0.01937765166611011], [-0.2643833357539616, -0.013320969497154698, 0.9643254280477512]]","[-0.03384354373588154, 0.14189654197774568, 0.006763276413539223]",[0.4997682673962208],"[0.012648360410375422, -0.14639017515872735, 0.0, -0.9891457999305742]",[0.459555237156],"[-7.241475457104008, -0.627159048958873, -1.8349259151971573]","[967.5014157479075, 1118.854756278887, 976.5552971730241, 1148.706204885198]"
44,0.8799999999999955,"[-0.4203208419149002, -0.06354072388149072, 2.142586138898078]","[0.20505812720431413, 0.0, 2.2038953338263187]","[-0.3039294745470313, -0.007253916855009487, 0.08387121854601476]","[-0.09450021512817852, 0.0, 0.11318006678753725]","[0.008442718307885608, -0.13420908221671, -0.011375979727768482, -0.9908517772813756]","[[0.9637170333698689, -0.024809998414183684, 0.2657705268988232], [0.020277640512121515, 0.9995986298839195, 0.01978448447806834], [-0.26615470366809424, -0.013677445283749513, 0.9638333002145495]]","[-0.018650023131805717, 0.09944844390026072, 0.005182985697282149]",[0.5019022631746075],"[0.013247626060829541, -0.1465094823989264, 0.0, -0.9891204382902772]",[0.459555237156],"[-7.084794140971567, -0.6544290231437225, -2.601725365283187]","[949.9822056329045, 1138.525102244569, 961.4836734053199, 1164.5612177950802]"
