,t,p,p_d,v,v_d,q,R,w,T_sp,q_sp,hover_throttle,fa,pwm
0,0.0,"[-1.571180108263976, -0.09707607306103672, 1.9199400660361112]","[0.24984687122430257, 0.0, 2.150183754530037]","[-0.07500664131834679, 0.009117522720144856, -0.03901001714341526]","[-0.005434047225592482, 0.0, 0.006520856484764923]","[0.006866053919430285, -0.24922025543616874, -0.009826544923846194, -0.9683725569833334]","[[0.8755852551100541, -0.022453832291710912, 0.48254117284294673], [0.015609193445155219, 0.9997124411565435, 0.018195744452640158], [-0.4828110511921021, -0.008399848308736413, 0.8756840916874858]]","[-0.05506601398555576, -0.08310200012969025, 0.021581097522163153]",[0.6724156497630708],"[0.011309819505420227, -0.2988878681733786, 0.0, -0.9542146337742243]",[0.48328152701800003],"[-17.41415682874361, -0.6566559815967191, -5.664430379277224]","[1176.3408887997357, 1337.7271103978858, 1186.853128122833, 1346.239349720983]"
1,0.020000000000003126,"[-1.5726886213924332, -0.0966788345295997, 1.9196360155128933]","[0.24971813949513347, 0.0, 2.150338232599009]","[-0.06714824812417508, 0.016823083421483715, -0.032097972325858475]","[-0.007423483849332825, 0.0, 0.008908179839606139]","[0.007567277506026284, -0.2485641966861303, -0.009942600990411794, -0.9685347144807889]","[[0.8762337416545606, -0.023021416931662684, 0.48133562969344346], [0.015497599914116898, 0.9996875340252968, 0.01960109117369699], [-0.481636583376748, -0.009715592661087263, 0.8763169249057633]]","[-0.060786963275408966, -0.07389039219896909, 0.026099741157286686]",[0.6842017405874637],"[0.008642623424575734, -0.3059651141354941, 0.0, -0.951992403352719]",[0.48328152701800003],"[-17.675123149218134, -0.7197715668270757, -6.241589232039729]","[1172.5066230633408, 1429.4846164161447, 1193.6975537785966, 1422.8637500906684]"
2,0.03999999999999915,"[-1.5739369781125807, -0.0962854793298072, 1.9195808879769232]","[0.24955216354451773, 0.0, 2.150537403710717]","[-0.057394440521245996, 0.019147883905817727, -0.013295734549170725]","[-0.00941292022417823, 0.0, 0.011295501999841886]","[0.008165310105154682, -0.24811120595114083, -0.010054345881147914, -0.9686449742251187]","[[0.8766794979910671, -0.023529993088099832, 0.48049915168296375], [0.015426373339479972, 0.9996644944498994, 0.020807764955938307], [-0.48082753909106, -0.010829381429452327, 0.876748333155036]]","[-0.05926569012189134, -0.04008808614781112, 0.02870442157601392]",[0.6902316709798487],"[0.008559829639950587, -0.3137363245615798, 0.0, -0.949468781784003]",[0.48328152701800003],"[-16.06209933430323, -0.42028297489169575, -3.5794347931092787]","[1175.8352116183605, 1513.0962172003588, 1221.3842969981883, 1482.5070877365981]"
3,0.060000000000002274,"[-1.5750311901369929, -0.09579639048150024, 1.919901324180947]","[0.24933627123604138, 0.0, 2.150796474381088]","[-0.0404108354806558, 0.02356223275591564, 0.012148483107284759]","[-0.011402355835485316, 0.0, 0.013682820495051373]","[0.008899495097701545, -0.2490436722520546, -0.01014496538251726, -0.9683974753147283]","[[0.8757472001975326, -0.024081443607811562, 0.48216595676462054], [0.015215991846528564, 0.9996342995491221, 0.02228957603584409], [-0.48252709704337277, -0.01218341830091582, 0.8757946388167696]]","[-0.06966529970204755, 0.10285605906733243, 0.027832927832857346]",[0.6912903141714157],"[0.007740881282677595, -0.3197429076606883, 0.0, -0.9474609996701828]",[0.48328152701800003],"[-15.227736364573284, 0.0774159131204748, -2.4767720168670984]","[1218.994794840071, 1532.9187463926414, 1273.9638687605784, 1497.849154618693]"
4,0.0799999999999983,"[-1.5760683470922148, -0.09518280185421649, 1.9206184017627237]","[0.24909567948365713, 0.0, 2.151085184322034]","[-0.018850991614364165, 0.03121231125925225, 0.046120399325606846]","[-0.013391790832443504, 0.0, 0.016070136041267207]","[0.00985629763734831, -0.25136038385416476, -0.010237827694090913, -0.9677871671676697]","[[0.873422291850332, -0.02477104203903946, 0.48632489350297464], [0.014861111009020385, 0.9995920837867261, 0.024224365336460413], [-0.48672852181062604, -0.01393082814038245, 0.8734376248758878]]","[-0.08442039564674444, 0.2783360328290258, 0.024824334971011344]",[0.6873458176032383],"[0.00567881639939187, -0.32588535920050765, 0.0, -0.9453879093889538]",[0.48328152701800003],"[-15.287043063511247, -0.27552453069238036, -2.1384026283114537]","[1259.7457974002837, 1539.5104889444387, 1308.4715540081668, 1502.6401040468625]"
5,0.10000000000000142,"[-1.576502316877933, -0.09449320169491437, 1.9222495731160094]","[0.2488053211499882, 0.0, 2.1514336139261547]","[-0.00037224658257218983, 0.0312455017363801, 0.07298953255497899]","[-0.015381223924577163, 0.0, 0.018457442444300427]","[0.010714125666789292, -0.2561317297052458, -0.010248725872115455, -0.9665254187203005]","[[0.8685776781774531, -0.025299763208420156, 0.4948960423279984], [0.014322853051163712, 0.9995550191234478, 0.025960997362430547], [-0.4953352668756717, -0.015460901822831209, 0.8685581659638492]]","[-0.06687949273033567, 0.41846097557329465, 0.011503668551103595]",[0.6871068874071282],"[0.006916977212348335, -0.3311868435893103, 0.0, -0.943530238993834]",[0.48328152701800003],"[-15.682926808137987, -1.7548008054800488, -2.977766020343452]","[1299.2762100386076, 1528.023635366337, 1314.7353320492912, 1505.7070459508793]"
6,0.11999999999999744,"[-1.5764104882549657, -0.09385174235440445, 1.9243133076243133]","[0.24847937153262753, 0.0, 2.1518247527639747]","[0.022065166470442044, 0.02450759707356177, 0.0971989359693303]","[-0.01737065487671057, 0.0, 0.020844738575313486]","[0.01110443561629603, -0.26093176121946365, -0.010174081631628544, -0.9652358031414725]","[[0.8636145682063817, -0.025435775595280288, 0.5034954013427092], [0.013845775824447234, 0.9995387192518511, 0.026746279738919403], [-0.5039473110804426, -0.016127315583193677, 0.8635749750997629]]","[-0.04901690947339551, 0.5344854999567068, -0.001703364378209761]",[0.6866581576045664],"[0.010934674147942502, -0.33467835796562784, 0.0, -0.9422651210959859]",[0.48328152701800003],"[-14.911885473180998, -0.136357161552213, -1.565074414544526]","[1322.574985524895, 1507.7899223393472, 1321.3968852286944, 1501.8863907652349]"
7,0.14000000000000057,"[-1.5758424611582236, -0.09315818116976922, 1.9269415515112505]","[0.2481139164381725, 0.0, 2.152263297666112]","[0.05387954061934906, 0.04230933170727187, 0.13808342951481029]","[-0.019360082566755685, 0.0, 0.023232019048458227]","[0.011410744095961281, -0.26668895800550374, -0.010063090204996942, -0.9636610510757869]","[[0.8575485603347787, -0.025481055074074353, 0.5137658684694927], [0.013308577261996885, 0.9995341508172543, 0.027359609380313805], [-0.5142251778580679, -0.016624749215969705, 0.8574906817420794]]","[-0.027384266019009246, 0.6538006769047595, -0.017903789564635463]",[0.6757380777599169],"[0.004405237189008232, -0.33919155736559, 0.0, -0.9406980620640578]",[0.48328152701800003],"[-14.38436491913506, 0.5631636712289105, 0.2761652808592281]","[1321.46207238606, 1497.5487640750655, 1321.646292225197, 1492.4837453083114]"
8,0.1599999999999966,"[-1.57446164391695, -0.09231776643761182, 1.9305745140643624]","[0.24770034225701537, 0.0, 2.1527595844173337]","[0.08445119389343432, 0.042628946812937905, 0.17451445720626863]","[-0.021349504391842782, 0.0, 0.025619271369836962]","[0.011335449113265344, -0.27279578064917603, -0.009892810826002066, -0.9619439961799735]","[[0.8509493385472638, -0.025217185338558323, 0.5246042478499972], [0.012848134579109403, 0.9995274296140517, 0.02720556854120611], [-0.5250528056648184, -0.016410700332830697, 0.8508880891461431]]","[-0.012868166929952077, 0.7118054072507124, -0.02284936401488145]",[0.6670269600112354],"[0.0056456835747895, -0.3433982648595162, 0.0, -0.9391573350891752]",[0.4837577520686549],"[-14.868910328265004, -1.7845101624060562, -0.44025248583932]","[1318.4672044035772, 1489.3141172810554, 1327.6588798397465, 1480.1221383943353]"
9,0.17999999999999972,"[-1.5725854198018305, -0.09138255005462671, 1.9347705650817055]","[0.2472572505706898, 0.0, 2.1532912912202016]","[0.11309532750422811, 0.03502950785563126, 0.19799539736461588]","[-0.023338921391685558, 0.0, 0.028006500530075792]","[0.011145587542373221, -0.2805750948838754, -0.009683727337682116, -0.9597053448910549]","[[0.8423424146898769, -0.024841398333358116, 0.538322974745183], [0.01233270120440649, 0.9995387341847389, 0.026826985305932947], [-0.5387546980682973, -0.015958934439533997, 0.8422815155968487]]","[-0.007400811894245952, 0.7829873877185741, -0.024043738148413797]",[0.6641794901456033],"[0.010120133909585955, -0.34555496951945697, 0.0, -0.9383438692642521]",[0.48419459492600003],"[-15.327516913852145, -1.2436933530526513, -1.901525803815474]","[1321.956455772878, 1458.372237745404, 1337.1589847924, 1438.4985441946726]"
10,0.20000000000000284,"[-1.570193120477125, -0.09043137114672495, 1.939060734472935]","[0.24677079801796117, 0.0, 2.1538750292187445]","[0.14241521577459737, 0.03993290407553404, 0.20857425478587857]","[-0.025328329671668776, 0.0, 0.030393687835265824]","[0.010950029926108464, -0.28917683323818044, -0.009541773348191934, -0.9571603507009621]","[[0.8325615537890807, -0.024599004204319673, 0.5533682328262791], [0.011933024292738265, 0.9995682292416401, 0.02648038856913324], [-0.5537861636411224, -0.015443349367906789, 0.8325038383555718]]","[-0.004470695586129235, 0.8604305185479431, -0.01838549026457873]",[0.6652426193494911],"[0.008734984784879628, -0.34500912922248583, 0.0, -0.9385569451762268]",[0.48419459492600003],"[-15.814607469651182, 0.07553316274912503, -2.405326081270598]","[1327.6721173320323, 1414.2681806077642, 1347.4959281577344, 1392.2749787167907]"
11,0.21999999999999886,"[-1.5672348715547857, -0.08944475014108788, 1.9435872086298671]","[0.24624418831846828, 0.0, 2.1545069533562677]","[0.17033829595220354, 0.04699313299550778, 0.21735245243408263]","[-0.02731772738034028, 0.0, 0.032780824398346065]","[0.010823551273825395, -0.29678817997705914, -0.009522105840565077, -0.9548214446321273]","[[0.8236272461178255, -0.024608425876150763, 0.5665533115092705], [0.011759217542362688, 0.9995593951416617, 0.026321214650588197], [-0.5669655635124711, -0.01501702080270726, 0.8235742885927491]]","[0.013945760377803304, 0.853704401937834, -0.020041209896797252]",[0.666618417515832],"[0.006443634643459711, -0.3449243068919125, 0.0, -0.9386083650273093]",[0.48419459492600003],"[-17.358685671896616, -0.5407866907124297, -3.4635983624466604]","[1331.808708851809, 1392.4014229978345, 1329.6348297448278, 1405.197149543713]"
12,0.240000000000002,"[-1.5641618053898574, -0.08861048758888712, 1.9477691790915397]","[0.24568043605177903, 0.0, 2.155183445599531]","[0.18790503390795577, 0.04582431610187788, 0.20916644018532188]","[-0.02930711304881423, 0.0, 0.03516790316916714]","[0.010516487549500249, -0.30525154117374875, -0.009453549903868203, -0.9521645520759885]","[[0.813460057745713, -0.024423018283928323, 0.5811005576646902], [0.011582322155050359, 0.999595871502853, 0.025798274669402654], [-0.5814982302241405, -0.014255431958527803, 0.8134176039365252]]","[0.02843855580903951, 0.8277493484895359, -0.030266686453966837]",[0.6780751961748247],"[0.00773270085839926, -0.3444427362784656, 0.0, -0.9387746885558214]",[0.48419459492600003],"[-18.233604488453427, -1.1088561866797992, -4.857857877655807]","[1354.7805817891149, 1367.4070210125599, 1354.6655701154705, 1380.9804345539874]"
13,0.259999999999998,"[-1.559984381746651, -0.08769278937322895, 1.952327760293749]","[0.24506830046713615, 0.0, 2.155917992460162]","[0.21624180508789698, 0.04593028870302971, 0.2019647137346095]","[-0.03129647870095474, 0.0, 0.037554885862620346]","[0.01004504358585808, -0.31262851672106223, -0.00927030403578492, -0.9497614961765866]","[[0.8043252745161027, -0.023889889815368333, 0.5936588143607389], [0.011328421508787406, 0.999596647649242, 0.024877114051048622], [-0.5940312967931134, -0.013284468450005756, 0.8042953457886509]]","[0.03353023600825666, 0.8394739970050837, -0.03946369471702431]",[0.6849589757418658],"[0.008312154070151671, -0.3416159351921329, 0.0, -0.939800146392322]",[0.48419459492600003],"[-17.59412986266566, -0.7924591031358493, -4.17374972002894]","[1380.291187475466, 1361.3342205835463, 1380.871287160834, 1370.1001566188286]"
14,0.28000000000000114,"[-1.5554279544691099, -0.08676591136803515, 1.9567773360132088]","[0.2444244543684687, 0.0, 2.156690587260275]","[0.24876263741326649, 0.04702207713605939, 0.19887112574059498]","[-0.03328582810907239, 0.0, 0.03994179058586756]","[0.009394641966354492, -0.32039206243454815, -0.009016555536536942, -0.9471852434902703]","[[0.7945157728385919, -0.023100634133505528, 0.6067718527167638], [0.011060759271767627, 0.9996414015853666, 0.023574598125624215], [-0.6071106819609058, -0.012019266827997354, 0.7945018507907268]]","[0.046938984530182415, 0.8010017854036022, -0.052675358447598325]",[0.6883299518267679],"[0.008376102192835317, -0.3390090571674237, 0.0, -0.9407451573342439]",[0.48419459492600003],"[-18.357288595574346, -0.8617667884802267, -4.040990474816962]","[1406.2756049921352, 1367.2639761946052, 1391.8147446912471, 1389.1182870773243]"
15,0.29999999999999716,"[-1.5509405508211944, -0.08595348917504615, 1.9603940061881722]","[0.24374213807692385, 0.0, 2.157509339628119]","[0.2769947550079071, 0.04565179585656181, 0.18944684914659948]","[-0.03527515528041953, 0.0, 0.04232858857421108]","[0.008604240312458331, -0.3276893531035671, -0.008691892460213424, -0.9447020756636644]","[[0.7850801835826161, -0.02206153358109216, 0.6189880498366511], [0.01078346181334374, 0.9996927419547756, 0.021953368600442943], [-0.619287198362642, -0.010560406130310503, 0.7850832156689869]]","[0.06018149472336035, 0.7153990195450489, -0.06703087221541058]",[0.6950783857040191],"[0.0093515869019137, -0.33672517508251504, 0.0, -0.9415542825841511]",[0.48419459492600003],"[-19.165336956568805, -1.1101681098665555, -5.258958423990563]","[1440.9274358590783, 1363.4891739352986, 1405.9814587116487, 1406.2208622412886]"
16,0.3200000000000003,"[-1.5449108475738953, -0.08493975900461644, 1.9643820356367196]","[0.24301626324070127, 0.0, 2.1583803525013225]","[0.3093770065647574, 0.04291587737333932, 0.1710250708521621]","[-0.037264451891608874, 0.0, 0.044715239877534715]","[0.007822798535753734, -0.3344615569994626, -0.008263505572162965, -0.9423364445506124]","[[0.7761263522703744, -0.020806855677515064, 0.630221341444891], [0.010341154164069825, 0.9997330261375219, 0.02027106619711454], [-0.6304799164020514, -0.009215766437357099, 0.7761405309651948]]","[0.04580885452996219, 0.675189653355359, -0.06631711822469907]",[0.7032085500438875],"[0.010645423404254287, -0.3317119820245196, 0.0, -0.9433171215678788]",[0.48419459492600003],"[-19.015501785163217, -1.2380491330314396, -5.5517357140895776]","[1475.176113481857, 1350.8784440497577, 1434.2757044070547, 1394.3268603187994]"
17,0.3400000000000034,"[-1.5380489912728208, -0.08390158097149722, 1.9681037017205656]","[0.24225093054475572, 0.0, 2.159298703630385]","[0.34875354211444365, 0.039653856016562246, 0.15751696845410026]","[-0.03925371549665782, 0.0, 0.047101732755959656]","[0.0072241791081233955, -0.340054779612103, -0.007844943937417427, -0.9403434964290805]","[[0.7685992837578374, -0.019667117291784962, 0.6394232543155366], [0.009840650753819923, 0.9997694125043367, 0.018921841046140912], [-0.6396499474359248, -0.008250998319309767, 0.7686179925210272]]","[0.03444232470694925, 0.5674168512925802, -0.06070375369253614]",[0.7063875093534259],"[0.0120354798340878, -0.32621083796138634, 0.0, -0.9452163994942913]",[0.48419459492600003],"[-18.532923660663684, -0.7698593318833218, -4.588085713709951]","[1482.436891692849, 1375.944269288171, 1436.3222665015237, 1419.5578504553189]"
18,0.35999999999999943,"[-1.5304458323951944, -0.08286450052701134, 1.9715086478915451]","[0.24144452636699149, 0.0, 2.16026632613829]","[0.3939478641348179, 0.04210419393769812, 0.14787017197583308]","[-0.04124293875786719, 0.0, 0.04948803199048718]","[0.006696597936552944, -0.34380956895628006, -0.0074419037957121105, -0.9389840129541578]","[[0.76347541936941, -0.01858036628031264, 0.6455637066260094], [0.009370948480153508, 0.9997957699333686, 0.017693192279645803], [-0.645763048376419, -0.007458801334774261, 0.7634964943857716]]","[0.025838677502536624, 0.43136431156386706, -0.05697895694727543]",[0.7057453358832941],"[0.010969621990977835, -0.3201385446402839, 0.0, -0.9473013110484618]",[0.4845375715180312],"[-18.315443063830045, -0.35229237160148463, -4.303520198195887]","[1493.4121503189206, 1389.708945165445, 1448.7729216486352, 1430.3833760273744]"
19,0.38000000000000256,"[-1.5225018581006837, -0.08181203702862834, 1.9744041352142545]","[0.24060029103097585, 0.0, 2.1612793299411703]","[0.43952352919927073, 0.04404664022785139, 0.13501490530051624]","[-0.043232119059863794, 0.0, 0.051874125029959264]","[0.006409327824654335, -0.3472644139528417, -0.00707737813557804, -0.9377173438494008]","[[0.7587122339598547, -0.017724623395144586, 0.651181005257335], [0.008821697511703669, 0.999815221389548, 0.016935718868338168], [-0.6513624502037749, -0.007104832586041515, 0.7587302535560748]]","[0.005951618156387196, 0.35063013588229625, -0.043025582268893074]",[0.7058208411998796],"[0.010115297079358916, -0.31353293238188445, 0.0, -0.9495162124934106]",[0.48509723562],"[-18.573110860597367, -0.22704067294058639, -4.728681722644037]","[1504.7209042433424, 1385.7055737580956, 1468.5364942607612, 1415.0614088846257]"
20,0.3999999999999986,"[-1.5134443460060831, -0.08057650047972191, 1.9771109219591683]","[0.23971579967028284, 0.0, 2.162340620459762]","[0.4842504066243821, 0.04936166703139725, 0.11781543810605852]","[-0.04522124700093359, 0.0, 0.0542599667498018]","[0.006353527357761983, -0.3499183227179673, -0.006757220812077441, -0.9367338912519872]","[[0.7550222577231169, -0.017105866763434015, 0.6554748397453564], [0.008213004217950846, 0.9998271882508564, 0.016632079555618837], [-0.6556465684945242, -0.00717417806443052, 0.7550328431695517]]","[-0.012556219722805746, 0.23212594269656955, -0.025196918975143288]",[0.7063746829574648],"[0.007877987247779189, -0.3064719657012114, 0.0, -0.9518388181856413]",[0.48509723562],"[-19.023737326394766, 0.5269231954699053, -4.892196752739451]","[1487.4848979872866, 1404.3010804893802, 1475.576567041371, 1403.984996034406]"
21,0.4200000000000017,"[-1.5035102064269272, -0.079255873080015, 1.9795033170702272]","[0.23879140670013455, 0.0, 2.1634497684959273]","[0.5263507929277451, 0.06030623856579436, 0.10154702737470818]","[-0.047210315427307324, 0.0, 0.05664552281694651]","[0.006588243014303239, -0.3511853998753745, -0.006564024421321592, -0.9362597650804123]","[[0.753251481152214, -0.016918653440285737, 0.6575150291978985], [0.007663874410468836, 0.9998270414314363, 0.01694699279611553], [-0.6576880107500566, -0.007726234631341341, 0.7532508440933903]]","[-0.026140269709249025, 0.08407178317486991, -0.009999373905553761]",[0.7070071283070903],"[0.0034996348498292293, -0.30044845636850165, 0.0, -0.9537863634434395]",[0.48509723562],"[-19.352397582459577, 0.6794081424091204, -4.399431943356934]","[1483.2514125561122, 1411.3119760125057, 1490.3405501197524, 1386.610093608562]"
22,0.4399999999999977,"[-1.4927536798726337, -0.07786436152460821, 1.9816080474801263]","[0.23782739091524505, 0.0, 2.1646064351372094]","[0.5681757293667101, 0.06733056445274713, 0.09007414699804646]","[-0.04919931663335516, 0.0, 0.0590307562500012]","[0.006915547517406878, -0.3511887210328654, -0.006461161799693674, -0.9362567976533758]","[[0.7532493515571181, -0.016955937887163302, 0.6575162897095437], [0.007241288735642786, 0.9998207375235867, 0.01748763104297589], [-0.6576950195953175, -0.008411282447692577, 0.7532371951857908]]","[-0.04024349291063599, -0.00479254811812202, 0.007015867529304449]",[0.7056052410129472],"[0.001014764332029684, -0.29527151672534013, 0.0, -0.9554085682052095]",[0.48509723562],"[-19.153539481146183, -0.15413013065077885, -3.716957256841873]","[1484.5309457856706, 1416.5935676022639, 1505.798495303827, 1368.833440584062]"
23,0.46000000000000085,"[-1.4811397333099152, -0.0764321220204336, 1.9834809520606247]","[0.2368235000362859, 0.0, 2.1658109177566707]","[0.6113560896512918, 0.06797445121351446, 0.08209974205806905]","[-0.051188241295254455, 0.0, 0.06141562230259124]","[0.007452358913094508, -0.3504074286233687, -0.00645154531985523, -0.9365453222163168]","[[0.7543456897471789, -0.017307053028585755, 0.6562487178315924], [0.0068616053329221965, 0.9998053465093222, 0.018480282571426674], [-0.656441034756663, -0.009437604946716274, 0.754317859314468]]","[-0.04483973012222858, -0.11997631923907703, 0.020020370959288204]",[0.7020206397508422],"[0.0012930469968340326, -0.29001142874045366, 0.0, -0.9570197401165231]",[0.48509723562],"[-19.085229397564525, -0.948298387526449, -3.300189425448302]","[1465.5838161420997, 1436.1622500141768, 1501.1991335399207, 1369.8579765585118]"
24,0.4799999999999969,"[-1.4687716671629651, -0.07497780426958668, 1.9851454453269282]","[0.23577986807538104, 0.0, 2.1670630498041996]","[0.6511415171902124, 0.06480939092095718, 0.07447489447348228]","[-0.05317708003349642, 0.0, 0.0638000759633689]","[0.007796453292766622, -0.3485646384473594, -0.00654625478240757, -0.9372281616468195]","[[0.7569172510402086, -0.01770580451710494, 0.6532671154749068], [0.006835532824445251, 0.9997902960241928, 0.019177697036718292], [-0.6534712657535211, -0.010050525311061525, 0.7568813885756684]]","[-0.026470073103768504, -0.22440049315172733, 0.022943332359546282]",[0.6992053632420752],"[0.003099646320608926, -0.28541064317466397, 0.0, -0.9583933021520858]",[0.48509723562],"[-19.40092481204414, -1.1420689645193738, -3.8318589731160664]","[1449.9955208339047, 1437.482652757588, 1494.3250563795077, 1370.6973942884547]"
25,0.5,"[-1.4557454901234412, -0.07350800240041426, 1.9866519664701163]","[0.2346998612202081, 0.0, 2.168358789962739]","[0.6864834106909515, 0.06324881696278048, 0.06058261916244561]","[-0.05516583171399576, 0.0, 0.06618411179555839]","[0.008007923736275135, -0.34606801789734853, -0.006687023782988763, -0.9381513266590127]","[[0.7603842492561577, -0.018089453056594283, 0.6492212418563513], [0.007004307877050824, 0.9997821415938248, 0.01965361868636413], [-0.6494354385622586, -0.01039695842151873, 0.7603454281451743]]","[-0.0010086012030849929, -0.29069176539953584, 0.019913230791157716]",[0.7000286205254784],"[0.004078418245872682, -0.2805617822190592, 0.0, -0.9598248151620856]",[0.48509723562],"[-20.209903967610256, -0.41054922462463284, -4.115845128325208]","[1446.7354538525005, 1420.8763335132192, 1476.1524594300463, 1382.0198138482797]"
26,0.5200000000000031,"[-1.4418417548901652, -0.07214074097532379, 1.9879007649582936]","[0.23356684866880226, 0.0, 2.169718064024377]","[0.7133419116902203, 0.0681121043122368, 0.051634617708124525]","[-0.05715443811888138, 0.0, 0.06856745040109583]","[0.007617767739428035, -0.3420462596651921, -0.00681203817629662, -0.9396208111742582]","[[0.7659032515620395, -0.01801272359846274, 0.6426837828821392], [0.007590207749384639, 0.9997784782932718, 0.01897569056311444], [-0.6428913529807758, -0.009655561847519421, 0.7658799985196065]]","[0.04110054032396171, -0.38842932233606553, 6.14286049346359e-05]",[0.7017201620994096],"[0.0023811446141291832, -0.27840775185987043, 0.0, -0.9604590726712446]",[0.48509723562],"[-20.818168380528405, -0.46580270837841137, -3.8237279666836947]","[1446.080684942087, 1410.6993076659196, 1446.9195575318054, 1416.7314526756709]"
27,0.5399999999999991,"[-1.4297824898353952, -0.07099106834979384, 1.9889037053184884]","[0.23241119955322756, 0.0, 2.171104465803513]","[0.7376750357760953, 0.06488798546633041, 0.04405933207915628]","[-0.059142975133087125, 0.0, 0.0709504559847315]","[0.007215629236669304, -0.338677551649517, -0.00689768069342143, -0.940849372043494]","[[0.7704995441896583, -0.017866900384895835, 0.6371895813763989], [0.008091813810952503, 0.9998003815617187, 0.018249819691054207], [-0.6373886658023055, -0.008905461253821755, 0.7704905695769929]]","[0.07058533532284852, -0.4672500640694242, -0.014306196691059186]",[0.7037803035992239],"[0.004029815779129043, -0.2771492640469983, 0.0, -0.9608153515685808]",[0.48509723562],"[-20.895317059154976, -1.6949380605307218, -4.186214086047734]","[1442.7255868874847, 1412.0438606076366, 1434.0235437775696, 1437.854021322215]"
28,0.5600000000000023,"[-1.4179616475590202, -0.06992403626956432, 1.9896572731465898]","[0.23120736327311273, 0.0, 2.172548607777276]","[0.7615385072292812, 0.05557752577283474, 0.03536268825620079]","[-0.06113135387048586, 0.0, 0.07333270197373123]","[0.006784081119059421, -0.33571995863803683, -0.00697516616921603, -0.9419084560534255]","[[0.7744810197705645, -0.017695038859700148, 0.6323402956279246], [0.008584833128949284, 0.9998047535131549, 0.017463371740834188], [-0.6325295760003681, -0.00809656174954363, 0.7744862781434809]]","[0.07100507556345871, -0.4839058218377616, -0.010749015117850669]",[0.706181808850292],"[0.007950106864310665, -0.2751841168329884, 0.0, -0.9613565346178864]",[0.48509723562],"[-20.298346328605213, -1.4688026953880424, -4.128053166487703]","[1435.242800518372, 1427.2952065087754, 1438.5405278687297, 1444.6466002703278]"
29,0.5799999999999983,"[-1.4008443524399576, -0.06844855710880829, 1.9906611171665531]","[0.22996631687620345, 0.0, 2.1740373261466117]","[0.7922639203617828, 0.0544871798679808, 0.03297816401656817]","[-0.06311959575279448, 0.0, 0.07571429119247304]","[0.006090179760475502, -0.33040762068326596, -0.00715896738997168, -0.9437882179314507]","[[0.7815528439760708, -0.017537581758805668, 0.623582440234652], [0.009488614542037296, 0.999817055008195, 0.016226434569781994], [-0.6237568378278692, -0.00676492504230346, 0.7815811650252223]]","[0.07336896553128368, -0.5116597353454816, -0.007200161074564886]",[0.7042963135448934],"[0.008253143422399696, -0.2710341678922392, 0.0, -0.9625321769328827]",[0.48581036773904707],"[-19.03761626670674, -0.24531883932710824, -3.211921269052521]","[1427.9510429708541, 1437.8317602818015, 1421.8600178399358, 1475.9565770348613]"
30,0.6000000000000014,"[-1.38255185203811, -0.06703493291515106, 1.9917648937502643]","[0.2286844809280703, 0.0, 2.175574898027516]","[0.8252665011232803, 0.05837676996494805, 0.03760136724200886]","[-0.06510767305994464, 0.0, 0.07809509063286543]","[0.004954859564130389, -0.32355465008278883, -0.007289472063657797, -0.9461640351793194]","[[0.7905101841069497, -0.017000408309117896, 0.6121993100259842], [0.010587736899191628, 0.999836306020741, 0.01409330500357903], [-0.6123437832674725, -0.004659134672198778, 0.7905673556462829]]","[0.08607886445428498, -0.5460294874197484, -0.01764631669530803]",[0.698212747824028],"[0.0064530067702640425, -0.2664388197213681, 0.0, -0.963828336506972]",[0.48623851398999995],"[-19.1601005433587, -0.4829435831400872, -2.9807068944486232]","[1442.372293109459, 1425.352287535052, 1411.3428464797557, 1493.9344278306573]"
31,0.6199999999999974,"[-1.3687099961211762, -0.06612340575108099, 1.9926449111792328]","[0.22735711153548277, 0.0, 2.177166989050635]","[0.8471264620669133, 0.05416493422055545, 0.04018311983190571]","[-0.067095545839723, 0.0, 0.08047490860377719]","[0.004365486497328094, -0.3190812530286934, -0.007363807846551153, -0.9476853599825616]","[[0.7962595272972739, -0.016743035583097064, 0.6047129710729222], [0.011171255976507904, 0.9998471044212793, 0.012973521354918905], [-0.6048415574878143, -0.003574909215958641, 0.796329863684559]]","[0.07304556597836673, -0.5287562993505551, -0.015836788721423536]",[0.69533108930593],"[0.007634308665664519, -0.26480156472347066, 0.0, -0.9642716818889455]",[0.48623851398999995],"[-19.84565238926906, -1.1316380020836152, -3.2171802794747464]","[1432.4735204318927, 1430.2670225794975, 1418.3891854829146, 1477.091900539866]"
32,0.6400000000000006,"[-1.3536771239909309, -0.06524663307977129, 1.993638280235128]","[0.22599852523572092, 0.0, 2.178796446814669]","[0.869911467092985, 0.049190545739283255, 0.045220627266775074]","[-0.06908326517207004, 0.0, 0.08285399024864393]","[0.0038068111403903645, -0.31473997953285365, -0.0073751348199160354, -0.9491380741974984]","[[0.8017619283724415, -0.016396353840667847, 0.597407244602757], [0.011603731199020235, 0.9998554541830066, 0.011868878353792205], [-0.5975195475843342, -0.002583879224702568, 0.8018417299775482]]","[0.0602916734644024, -0.5182901108906302, -0.01548392662311699]",[0.6907661077773309],"[0.011269902209890973, -0.26062573201957934, 0.0, -0.9653626304556762]",[0.48623851398999995],"[-17.30444328112275, -1.5293989978168863, -2.3623084423876755]","[1415.334825467353, 1432.4709766469741, 1399.7764098358755, 1472.767587379681]"
33,0.6599999999999966,"[-1.3303844228593262, -0.06403586371154119, 1.9953726603731374]","[0.2245929266448443, 0.0, 2.180482161605881]","[0.9148723240931985, 0.04003815388652291, 0.05924508294934345]","[-0.071070733065833, 0.0, 0.0852318653959716]","[0.003342255910348789, -0.3084718453738707, -0.007348731274309623, -0.9511955282744127]","[[0.809575220444106, -0.016042144349981313, 0.5867849571552934], [0.011918176956473243, 0.9998626378716879, 0.01089203114723092], [-0.586883202517434, -0.0018245243578590576, 0.8096608867976496]]","[0.02770632865674931, -0.5255351689091945, -0.010129300833604396]",[0.6765004696036211],"[0.014077395195945416, -0.25121840376684096, 0.0, -0.9678204647881752]",[0.48623851398999995],"[-16.358487428272213, -0.615866730780279, -1.0309493916885941]","[1402.9788383395203, 1423.3795575502481, 1375.4022876515198, 1471.6335984155974]"
34,0.6799999999999997,"[-1.3137956762098564, -0.06319619622315577, 1.9968383640357845]","[0.22315231921857842, 0.0, 2.1822097587688223]","[0.9398148391585339, 0.0444901864024936, 0.07697815823119022]","[-0.07305800087359705, 0.0, 0.08760878048308574]","[0.0031654817635127512, -0.3046917609434173, -0.007349240966940742, -0.9524139485092323]","[[0.8142112690601511, -0.01592803164125763, 0.5803388384601893], [0.012070046790221733, 0.9998653668841619, 0.01050820431427165], [-0.5804318940132154, -0.0015511916270129393, 0.8142992511961411]]","[0.009389609617649397, -0.514619674004124, -0.00020402282973547292]",[0.6602065359759901],"[0.012397713714494715, -0.2459387668036071, 0.0, -0.9691990756371828]",[0.48623851398999995],"[-16.89957424190229, -0.5165538329171688, -0.669587088828095]","[1393.1679353307763, 1408.972114943656, 1378.4487035205816, 1447.289599645475]"
35,0.7000000000000028,"[-1.2945095938582387, -0.06235604383179581, 1.998844387387915]","[0.22167475770173772, 0.0, 2.1839815448308486]","[0.9691300299118992, 0.036786636932624, 0.09004937935001452]","[-0.07504503373089887, 0.0, 0.08998456828471572]","[0.003135821992399127, -0.2994964531728936, -0.007350103937997744, -0.954061042113479]","[[0.820490155967183, -0.015903230774467217, 0.5714296992116928], [0.012146560516446837, 0.9998667401343334, 0.010386191315666237], [-0.5715218936819936, -0.0015808710761364697, 0.8205785372638457]]","[-0.0022593424969614044, -0.5057025002209261, 0.0005826520057992906]",[0.6470829759424342],"[0.015472139067507738, -0.23957638186476723, 0.0, -0.9707538321187839]",[0.48623851398999995],"[-16.842365936827886, -0.9923118981595092, -0.6357942613020704]","[1376.6488905157225, 1395.4549261177776, 1366.9892167707121, 1426.8063891624117]"
36,0.7199999999999989,"[-1.2784859515778153, -0.06173279284660997, 2.0007880107317155]","[0.2201551811461899, 0.0, 2.18580355818922]","[0.9827669082095243, 0.036474546563950556, 0.10371110757027768]","[-0.07703178453454348, 0.0, 0.092359002846483]","[0.0033750350554127228, -0.2951020873226264, -0.007374096695471761, -0.9554297231214647]","[[0.8257177274413388, -0.016082822107329645, 0.563848835496748], [0.012098902548772324, 0.9998654296024302, 0.010801440270941626], [-0.5639483868361449, -0.002096994963131233, 0.8258037003222366]]","[-0.021257042067944786, -0.49708796818103057, 0.010932180851288326]",[0.6398743393686472],"[0.01492464648814728, -0.23967664644365141, 0.0, -0.9707373126092105]",[0.48623851398999995],"[-17.51243512768543, -0.521407102304293, -0.5763860735427571]","[1341.9441936918618, 1377.5322019611833, 1354.1686345847106, 1382.9051444152171]"
37,0.740000000000002,"[-1.2595442650198092, -0.06103805626691685, 2.0032331291262837]","[0.21859109178337252, 0.0, 2.1876787560432533]","[0.9968818069105351, 0.03344451175652337, 0.11416776100431199]","[-0.07901820506591564, 0.0, 0.0947318529256809]","[0.003918378992616136, -0.2906969745940134, -0.007468662728391345, -0.9567724687324781]","[[0.8308683986573077, -0.016569743590478962, 0.5562031939684776], [0.01201349991661397, 0.9998471533456731, 0.01184022960320251], [-0.5563202541730291, -0.0031557589655767755, 0.8309492531153491]]","[-0.043200551167991284, -0.48418048188175605, 0.02226077864287327]",[0.6330740140819605],"[0.015657849951610514, -0.23785199172406277, 0.0, -0.9711750633205558]",[0.48623851398999995],"[-17.256914475808184, -0.7206764922138713, -1.0676236135565738]","[1320.3575291389648, 1349.9902472846434, 1326.9300772103213, 1357.344842826589]"
38,0.759999999999998,"[-1.2440146645623673, -0.060472243832929755, 2.005319966262401]","[0.2169960064711898, 0.0, 2.1895909741312365]","[1.0044787023873438, 0.031615854334307664, 0.11804457451975724]","[-0.08100438057670468, 0.0, 0.09710352757087766]","[0.004669443665987516, -0.28569422583472215, -0.007565127800056875, -0.9582790252843978]","[[0.836642072170233, -0.017167072775247105, 0.5474789186483795], [0.011830940402314504, 0.9998408461125358, 0.01327188651008181], [-0.547620218400733, -0.0046266331893698755, 0.8367129270791956]]","[-0.057311388599054984, -0.45927345116803964, 0.024605519930527876]",[0.631190190588055],"[0.01580731141913013, -0.236980016141769, 0.0, -0.9713857100197152]",[0.4862838040795023],"[-18.01456025435641, -0.8924226258965728, -2.887080658693314]","[1317.4567156761211, 1323.4049645180337, 1278.2845395095644, 1373.4394180242136]"
39,0.7800000000000011,"[-1.2226109945198445, -0.05971887404550813, 2.008248610099569]","[0.21535150744575796, 0.0, 2.191562179565536]","[1.0042830871861845, 0.027039135560146848, 0.10884552725287674]","[-0.08299013400512657, 0.0, 0.0994731774897373]","[0.005191449899485698, -0.28241178655079907, -0.007639390960484354, -0.9592467547549121]","[[0.840366510182828, -0.017588375256102698, 0.541725860475914], [0.011723868692491809, 0.9998254422443384, 0.014274671035729563], [-0.5418844985376498, -0.0056448548384879175, 0.8404293284672045]]","[-0.06321821769278367, -0.4792176095556915, 0.031018145281766964]",[0.6365963262218273],"[0.017044867626210193, -0.23548227905193606, 0.0, -0.9717284976456645]",[0.4868558292404872],"[-18.459727572552197, -1.0185103359498946, -2.4533463743385155]","[1274.991163531788, 1339.6459349489305, 1270.484274980623, 1358.1175622832077]"
40,0.7999999999999972,"[-1.20176260984614, -0.059018892315725165, 2.011082269214687]","[0.2136755381818346, 0.0, 2.193570927463056]","[1.0041015487109148, 0.02567949310618276, 0.12061903562990572]","[-0.08497559341709095, 0.0, 0.10184141712471359]","[0.006340319233245691, -0.2754830286033769, -0.007913919906329107, -0.9612501978289064]","[[0.8480886132973184, -0.01870781484049548, 0.5295158779298197], [0.011721213461748424, 0.9997900120983374, 0.01654956748235187], [-0.5297165850441896, -0.007828964986671492, 0.8481334742579271]]","[-0.06984972755567756, -0.4903034065246996, 0.04849955862373268]",[0.6330018300886829],"[0.017133950462237205, -0.23722985354850284, 0.0, -0.9713008890759695]",[0.48703226752800005],"[-17.99615531833678, 0.001965385549295262, -1.3628909607665314]","[1258.7694612978419, 1339.2076915892494, 1272.1427843105698, 1346.1290197635678]"
41,0.8200000000000003,"[-1.181696237988971, -0.058365835108804755, 2.013857121022316]","[0.21195408437745106, 0.0, 2.19563391234744]","[1.001761148017335, 0.034460327194437444, 0.12456697256195236]","[-0.08696060444127288, 0.0, 0.1042075061312277]","[0.007277585079806472, -0.27056748614847353, -0.00823320588201579, -0.9626356752178618]","[[0.8534458562069425, -0.019789311207433633, 0.5207959937284986], [0.011912999606334133, 0.9997534588391637, 0.018466601691389556], [-0.5210356651536424, -0.009556050417630201, 0.853475501075946]]","[-0.08559968923819967, -0.485547968082535, 0.062323835070315775]",[0.6327019540073869],"[0.012710703246053305, -0.23748849264671898, 0.0, -0.9713048546534498]",[0.48703226752800005],"[-17.964406986861466, 0.5815964433316814, -2.4098688794750593]","[1254.6443605492368, 1341.6038705863723, 1269.9896033691693, 1353.2955745902168]"
42,0.8400000000000034,"[-1.1639678422366182, -0.05772387659534583, 2.016413157879624]","[0.21019756476436624, 0.0, 2.197738684017052]","[0.997501081343282, 0.040164604025914735, 0.1266032722338111]","[-0.08894524401131562, 0.0, 0.10657181364416951]","[0.008228039864375017, -0.26612447592752625, -0.008570482921130346, -0.9638633715725078]","[[0.85820460983393, -0.02090091472236577, 0.5128742327006803], [0.01214218353509539, 0.9997136819293115, 0.020423043041882263], [-0.5131563058012083, -0.01129978193855575, 0.8582161149089134]]","[-0.08345309375408973, -0.5031681284756861, 0.060375827195055666]",[0.6337802352467706],"[0.00997424483082475, -0.2377327675505202, 0.0, -0.9712778430119624]",[0.48703226752800005],"[-18.200565949184924, -0.9222768039661683, -3.615350545352367]","[1239.6827823016324, 1365.9928359363855, 1255.2280501623104, 1381.0109792844753]"
43,0.8599999999999994,"[-1.1433735502897853, -0.05686835596054801, 2.019565225127921]","[0.20839765539713703, 0.0, 2.199895126940603]","[0.9892335865235587, 0.03364578896095853, 0.11943278669742995]","[-0.0909293910101925, 0.0, 0.10893375897627501]","[0.009410931386865714, -0.2609803366529803, -0.008995333479192149, -0.9652541961288489]","[[0.8636125766300138, -0.022277702855861704, 0.5036554211904684], [0.012453430689612452, 0.9996569176098831, 0.02286309234071642], [-0.503994039055167, -0.01347267170189485, 0.863597277419681]]","[-0.08042288517017702, -0.49226174007740453, 0.06380639788151382]",[0.6397235908668797],"[0.012891492722257562, -0.236852711410117, 0.0, -0.9714592960009196]",[0.48703226752800005],"[-18.131893112381995, -0.8644240828836953, -3.356721878099016]","[1212.278002547955, 1382.369559872421, 1253.6390012739776, 1371.0085611463987]"
44,0.8800000000000026,"[-1.1231530633651097, -0.055962875198559435, 2.022917165359593]","[0.2065599982707931, 0.0, 2.2020964897485573]","[0.9846278455814459, 0.040307456342970914, 0.13270921732697405]","[-0.0929130794727142, 0.0, 0.11129350553379527]","[0.010194272938604532, -0.2569273470320496, -0.009309231046602175, -0.9663315974281026]","[[0.8678023559530891, -0.02322998321825329, 0.49636422567661476], [0.012753233214108175, 0.99961783285745, 0.024485688178183362], [-0.4967438290451651, -0.014918504035335815, 0.8677678331169536]]","[-0.07769058510146816, -0.45418873084730926, 0.06377397277947576]",[0.635470311721924],"[0.009984510304497825, -0.23787391009272035, 0.0, -0.9712432214194635]",[0.48703226752800005],"[-16.902147648847503, -0.03166199475655518, -0.2765819180451494]","[1228.4661127182558, 1367.6673986365577, 1262.4364618702414, 1361.7228414078209]"
