,t,p,p_d,v,v_d,q,R,w,T_sp,q_sp,hover_throttle,fa,pwm
0,0.0,"[0.3830818001947394, -0.05052171972707692, 2.240331819026893]","[0.24983306210141387, 0.0, 2.150200325470875]","[-0.02109152299180491, 0.007784020702195655, -0.10042240284480417]","[-0.005698297744214589, 0.0, 0.006837957056739369]","[0.006531306923808204, 0.019926707717826998, 0.02082892743960642, -0.9995631331662541]","[[0.9983381972565156, 0.04189995083222341, -0.03956392456423506], [-0.04137936105587882, 0.9990470286771931, 0.013887011123194081], [0.04010808503624226, -0.012226803326534627, 0.9991205697528184]]","[0.010532518092651282, 0.016874417846947865, -0.008886503772321959]",[0.48248295993804136],"[0.008055556270989932, 0.03127916034156533, 0.0, -0.9994776647388406]",[0.469194810098],"[1.0552578790766103, -0.3703974786622236, -0.711128164224661]","[1086.4949643303207, 1067.4328514182125, 919.7976530712579, 958.5660168771824]"
1,0.020007968127487175,"[0.382709735595118, -0.050268060775738026, 2.2399909006036185]","[0.2496946638779185, 0.0, 2.150366403328665]","[-0.019589172291907427, 0.007624340038218358, -0.09645253279990011]","[-0.007688526935748414, 0.0, 0.009226231361474069]","[0.006572104122362061, 0.019881467486153867, 0.020932988229583144, -0.9995616152615798]","[[0.9983331525113108, 0.04210894920287625, -0.03947035595198708], [-0.041586296905178816, 0.9990373129049265, 0.013970803074180015], [0.04002065106493508, -0.01230608897468202, 0.9991231473985602]]","[0.0009194056545352054, -0.009510191980663205, -0.010804776953483582]",[0.48216982859013946],"[0.008573354034211854, 0.033669557368929535, 0.0, -0.999395013052276]",[0.469194810098],"[1.0520789535801227, -0.3723905580389706, -0.6939018257543452]","[1110.243976927592, 1065.478927957523, 942.251875570469, 970.3499593809963]"
2,0.040015936254981455,"[0.3823453882726465, -0.04998498992253205, 2.239686713790771]","[0.2495267528133528, 0.0, 2.150567896577507]","[-0.018752616759929997, 0.007584239169743934, -0.08520168095702627]","[-0.009678755868856845, 0.0, 0.011614504425742325]","[0.0067162600818279055, 0.020175148042964934, 0.020967342284290234, -0.9995540677005452]","[[0.9983067763651708, 0.042186987621155754, -0.04005065833760058], [-0.04164498145537202, 0.9990306332633084, 0.014272568638357908], [0.04061394683362459, -0.012580491699745611, 0.9990958189511305]]","[-0.013975901095045654, -0.05356628944711456, -0.0066722241748880355]",[0.47823552390212937],"[0.009067959377133705, 0.03586542732989835, 0.0, -0.9993150129288377]",[0.4692244974738775],"[1.0767813835769007, -0.02344838294248297, -0.4853493008892329]","[1097.3903739682494, 1080.4934566798245, 947.6036598845252, 971.291238816762]"
3,0.06002390438246863,"[0.3820141212485016, -0.04971050933006699, 2.23956514993068]","[0.2493118065482456, 0.0, 2.1508258320058244]","[-0.01907973768109754, 0.012439866361014927, -0.09407558032416494]","[-0.011668984121113944, 0.0, 0.014002774221849694]","[0.006699019828381097, 0.020655973063901028, 0.02097329918653089, -0.9995441153604503]","[[0.9982667669163818, 0.042204225109441294, -0.04101211155189821], [-0.04165072601692298, 0.9990303516294929, 0.014258379502398838], [0.041574113740366764, -0.01252548389016636, 0.9990567717405953]]","[-0.01671905359830025, -0.07866819817820249, -0.005816791618912533]",[0.48390241322693633],"[0.006837381434629676, 0.03671315572947835, 0.0, -0.9993015856125863]",[0.469409718925],"[1.0891702395941973, 0.13300486857649324, -0.5914527303927244]","[1073.4918601635202, 1091.4149020041543, 948.9623851554845, 955.9340558921326]"
4,0.08003187250996291,"[0.3816906369152307, -0.04941544292166027, 2.239343173090636]","[0.24905399496893743, 0.0, 2.1511352056881092]","[-0.018651697347966456, 0.01417522378110739, -0.08039487631090975]","[-0.013659211236511532, 0.0, 0.01639103856117369]","[0.0068168172454350145, 0.021806952816508112, 0.02101054377073966, -0.9995178895517478]","[[0.998165494390654, 0.042298136760188565, -0.043306428839196776], [-0.04170352071206873, 0.9990236427782215, 0.014543413446549726], [0.043879328987646155, -0.012710709699918932, 0.998955442295023]]","[-0.015921744226531233, -0.12590340739264977, -0.004214404458254578]",[0.47744123355551926],"[0.007978322649128929, 0.039522562296402775, 0.0, -0.9991849327486458]",[0.469409718925],"[1.2253173529021277, -0.30289064873182103, 1.0367609106824425]","[1070.1354222322148, 1087.8173972496247, 928.2808219641591, 973.668780651138]"
5,0.10003984063745008,"[0.381366432840572, -0.04915018689986003, 2.239196105029677]","[0.24876658701706392, 0.0, 2.151480094840069]","[-0.018107124231860283, 0.013654183775492039, -0.07471880932925803]","[-0.01564943702428651, 0.0, 0.018779296527883328]","[0.006929005332994635, 0.023369329525578325, 0.021054907042061373, -0.999480838441761]","[[0.9980205228541255, 0.04241180470524816, -0.04642261500973335], [-0.041764099869603194, 0.9990167517492662, 0.014834894241170526], [0.047006173262453946, -0.012866737997985118, 0.9988111188454157]]","[-0.022257675813321588, -0.1683654158321501, -0.006042488444906186]",[0.47496915776896403],"[0.007745197398691357, 0.04113159862438479, 0.0, -0.9991228767819923]",[0.469409718925],"[1.2641551067947505, -0.7461008517473342, 1.0614310803722198]","[1065.109644458854, 1093.8849812353299, 923.959963315783, 973.456494761719]"
6,0.12004780876493726,"[0.38101850252261427, -0.04884358157604322, 2.239227149400078]","[0.24843355785198912, 0.0, 2.1518797290715588]","[-0.018493485886179804, 0.009962843033333306, -0.06229043176151417]","[-0.017639660130060214, 0.0, 0.021167541620971543]","[0.007231768165906372, 0.025727684795710887, 0.021089261197908975, -0.9994199336874275]","[[0.9977858316197664, 0.042526169359638245, -0.05112049676937378], [-0.04178194275208586, 0.9990050622080505, 0.01554030225097443], [0.05173054736046787, -0.013369990792277556, 0.9985707485539028]]","[-0.018398967890086458, -0.19473714330199793, -0.00021383991056378655]",[0.4704738233828261],"[0.010313235559010018, 0.042817272810818464, 0.0, -0.9990295989217611]",[0.469409718925],"[1.0519706427135718, -0.6140803087593778, 0.1163270884945895]","[1051.9113848001002, 1105.7310083120256, 930.4896995091384, 954.8425808551099]"
7,0.14005577689243154,"[0.38065278883398673, -0.04854886920587972, 2.2394169603359146]","[0.24806070722277762, 0.0, 2.15232714848186]","[-0.021973166192075642, 0.01113752415827515, -0.07068815099255825]","[-0.019629879680794764, 0.0, 0.02355576965001793]","[0.007498474213373387, 0.028322981269083128, 0.021104536212570402, -0.999347632205682]","[[0.9975043243939151, 0.04260629487504676, -0.05629250489537788], [-0.041756778296278454, 0.9989962526987956, 0.016182651668262753], [0.05692551217767854, -0.01379167813289748, 0.9982826730603533]]","[-0.021947606941343158, -0.21748954833450118, -0.0007744509152286303]",[0.4758069216134383],"[0.00979764837212415, 0.04201977106577053, 0.0, -0.9990686728830747]",[0.469409718925],"[1.0597159098684321, -0.16600032966509964, -0.36875904083906974]","[1046.1574011042162, 1095.6864776086281, 920.1212077258582, 967.0117176257775]"
8,0.1600637450199187,"[0.38023544749034394, -0.0482404275148888, 2.2396959753396204]","[0.24764929608412342, 0.0, 2.1528208396824304]","[-0.0244280935406112, 0.013119541843911977, -0.06067831963213836]","[-0.021620094569769256, 0.0, 0.02594397530284131]","[0.007640413483664363, 0.030542790837202023, 0.021034608402379425, -0.9992827931280007]","[[0.9972491597371336, 0.04250576357524945, -0.06072034446412481], [-0.04157232537148425, 0.998998132044981, 0.01655477874277058], [0.06136319688676937, -0.013984956163665272, 0.9980173174020137]]","[-0.02265553443014071, -0.22852640891565953, 0.004785427714180706]",[0.4723847812058549],"[0.009042415813148096, 0.04280959481060663, 0.0, -0.9990419903767632]",[0.469409718925],"[1.2354051283529206, -0.1145095952924049, 0.9855117214244515]","[1035.2996139280763, 1097.4041827529968, 916.8083655059937, 961.4912484220825]"
9,0.180071713147413,"[0.37975870022148844, -0.047932650145995334, 2.2400716183350555]","[0.24718726953695683, 0.0, 2.1533752676019677]","[-0.02741956492747913, 0.015346824877088518, -0.05633471699317997]","[-0.02361030069774491, 0.0, 0.028332138902666205]","[0.007750913160762903, 0.03233644726298416, 0.021020522894446454, -0.9992252450122141]","[[0.9970236587201974, 0.042509748268302186, -0.06429693238326241], [-0.04150720028965027, 0.9989947970537295, 0.01684927426429665], [0.06494864537345714, -0.014130358144230176, 0.9977872301760579]]","[-0.01584754101362547, -0.2317967160614691, 0.0062093007386168665]",[0.4716469017207389],"[0.008156672503620276, 0.043205521519407694, 0.0, -0.9990324504643538]",[0.469409718925],"[1.3134860091989808, -0.32177420656759653, 0.9659350580250425]","[1035.6531466768965, 1091.8992761520228, 908.1651322087449, 967.8759939478648]"
10,0.20007968127490017,"[0.3792298320051957, -0.04760641958518075, 2.240445984131729]","[0.24670400079143914, 0.0, 2.15395518520922]","[-0.030325642195868967, 0.01479637748500761, -0.04718339824411111]","[-0.02560050235638872, 0.0, 0.03072028104988876]","[0.008006819659396541, 0.03408137747603347, 0.021006191226179975, -0.9991657175644725]","[[0.9967934399566906, 0.04252309914599412, -0.06776950239309563], [-0.04143156537321644, 0.9989883022159021, 0.017432119285806905], [0.06844227353261091, -0.014568439555754178, 0.997547741774236]]","[-0.023650592403147822, -0.2317840102864802, 0.0037099408572774193]",[0.46872895733930114],"[0.008786166099206454, 0.043955363513664164, 0.0, -0.9989946468479031]",[0.469409718925],"[1.1679185742215383, -0.5786793577443017, 0.0739865354903877]","[1048.5988247782357, 1085.496289997885, 895.5285223884875, 991.7442379026697]"
11,0.22008764940238734,"[0.37858984736330686, -0.047257573469389094, 2.2409074885632534]","[0.24617278358729924, 0.0, 2.1545926381187126]","[-0.03626545932085559, 0.013896915775326644, -0.05643190307114341]","[-0.027590691600240594, 0.0, 0.0331083636063833]","[0.008454575214820775, 0.03739274549928218, 0.02092195413460241, -0.9990458239658684]","[[0.9963280926449194, 0.042436261373384604, -0.07436036000560872], [-0.04117170225613527, 0.9989815677927415, 0.018457674736149746], [0.07506790494509682, -0.015328357510938376, 0.9970605892904141]]","[-0.038923343209472674, -0.22146835306042606, 0.004878579736322491]",[0.4756406858778297],"[0.007943896422109712, 0.04230390228219071, 0.0, -0.9990723453109399]",[0.469409718925],"[1.1731076340463003, -0.6389766087904856, -1.2180145354604939]","[1015.1722799178481, 1110.964379301709, 914.2752596303164, 960.6198194660126]"
12,0.24009561752988162,"[0.3778420695049155, -0.04689466331986032, 2.2414366522560223]","[0.2455967813868376, 0.0, 2.155283829131669]","[-0.04186267845064925, 0.013069835434644794, -0.0589910068573103]","[-0.0295808654194558, 0.0, 0.03549637212545507]","[0.008737982769572928, 0.03933902892285242, 0.02076828289862394, -0.9989714967391762]","[[0.9960415228690409, 0.04218133281768122, -0.07823419141041166], [-0.04080635779008276, 0.9989839365764643, 0.019091999614856695], [0.07896008300289883, -0.015823983288348904, 0.9967514613323928]]","[-0.03687570280517302, -0.19259554634992065, 0.009506412993829625]",[0.4789443638299293],"[0.008463880443660171, 0.041162708629666256, 0.0, -0.9991150157731329]",[0.469409718925],"[1.2397837307830013, -0.37608472359207246, -1.0427976997630921]","[1012.77162884919, 1102.2116546271552, 916.4960579843996, 949.35683024075]"
13,0.2601035856573688,"[0.37698745099672565, -0.04654020557273936, 2.2419166573682863]","[0.24498502029873026, 0.0, 2.156017926664006]","[-0.04877443801434731, 0.01550735924119738, -0.06444012308773468]","[-0.03157102391369942, 0.0, 0.03788430708536394]","[0.008856087833492768, 0.04103989833580484, 0.020632576589725105, -0.9989049115958611]","[[0.9957794762299056, 0.041946870077387385, -0.08162446421704078], [-0.040493058300029375, 0.9989911621573029, 0.0193862969600966], [0.08235535985908027, -0.0159992615775045, 0.9964740220799383]]","[-0.017466610927058118, -0.16556608527322814, 0.014070873971765083]",[0.48291211962951974],"[0.007522984118468195, 0.03969295994389285, 0.0, -0.9991829738665369]",[0.46955301254930903],"[1.2997133535167251, -0.28353229067270397, -0.5040389011124446]","[1018.2405480378007, 1105.1768597611215, 913.3225139067393, 964.814682480935]"
14,0.2801115537848631,"[0.37600880791353186, -0.04616442906628977, 2.242393755002857]","[0.24433344038493857, 0.0, 2.1567998009725597]","[-0.05496859500761396, 0.015949818189726083, -0.0565898516492664]","[-0.03356116215463478, 0.0, 0.04027214483092886]","[0.009015096972529441, 0.042634673919794266, 0.020502135867566895, -0.9988393733572454]","[[0.9955233127467393, 0.04172539252444948, -0.08480072447669541], [-0.040187969645333006, 0.9989961996403856, 0.01975747137633828], [0.08554003944865578, -0.01626106386684615, 0.9962014439501555]]","[-0.011644802066321298, -0.15371579449762324, 0.014684660584133662]",[0.4805588059852946],"[0.007854935077031475, 0.03932551996508801, 0.0, -0.9991954953339233]",[0.46965151112],"[1.4349194182236142, -0.522497731075921, 0.6654056305167799]","[1028.1751583040673, 1113.5795565924575, 907.0775405952633, 987.5271314967642]"
15,0.30011952191235025,"[0.37487135772146923, -0.04577766904757585, 2.24287708641054]","[0.2436361394068242, 0.0, 2.1576365316916886]","[-0.06141386175801879, 0.015723322272302984, -0.049921878721552765]","[-0.0355512716343698, 0.0, 0.04265984452548092]","[0.009168324749398096, 0.04387205969088254, 0.020363074601528038, -0.9987872676601868]","[[0.9953206517900642, 0.04148122586618345, -0.08726431868887631], [-0.03987229270349949, 0.999002050675684, 0.020101152099761446], [0.08801109981224843, -0.016527672002128915, 0.9959818450470982]]","[-0.011976485176575406, -0.12420002278752201, 0.014318307007282625]",[0.47858777402975927],"[0.008509785769245418, 0.038853454881277956, 0.0, -0.9992078367240946]",[0.46965151112],"[1.4070432799544585, -0.6680085739711805, 0.13714979017681728]","[1042.3220794652843, 1112.7631645995205, 911.9883849528596, 997.2168569081603]"
16,0.3201274900398374,"[0.3736461855497374, -0.04538468185343112, 2.2433811865308493]","[0.24291486617344688, 0.0, 2.1585020238364474]","[-0.06890678586460726, 0.01462809351899976, -0.048815266044242064]","[-0.03754136450175275, 0.0, 0.04504746448243523]","[0.009305505292581638, 0.04485956429372521, 0.020223022341937, -0.9987452388898476]","[[0.9951572934926236, 0.04123017638586152, -0.08923018163119234], [-0.039560412734028855, 0.9990088696523688, 0.020402050154783507], [0.0899829233969319, -0.01677326627093725, 0.9958020499004081]]","[-0.012765865419002483, -0.08226353061963175, 0.013875145765115587]",[0.4791739823908755],"[0.009585880572993507, 0.037584045079289856, 0.0, -0.999247484592845]",[0.46965151112],"[1.1960328169415098, -0.401995968851105, -0.501031886527489]","[1058.699986763268, 1103.77505625611, 916.7001191305859, 1004.22494374389]"
17,0.3401354581673317,"[0.3722139638783849, -0.0449558500297379, 2.2440269982591525]","[0.2421397929887922, 0.0, 2.1594320605876693]","[-0.07860255266124853, 0.017348037367623158, -0.049869544815937215]","[-0.03953141214107021, 0.0, 0.04743486735093938]","[0.009281773685250945, 0.04560996089642174, 0.02000407365140522, -0.9987158623339897]","[[0.9950390935046448, 0.04080345400357907, -0.09073143628654791], [-0.03911008866424415, 0.9990273279251026, 0.020364479254128126], [0.09147412942420964, -0.016714939186089198, 0.9956671167844581]]","[-0.010253716067292027, -0.07009692472044941, 0.01724188227812709]",[0.4806209508062319],"[0.008407632740615338, 0.035094364949469214, 0.0, -0.999346107484764]",[0.46965151112],"[1.2106021956681032, -0.4360174355419396, -0.5019697920747888]","[1042.39021583981, 1109.1447954657867, 914.6841267360344, 997.3963424684714]"
18,0.3601434262948189,"[0.37064299129121747, -0.04452540748449523, 2.2446870141593993]","[0.24132894314391648, 0.0, 2.1604050162376294]","[-0.08665863064289767, 0.016423834441450784, -0.04834146450310021]","[-0.04152142347631743, 0.0, 0.04982209596666852]","[0.009250326348560179, 0.0459720954698662, 0.019786297292425824, -0.9987039360215212]","[[0.9949901892399988, 0.04037181974252213, -0.09145896597145589], [-0.03867079219842842, 0.99904591928867, 0.020295909763826385], [0.09219108480019417, -0.016657439571336162, 0.9956020472859776]]","[-0.0038665363319113927, -0.030646030881875896, 0.01909236846899862]",[0.4810542950638913],"[0.009322259962629014, 0.03369344342087541, 0.0, -0.9993875442704403]",[0.46965151112],"[1.391707545523078, -0.3096728519217776, -0.20751958691267447]","[1032.4890995077133, 1109.844342564289, 922.6582525058449, 985.3425685808819]"
19,0.38015139442231316,"[0.36892328659795554, -0.044064729669975794, 2.245396526939786]","[0.24047827767082575, 0.0, 2.16142573332032]","[-0.09466607767850001, 0.020597465409351905, -0.04511753875835148]","[-0.04351138883059707, 0.0, 0.052209103883256884]","[0.009235602205691444, 0.0460684519101758, 0.019603453554967558, -0.9987032526652468]","[[0.9949868855795637, 0.040007005449785214, -0.0916553261381073], [-0.03830512586548757, 0.9990608974061606, 0.02025345344103352], [0.092379524933673, -0.01664105041155197, 0.9955848836659237]]","[0.0008578866197697134, -0.007369437206855607, 0.018773850072315294]",[0.4806214868005336],"[0.007343723056409677, 0.0323927556121956, 0.0, -0.9994439493751094]",[0.46965151112],"[1.3236162210090323, -0.28818463294317276, 0.24178059287013554]","[1024.4146428361846, 1115.2139358979791, 921.8673587138161, 984.6816266937968]"
20,0.40015936254980033,"[0.3670456374505429, -0.0435827992440981, 2.2461600125136023]","[0.23958779755757284, 0.0, 2.16249420709559]","[-0.1031458428008378, 0.01977983809398861, -0.03853049858538221]","[-0.04550130128345876, 0.0, 0.05459585788638099]","[0.009289115429019393, 0.04610394501730634, 0.019511164380639042, -0.9987028951108256]","[[0.9949875010865512, 0.0398282424418527, -0.09172580381345567], [-0.03811518297385701, 0.9990660732479615, 0.020353216243617828], [0.09245076964580097, -0.016755049644303396, 0.9955762968266205]]","[-0.011739736060049712, -0.004033208613642399, 0.015266671874781661]",[0.47857288291127054],"[0.008273286347093232, 0.03090888138921133, 0.0, -0.9994845332277388]",[0.46965151112],"[1.4496742276493673, -0.524859210047763, 0.20412260354796885]","[1032.5702965723995, 1111.916374708383, 917.3593649797681, 992.8234054008694]"
21,0.4201673306772875,"[0.36501785457513714, -0.04307729368147257, 2.246963178890814]","[0.23865750605699806, 0.0, 2.16361042957707]","[-0.10977310902309839, 0.02154747896388095, -0.03771063373065865]","[-0.047491153255897936, 0.0, 0.05698232160180616]","[0.009414846559410465, 0.04576444606193268, 0.019312142954744524, -0.9987211474486044]","[[0.9950652263079343, 0.039436621618006894, -0.09104819844134171], [-0.03771316066780884, 0.9990767166831709, 0.020573231766919407], [0.09177548189195098, -0.017037993668548454, 0.9956338653674688]]","[-0.011798622528731881, 0.03314392658505574, 0.01404066015707112]",[0.47931778092740085],"[0.007637152503009537, 0.03022947936102525, 0.0, -0.9995111737418364]",[0.46965151112],"[1.3486919804855564, -0.34721200337274777, -0.7573967891535709]","[1040.9824130056475, 1105.1451846923571, 932.0850085222678, 981.532633100317]"
22,0.4401752988047818,"[0.3628564511970208, -0.04256570601551991, 2.247784882017788]","[0.23768949187103844, 0.0, 2.1647718912801723]","[-0.11900728696786213, 0.022835877901331708, -0.04174625155243159]","[-0.04948094018890814, 0.0, 0.0593684731513813]","[0.009475606079943105, 0.04515753354596562, 0.019113054029092462, -0.9987520637752926]","[[0.9951909603357144, 0.039034194312056306, -0.08984014410614165], [-0.03732261431436276, 0.9990897917864598, 0.020653759012698964], [0.09056457518999904, -0.01720136549876058, 0.9957420037831879]]","[0.00035472696611746693, 0.06561499564157233, 0.013175930715225664]",[0.4823477551105349],"[0.007269584706934445, 0.027851725670722614, 0.0, -0.9995853487137318]",[0.46965825154560226],"[1.3549294374951535, -0.12533877517133069, -0.8228212026120936]","[1039.6476097932807, 1101.8770312691497, 932.5651825452608, 979.2497408729423]"
23,0.46018326693226896,"[0.3605096344727605, -0.04203049348427317, 2.248729237638834]","[0.2366734736788889, 0.0, 2.1659909158560073]","[-0.12516624481668842, 0.027121070142378596, -0.040047782402374194]","[-0.05147063354742875, 0.0, 0.06175417558298832]","[0.009465873297079742, 0.0446607364692736, 0.018954968337125438, -0.9987774744199142]","[[0.9952921739592593, 0.03870909655247199, -0.0888534244957701], [-0.03701808506138234, 0.9991021312086624, 0.02060168774104799], [0.08957112581028764, -0.017215516358296854, 0.9958315500940295]]","[0.010853365977921676, 0.07372881089537157, 0.018006345028671503]",[0.4828114259263903],"[0.005292902308655574, 0.02733434055933312, 0.0, -0.9996114116067316]",[0.46972811997381564],"[1.539419463933924, -0.349833186162013, -0.21063886346992433]","[1035.4538594355517, 1109.0456694093384, 935.9315795721789, 978.3218130472551]"
24,0.48019123505976324,"[0.35807295114746135, -0.04149661242210897, 2.2496890615586396]","[0.23562775638379022, 0.0, 2.1672455478074664]","[-0.1320078399708289, 0.025789350510696907, -0.03584708952751673]","[-0.05346025985825348, 0.0, 0.06413955622011885]","[0.009183116333775145, 0.04347311092413261, 0.01874838099718601, -0.9988360983744492]","[[0.9955164678780544, 0.03825155672214872, -0.08650068787178634], [-0.036654682182119036, 0.999127631373699, 0.01997495707297042], [0.08718936212685473, -0.01671475528601615, 0.9960508122068864]]","[0.030381284509942527, 0.10191880496985224, 0.018733339292300616]",[0.4820939954922454],"[0.006480774067702617, 0.026368428757218162, 0.0, -0.9996297634692964]",[0.469756271925],"[1.400647141872728, -0.5968835564007661, 0.3657188727472409]","[1046.7631706578275, 1102.3757856354225, 933.2803099569594, 985.9464660290887]"
25,0.5001992031872504,"[0.3554870214815491, -0.04094374702693998, 2.250669021168958]","[0.23453822355420048, 0.0, 2.1685527070581636]","[-0.1384598026187881, 0.027067342454943053, -0.026901202735451876]","[-0.055449779758817284, 0.0, 0.06652442614815914]","[0.008861555374738945, 0.04211092142322963, 0.018542817142337534, -0.9989014173455454]","[[0.9957654029679114, 0.03779122917426694, -0.08380068178896097], [-0.03629855612597401, 0.9991550080468191, 0.019265350678718117], [0.08445795459260289, -0.01614193021613295, 0.9962960207757405]]","[0.03430046368235769, 0.11847615927624515, 0.016471668387182357]",[0.4790363071616614],"[0.00612322097949219, 0.02556902564248713, 0.0, -0.9996533099563057]",[0.469756271925],"[1.4852538791563021, -0.31696553245100834, 0.5936146872310069]","[1059.4634562315807, 1093.6129383640625, 931.6568421312544, 993.495947060032]"
26,0.5202071713147376,"[0.35281762146448004, -0.040358890630279136, 2.2520357150789034]","[0.23341186004364842, 0.0, 2.1699040128698117]","[-0.1434559644227607, 0.028324249713778685, -0.022098562181610642]","[-0.05743919932843555, 0.0, 0.06890881455376142]","[0.008605995416840893, 0.041121875074286364, 0.018408890610696404, -0.9989474607232242]","[[0.9959401965793504, 0.03748681839741597, -0.08184033171482247], [-0.03607123972373113, 0.9991740874843714, 0.018707890737196354], [0.08247403902772157, -0.01567985833739931, 0.9964698447721542]]","[0.034518481408069276, 0.12765116285667402, 0.014418651984671259]",[0.47789910495464],"[0.005743521538224223, 0.025350887756494498, 0.0, -0.9996620414671439]",[0.469756271925],"[1.3481451777323823, -0.2499923612580655, -0.16595981569862062]","[1056.959824476501, 1095.9323434974197, 935.2677628169452, 991.0676565025802]"
27,0.5402151394422319,"[0.35000888497296995, -0.039793704175948214, 2.2534025629888914]","[0.23224196792583032, 0.0, 2.1713074844277047]","[-0.1503456103786768, 0.02991035805747906, -0.02159759592695829]","[-0.05942848680007273, 0.0, 0.07129256898926944]","[0.008346519035000943, 0.03975661436503908, 0.018236619036165275, -0.9990079963648766]","[[0.9961734785213262, 0.03710071516470806, -0.07912992674229868], [-0.035773397810448096, 0.9991953265328638, 0.018126530976241097], [0.07973877589397635, -0.015226426054869284, 0.9966992983090635]]","[0.03258560074251548, 0.14061131091631365, 0.01569059341976695]",[0.4787370377034598],"[0.005116078764002496, 0.023746690819206884, 0.0, -0.9997046284851676]",[0.469756271925],"[1.4703568437921435, -0.6655250547519755, 0.5377537072482319]","[1042.468120869234, 1101.8207730371316, 938.6687787823186, 979.4604152864713]"
28,0.560223107569719,"[0.34707113207829426, -0.03920138108318851, 2.2546054795352153]","[0.23103303048406273, 0.0, 2.1727577390545876]","[-0.15341328871435797, 0.026407503744932226, -0.010716784072331176]","[-0.06141764187703347, 0.0, 0.07367568804718176]","[0.007844710885356267, 0.03836856155921208, 0.01806251848699603, -0.999069485794595]","[[0.9964029758445351, 0.036693402658955, -0.07638232766449679], [-0.035489441568878954, 0.9992241898990316, 0.017060888245845722], [0.07694910860606433, -0.01428875683591487, 0.9969324060149716]]","[0.04593280625568755, 0.13292349339539633, 0.015408488760156859]",[0.4748069366022023],"[0.007366715751928639, 0.024416967717404113, 0.0, -0.9996741262057139]",[0.469756271925],"[1.2313193535392868, -0.5530848762531566, -0.35438264242397466]","[1037.8134679460607, 1098.5584890445807, 936.1695826198759, 975.0360524704569]"
29,0.5802310756972133,"[0.34403395978096846, -0.0386197507286877, 2.255842803652507]","[0.22978429555870836, 0.0, 2.174255668031209]","[-0.16169727316303945, 0.028657858843280832, -0.0217854495087942]","[-0.06340664838946061, 0.0, 0.07605809414349073]","[0.007647793069796887, 0.03701951203874942, 0.01793035209794764, -0.999124303345697]","[[0.9966159204769194, 0.0363955362324444, -0.07369993310679891], [-0.035263065961975565, 0.9992398315424167, 0.016609737616683704], [0.07424844359685372, -0.013954646075287751, 0.9971419380519552]]","[0.03135284804292493, 0.13716017043416734, 0.013927757375083682]",[0.4811266632796315],"[0.0060809125493710365, 0.02141718166107132, 0.0, -0.9997509812019567]",[0.469756271925],"[1.1932968790997078, -0.3243318915922294, -0.5489530139199772]","[1047.8387139152258, 1089.6366559176638, 933.2845252267268, 979.9332942211006]"
30,0.6002390438247005,"[0.3408880634890967, -0.03800963149094039, 2.2572688943911334]","[0.2284957662710442, 0.0, 2.175801256382871]","[-0.16424208083570202, 0.027912428433665284, -0.009441624696399753]","[-0.06539549143424911, 0.0, 0.07843971578066385]","[0.007304892063800413, 0.03566254638651643, 0.017760595978564046, -0.9991792376260268]","[[0.9968252543667077, 0.036013059603438556, -0.07100707334734026], [-0.03497101539514345, 0.999262165900121, 0.015864569122372458], [0.07152603029378897, -0.013331016810621587, 0.9973494090096077]]","[0.03279138575955609, 0.13216064166146932, 0.013944099496008885]",[0.4765224533185555],"[0.006647094072569586, 0.022142832188669623, 0.0, -0.9997325062979182]",[0.469756271925],"[1.5301526787417699, -0.2088699579930413, 0.4576294512824717]","[1056.3010887619107, 1074.8847512786758, 922.9689012065994, 985.4501934091849]"
31,0.6202470119521877,"[0.3376572331082668, -0.03740102901392897, 2.25875337196973]","[0.22716744503903216, 0.0, 2.177394488859966]","[-0.16754658343226822, 0.03133311747511673, -0.011663165811403963]","[-0.06738415513857758, 0.0, 0.08082047681441126]","[0.00717874912619894, 0.03441478338966481, 0.01760306420491131, -0.9992267171099294]","[[0.9970113214401439, 0.035673014305471436, -0.06852360608944934], [-0.03468479392072391, 0.9992770071936252, 0.015558007127867852], [0.06902907801656706, -0.013134784561442311, 0.9975279883009146]]","[0.01931725451034036, 0.12517413755518023, 0.015750114016768187]",[0.47876499762172203],"[0.004739042715794133, 0.02188987169160088, 0.0, -0.9997487608800955]",[0.469756271925],"[1.495558037197215, -0.35524908833211755, 0.34270731569911916]","[1058.5895075796898, 1076.7316345875104, 919.9802629397764, 991.8797751918958]"
32,0.640254980079682,"[0.33434722080153023, -0.03676193763211152, 2.260105962820439]","[0.22579933781187753, 0.0, 2.179035344836638]","[-0.1695028520189632, 0.028871944288140314, 0.0011128110317664888]","[-0.06937262264997081, 0.0, 0.08320029640573638]","[0.006736672739437597, 0.03318387138395138, 0.017378356953835262, -0.9992753889281294]","[[0.9971935090666211, 0.035178626571433724, -0.06608550735958384], [-0.034284431044468655, 0.9993050821874777, 0.014616944867606996], [0.06655379657377232, -0.012310220219525131, 0.9977067581282543]]","[0.02688026609514163, 0.1166846526822536, 0.019311408357683774]",[0.4739249271057389],"[0.006261496844571117, 0.022579970546254775, 0.0, -0.9997250661859651]",[0.469756271925],"[1.191519035942809, -0.3754049692708052, 0.09776509945689327]","[1041.741574054468, 1099.9511722632872, 936.5414607664599, 979.9397818375194]"
33,0.6602629482071691,"[0.3309879572355748, -0.0361239073817092, 2.261468148625291]","[0.2243914471267526, 0.0, 2.180723806478039]","[-0.17510023956047047, 0.031246235338808208, -0.007705720345256992]","[-0.07136087607301528, 0.0, 0.08557908872094808]","[0.006528064071948066, 0.03206900940888884, 0.017196562328005347, -0.999316332176574]","[[0.9973516042549999, 0.03478830827962656, -0.06386964919666474], [-0.033950914087046036, 0.9993232157428797, 0.014150155527380318], [0.06431869023944262, -0.011944248650990929, 0.9978578165257469]]","[0.02266373328591282, 0.11189268631814656, 0.018851801578865124]",[0.479446901629456],"[0.004827216961707175, 0.020553807919614576, 0.0, -0.9997764115430933]",[0.46997505583528826],"[1.2549713477665572, -0.6058566702304737, -0.8268456781430054]","[1043.9103208841645, 1092.630022376481, 943.5262829150874, 971.8931180681627]"
34,0.6802709163346634,"[0.32756012948570146, -0.03549422268393727, 2.2628809149286537]","[0.2229437780724818, 0.0, 2.182459851609862]","[-0.17583546863088917, 0.02657368021248835, -0.0021120552470479245]","[-0.07334889646751916, 0.0, 0.08795676292369367]","[0.0062964949605661775, 0.03085047728415518, 0.016997151687863723, -0.9993595710500415]","[[0.9975185429839508, 0.03436103218921344, -0.061447394530871516], [-0.033584032690210465, 0.9993427551836943, 0.013633665489903884], [0.061875484450657964, -0.011536184521736766, 0.9980170576173745]]","[0.025848662613450066, 0.12236668344195674, 0.016638121941880194]",[0.4781873668804578],"[0.007463106357995079, 0.02152602401709057, 0.0, -0.9997395151992721]",[0.47001338517999997],"[1.4107041033816685, -0.11765297706498407, -0.22183646308235083]","[1054.480950516964, 1071.8156009282975, 941.1773959120599, 969.337302433653]"
35,0.7002788844621506,"[0.32406093258600255, -0.034851040712374055, 2.264338054994592]","[0.22145633523650624, 0.0, 2.1842434572252625]","[-0.1787021444521843, 0.03396337162486527, -0.004700193670184557]","[-0.07533666380315829, 0.0, 0.09033322295793479]","[0.006230347228438244, 0.02975641848805443, 0.016817004218909908, -0.9993962121734956]","[[0.9976633500611825, 0.03398448627187911, -0.05926735229837011], [-0.03324291499405792, 0.9993566044904811, 0.013453998471760155], [0.059686455400873785, -0.011452343210747116, 0.9981513388698063]]","[0.013858101519827921, 0.1074075583260004, 0.015709258081094534]",[0.48066052050378477],"[0.003160183070020266, 0.020936708384298182, 0.0, -0.9997737286764009]",[0.47001338517999997],"[1.3401736598491842, -0.1844852569315578, 0.3364302935158392]","[1056.0095575764515, 1068.2888910288411, 926.5511593725145, 983.3150252774271]"
36,0.7202868525896449,"[0.3204937785932335, -0.034222012195093895, 2.2658344981575524]","[0.21992912675312762, 0.0, 2.186074594607946]","[-0.17917455144471545, 0.028622486471423077, 0.009091634704219038]","[-0.07732415695631945, 0.0, 0.09270836753598158]","[0.00589800666489664, 0.028803133456795218, 0.01654684742165643, -0.9994306586060929]","[[0.9977930091879023, 0.0334146153791574, -0.057378282448536155], [-0.032735091086765054, 0.9993826772165239, 0.012742499480271945], [0.05776865611403999, -0.010836095261971154, 0.9982710325418551]]","[0.029154527275830722, 0.09138309061946648, 0.022206640452883744]",[0.4754222970606781],"[0.006260664562290498, 0.021952028254542552, 0.0, -0.9997379604521066]",[0.47001338517999997],"[1.3959078165417247, -0.48349809210452055, 0.28608356957641945]","[1056.4663494386787, 1076.7666127417958, 924.6231397083243, 997.0041792158595]"
37,0.740294820717132,"[0.31688388191727285, -0.033575698605356745, 2.2673716268124093]","[0.21836215219109092, 0.0, 2.1879532437138653]","[-0.18075415757503654, 0.031982818228481556, 0.0024711063491319255]","[-0.07931135359293166, 0.0, 0.09508208957830408]","[0.005644150633833091, 0.02749018371199469, 0.01625757092192497, -0.9994738152242062]","[[0.9979597449424075, 0.03280835034687341, -0.05476791723323619], [-0.03218771539558444, 0.9994074524706911, 0.012176208758103562], [0.055134957950130466, -0.010388514312685561, 0.9984246492942155]]","[0.021437134803439443, 0.09615495962666429, 0.01970282440266272]",[0.47984089892351334],"[0.0041631081142690755, 0.02167883638375765, 0.0, -0.9997556311813579]",[0.47001338517999997],"[1.2203549392843667, -0.6626362067840748, -0.8791980090167009]","[1053.8912159468773, 1080.3835052961356, 936.8692155163279, 987.6781994504224]"
38,0.7603027888446192,"[0.31323696321206473, -0.03295767270061089, 2.2689807099327157]","[0.21675542151782654, 0.0, 2.189879370424009]","[-0.18231028245840278, 0.024276331898210907, 0.006293695410470912]","[-0.08129823027300488, 0.0, 0.09745427671775717]","[0.005408920828511956, 0.026881249841234935, 0.016114877629738216, -0.9994941313066181]","[[0.9980354840668519, 0.03250424833962068, -0.05356097472248173], [-0.031922654130969924, 0.9994221744038475, 0.011678745353051504], [0.05390963111152338, -0.009945993146147821, 0.9984963497798366]]","[0.032064913098954255, 0.09198492937307574, 0.020836778102343852]",[0.4793789202807126],"[0.008392314962211968, 0.021594261235017804, 0.0, -0.9997296819971002]",[0.47001338517999997],"[1.262636968084381, -0.4817257377070091, -0.07931824656612463]","[1050.7228302145575, 1077.4999571435965, 941.923392556609, 978.0684280780887]"
39,0.7803107569721135,"[0.30955254170570873, -0.032351790932422894, 2.270483437834783]","[0.21510688631616762, 0.0, 2.19185539381839]","[-0.18291148937377621, 0.03008788107958369, 0.00729454465750117]","[-0.0832847424862912, 0.0, 0.09982471554305078]","[0.005241561930699902, 0.02619830110538415, 0.01593399356808805, -0.9995160001733036]","[[0.9981194654420765, 0.03212720307137101, -0.05220420423619779], [-0.03157792300047904, 0.9994372194607465, 0.0113129371538837], [0.052538280292559816, -0.009643162908651599, 0.9985723018011855]]","[0.022240980170062617, 0.07490210749857029, 0.019782142110275323]",[0.48024614133048793],"[0.004833799997236628, 0.02190897651375696, 0.0, -0.9997477417329004]",[0.47001338517999997],"[1.4076021339649332, 0.15849634028125426, -0.2196094883455686]","[1040.5693221749527, 1077.852180854219, 945.007745912894, 967.1758447817302]"
40,0.8003187250996007,"[0.30584648646150536, -0.03176611060178877, 2.2718725942331734]","[0.21342065536956042, 0.0, 2.193876386315142]","[-0.18242243181311307, 0.029151898296018944, 0.011561317734627924]","[-0.08527090247693869, 0.0, 0.10219346489305703]","[0.005037029847348684, 0.02555444408304683, 0.015684471516419347, -0.9995376347296272]","[[0.9982018226514379, 0.03161187611816943, -0.0509272508888621], [-0.03109700212785459, 0.9994571385368588, 0.010871017700039835], [0.051243263493534474, -0.009267785898685921, 0.9986430846055704]]","[0.02453248771616351, 0.06293424186705374, 0.023616446031553762]",[0.47963436279910354],"[0.005216539810179367, 0.022803335899844162, 0.0, -0.9997259754498649]",[0.47001338517999997],"[1.2919684087313705, -0.37892695250810166, 0.26680121142662117]","[1053.7165233613987, 1074.0895108253849, 941.9819859764463, 981.3609906285819]"
41,0.820326693227095,"[0.3020956848947224, -0.031174497134265237, 2.2733537996923197]","[0.2116946897561607, 0.0, 2.195944753294772]","[-0.18383699426728317, 0.029368756026818925, 0.016711705921349]","[-0.0872566646773865, 0.0, 0.1045603063274551]","[0.0046634297864722495, 0.025033695783484484, 0.015441364706663402, -0.9995564612823138]","[[0.9982697452000108, 0.03110251749228854, -0.04990116530008179], [-0.030635545961959797, 0.9994796218944242, 0.010095831602706367], [0.05018920418054913, -0.008549613896512584, 0.9987031215332725]]","[0.028851708387250312, 0.04954732859681415, 0.023047139744229693]",[0.4785083577739533],"[0.004898197649589386, 0.022546209612596752, 0.0, -0.9997331108555645]",[0.47001338517999997],"[1.1449080502171671, -0.44592098777048617, -0.46863976551451003]","[1049.5029139584026, 1081.528892505564, 942.2225187062182, 985.7892536694904]"
42,0.8403346613545821,"[0.29832102578426517, -0.03058321084551442, 2.2749618195548713]","[0.20992899611637356, 0.0, 2.198060457144821]","[-0.18462879571916194, 0.026803781705597562, 0.01245200535711767]","[-0.08924200059669884, 0.0, 0.10692510334828859]","[0.004536198695384498, 0.024671363261163627, 0.015213444269127536, -0.999569576855008]","[[0.9983197910210097, 0.03063762051287541, -0.049183465858703194], [-0.03018996368952082, 0.9994959891541302, 0.009819165240985672], [0.04945951068288688, -0.008317819600917218, 0.9987415345968613]]","[0.01268720610093379, 0.03603706183988718, 0.020504280931532805]",[0.4819344174224951],"[0.006088961561712178, 0.02239387402862361, 0.0, -0.9997305454456513]",[0.47001338517999997],"[1.2460455731402162, -0.40505283415171855, -0.6484049792937228]","[1042.5872145649375, 1090.3769243580603, 948.7565454154692, 983.5966692170829]"
43,0.8603426294820693,"[0.2945146716246867, -0.02999892365896503, 2.276688722757919]","[0.20812358522102117, 0.0, 2.2002234532242575]","[-0.1848704823405001, 0.027587140762990275, 0.01751581876000728]","[-0.09122688045653517, 0.0, 0.10928771331580411]","[0.004534747918347371, 0.024452200744599147, 0.014996429862867646, -0.9995782587726179]","[[0.9983544563196954, 0.030201979633113028, -0.04874776642868329], [-0.029758441367410692, 0.9995091486848379, 0.009799062283307118], [0.049019786545096415, -0.008332279429470554, 0.9987631142595933]]","[-0.0014531396550417413, 0.019489594467199507, 0.020559465567793086]",[0.48096625528027354],"[0.005394035850690339, 0.022745019168020755, 0.0, -0.999726717042476]",[0.47006368820444283],"[1.2796196837387224, -0.16126624286209423, 0.020088340300812746]","[1046.1011788777587, 1086.0255400286203, 952.7028483738789, 981.0884088634485]"
44,0.8803505976095636,"[0.29068811837139164, -0.029436719011416222, 2.2784383961010013]","[0.20627494037407423, 0.0, 2.2024378871084513]","[-0.18505904635104325, 0.02796686266687702, 0.020174837764710064]","[-0.09321122552494242, 0.0, 0.11164775891679338]","[0.004584293460291303, 0.024425673373240038, 0.014747405568379309, -0.9995823640758037]","[[0.9983718188271682, 0.029706441953466833, -0.048695731799326604], [-0.02925854413463421, 0.9995230143735805, 0.009885188412342323], [0.048966157538940146, -0.008444327166278586, 0.9987647592761045]]","[-0.003049596516496173, 0.0015972887471257583, 0.023673146064287255]",[0.4811826657483296],"[0.004961430957341313, 0.023044603022515518, 0.0, -0.9997218433722476]",[0.47015502694399997],"[1.2003296051540429, -0.00027149355693539823, -0.07958851977838322]","[1050.3852191715314, 1076.4634371098907, 935.3869044772341, 994.4885767592972]"
