,t,p,p_d,v,v_d,q,R,w,T_sp,q_sp,hover_throttle,fa,pwm
0,0.0,"[-0.12511400194475542, -0.03766202398362878, 2.114148011968332]","[0.24988353643831576, 0.0, 2.150139756273194]","[-0.0667261438187039, -0.017719453876143133, -0.08453569204563974]","[-0.004811822714609363, 0.0, 0.005774187181665597]","[0.006436832200932227, -0.05645203310278331, -0.0008427215205607162, -0.9983842090179801]","[[0.9936249194042417, -0.0024094642464230556, 0.11271078791951836], [0.000955975188486705, 0.9999157178695514, 0.012948009937368615], [-0.1127324857475982, -0.012757716564668129, 0.9935434741457982]]","[-0.04770692226112868, 0.0027039344996489796, 0.012153810796850614]",[0.49340855354502955],"[0.006255429975955444, -0.07323163831854607, 0.0, -0.9972953121429866]",[0.45265450533999996],"[-3.1866603055859755, -0.36607772925168314, -2.152710616616737]","[945.207130745467, 1080.3388158193422, 912.1124788045673, 1062.433467760242]"
1,0.019999999999999574,"[-0.1262579427570592, -0.038163495922966424, 2.1130407755297935]","[0.24976714773902955, 0.0, 2.150279422705765]","[-0.057449012851286806, -0.022544799108242978, -0.06350738779951183]","[-0.006801259404385946, 0.0, 0.008161510853454007]","[0.007119529571212522, -0.05633078957376451, -0.000943389709892444, -0.9983863603011688]","[[0.993651964298582, -0.0026858322818905183, 0.11246635096901005], [0.0010816373933298525, 0.9998969046039587, 0.014322366205786833], [-0.11249321693275706, -0.014109798656850808, 0.9935523688642408]]","[-0.062380317612870786, -0.003960980547646909, 0.01238842050940618]",[0.4866503578601032],"[0.009885607568112223, -0.0730099891808321, 0.0, -0.9972821252968245]",[0.45265450533999996],"[-3.136196475314322, -0.39938838617718336, -1.7682063302577475]","[958.346147623513, 1105.5409271098933, 934.808189236018, 1078.1486340018491]"
2,0.03999999999999915,"[-0.12743851048598526, -0.038653257840194806, 2.11185716931194]","[0.24961150409706748, 0.0, 2.150466195064355]","[-0.05367307618028518, -0.015345465639072759, -0.061996797661672536]","[-0.008790695887998046, 0.0, 0.010548833535721905]","[0.008039003279190614, -0.056413626857581806, -0.0010238770364835435, -0.9983746260091798]","[[0.9936329738132802, -0.002951444369355562, 0.11262740532981175], [0.0011374070441590185, 0.9998687172562875, 0.01616739501886546], [-0.11266032913322688, -0.01593635255052854, 0.9935058193142062]]","[-0.08566416142635556, -0.013009780784389326, 0.011719154792870782]",[0.4889714963567808],"[0.006867787250624041, -0.07419148027630641, 0.0, -0.9972203491029576]",[0.45265450533999996],"[-3.7997898335631133, -1.2922225945217072, -2.1604805739179014]","[965.2256747118405, 1103.8550938920514, 929.3075869430762, 1092.954153516897]"
3,0.05999999999999872,"[-0.12847753965024858, -0.03912095006797791, 2.110851081983146]","[0.24941555733739978, 0.0, 2.1507013311128804]","[-0.06211669739187068, -0.03287211899336524, -0.061299982517637186]","[-0.010780131919512678, 0.0, 0.012936154047561732]","[0.008458495781159023, -0.0563015968734166, -0.0010816654471703605, -0.9983774126631336]","[[0.9936579644561765, -0.0031122743402787327, 0.11240218670532584], [0.0012073670617734913, 0.9998546117754102, 0.01701134124994813], [-0.1124387837558119, -0.016767743282114174, 0.993517212154696]]","[-0.07068650839206135, 0.00021695121586050303, 0.009745297603256695]",[0.4925766363779753],"[0.016987917141325328, -0.08129571114837011, 0.0, -0.9965440684701167]",[0.45265450533999996],"[-2.6041796879660866, -1.1795226832433405, -0.5405993834574687]","[947.1495697265655, 1131.9489661682235, 939.7167158890816, 1090.04469557807]"
4,0.0799999999999983,"[-0.12950106780972334, -0.03966053756034507, 2.1098693117191947]","[0.24918010115123287, 0.0, 2.1509838784034985]","[-0.045599629848676895, -0.024159429042507483, -0.04314585333026455]","[-0.012769567137608833, 0.0, 0.01532347065549157]","[0.009136233508491153, -0.056322415775830754, -0.0010279396794774037, -0.9983703444913149]","[[0.9936535443436183, -0.003081678468412926, 0.11244247628750974], [0.0010233794992516635, 0.999831031855826, 0.018358481282490815], [-0.11248004227528714, -0.018126897098410814, 0.9934887161381443]]","[-0.0518334633154013, -3.4963105750283636e-05, 0.00042307109604020933]",[0.486470024451592],"[0.01304303060397791, -0.07629264481134096, 0.0, -0.9969998643895791]",[0.45265450533999996],"[-1.6768723926256144, -0.06348939706165208, -1.4764311158354104]","[935.1448994388518, 1162.9437838905405, 934.8882779608485, 1103.3418397647736]"
5,0.10000000000000142,"[-0.13046571855473288, -0.04028286558918836, 2.109019779057106]","[0.24890496264337666, 0.0, 2.151314044321639]","[-0.0444557574944367, -0.029573262055040565, -0.05466726949720989]","[-0.014759001011696457, 0.0, 0.017710780812184985]","[0.009733830051294187, -0.05636774613215317, -0.0009973687164366162, -0.9983622033500347]","[[0.9936435189770281, -0.0030888185810378603, 0.1125314380175751], [0.0008941223361383641, 0.9998086696901308, 0.01954821488730619], [-0.1125702708879122, -0.01932333718087319, 0.9934560135708062]]","[-0.025074521817782865, -0.0017302661036651531, -0.005352505197138112]",[0.49493691592358446],"[0.01637926588617758, -0.07722738665602644, 0.0, -0.996878918036337]",[0.45265450533999996],"[-3.3813130409407295, -1.0865488768454514, -1.8527361165225535]","[960.5960996200964, 1147.7177799850476, 911.8782761014186, 1130.886121359336]"
6,0.120000000000001,"[-0.13127838958676777, -0.040790092905868804, 2.1083718270428458]","[0.24858996028174016, 0.0, 2.151692046584488]","[-0.04468477799630098, -0.029643773329177156, -0.0343270011140512]","[-0.01674843280841703, 0.0, 0.02009808099705348]","[0.009547857701576559, -0.05671055302461656, -0.000940944519407023, -0.9983445638547528]","[[0.9935660575640797, -0.0029617022725913506, 0.11321537664189255], [0.0007958451107643466, 0.9998159080394162, 0.019170826633777494], [-0.11325131265939806, -0.018957380697533274, 0.9933855051438778]]","[0.01241648401250069, 0.0538497789672249, -0.00825477978626129]",[0.4891374190344074],"[0.01711855052853734, -0.08102358743697413, 0.0, -0.9965651665879671]",[0.453002107343],"[-2.730312423698889, -0.40330706627272617, 0.38520505385393733]","[997.4231142962876, 1114.0262502204998, 925.9741418321672, 1116.0911668848205]"
7,0.14000000000000057,"[-0.13193050925879993, -0.04134803579715489, 2.1080816519262697]","[0.24821368437101624, 0.0, 2.152143576248518]","[-0.03756323992194288, -0.028442582465451824, -0.025651338232513966]","[-0.018737859277232906, 0.0, 0.022485355608265426]","[0.009614171903141185, -0.05773193824579538, -0.0008301998915166063, -0.9982849227721641]","[[0.9933315534101326, -0.0027676416263694445, 0.11524988365744035], [0.0005474625119830127, 0.9998126421945989, 0.01929122380942862], [-0.1152818103953244, -0.01909950761395381, 0.993148067271086]]","[-0.0001786595326235159, 0.08103189276569271, -0.01018529930764053]",[0.4877691105853943],"[0.016996657044392093, -0.07999137240912219, 0.0, -0.9966500495098953]",[0.453002107343],"[-2.082193620284899, -0.4108346498548726, -0.9124246263066738]","[1000.5498698007768, 1104.405523908254, 919.2570001071697, 1118.93559727784]"
8,0.16000000000000014,"[-0.1325826289308321, -0.04190597868844098, 2.1077914768096937]","[0.24783740846029229, 0.0, 2.152595105912548]","[-0.03044170184758479, -0.027241391601726492, -0.016975675350976726]","[-0.020727285746048783, 0.0, 0.024872630219477374]","[0.009680486104705812, -0.05875332346697419, -0.0007194552636261896, -0.9982252816895754]","[[0.9930949541811642, -0.002573878329247261, 0.11728417638267312], [0.00029883540353794254, 0.9998114365955473, 0.01941115271317165], [-0.11731203508940309, -0.019242071161876265, 0.9929085657904702]]","[-0.012773803077747722, 0.10821400656416053, -0.012115818829019766]",[0.48640080213638126],"[0.016874763560246846, -0.07895915738127023, 0.0, -0.9967349324318235]",[0.453002107343],"[-3.2500263468493107, -0.09482634475598178, 0.20092524642026532]","[1003.676625305266, 1094.784797596008, 912.5398583821722, 1121.78002767086]"
9,0.17999999999999972,"[-0.13298151811882555, -0.042288866469263324, 2.107777375120597]","[0.24740504470080904, 0.0, 2.1531139396138004]","[-0.03367664775210904, -0.021967201136196154, 0.0036403671483279066]","[-0.022716704723632106, 0.0, 0.027259868872940858]","[0.009714276956194826, -0.05955310256412969, -0.0006864693745421587, -0.9981775066083716]","[[0.9929056586104714, -0.0025274672411042644, 0.11887579774925869], [0.00021340591346973655, 0.9998100683069355, 0.01947490826341391], [-0.11890247196376369, -0.019311382739136938, 0.9927178667373124]]","[-0.026778810940226543, 0.11500229723021752, -0.009722159548385892]",[0.4797746619324188],"[0.014714541938260274, -0.08421529910591528, 0.0, -0.9963348646237413]",[0.453002107343],"[-2.1616689871970696, 0.1324056191388061, 1.883635562731648]","[1009.8194644182946, 1086.541606745116, 925.5557153463575, 1101.9858913987584]"
10,0.1999999999999993,"[-0.13351993620909805, -0.0428632054841168, 2.108168421237376]","[0.24692326233803508, 0.0, 2.1536920736072993]","[-0.01507459817617737, -0.018304269780497512, 0.02611144390683368]","[-0.02470611401847481, 0.0, 0.02964706104933208]","[0.010079878533466414, -0.0612885603958293, -0.0005558032561046518, -0.9980685535659874]","[[0.9924858450158991, -0.0023450219923372307, 0.12232916479019394], [-0.0001261029847866872, 0.9997952123841866, 0.020188948338895278], [-0.1223515745074341, -0.020052690813175407, 0.9922832549479191]]","[-0.04912882959484568, 0.12737071813224962, -0.004579059583139873]",[0.4705484092559345],"[0.013662090813676482, -0.07798425116590835, 0.0, -0.9968599043988796]",[0.453002107343],"[-1.941021485653837, -0.24973182030977786, 0.6510362537246266]","[990.5466870406801, 1095.4671098721908, 934.5981077093174, 1080.5613833831867]"
11,0.21999999999999886,"[-0.13382626187815416, -0.043321464825768076, 2.108705808487066]","[0.24641748306521977, 0.0, 2.154299002646326]","[-0.014830584373247172, -0.017525846332814166, 0.027077696945983023]","[-0.026695517702793613, 0.0, 0.03203422629540984]","[0.010845137936780559, -0.06257306439355077, -0.000476853785601368, -0.9979813306835972]","[[0.9921687376327388, -0.002309009379942149, 0.12488315704669138], [-0.0004054446779582926, 0.9997642803742022, 0.021706166784456332], [-0.12490384322701346, -0.02158681397392536, 0.991933958378069]]","[-0.07304371983458678, 0.10542525442885547, -0.0028575056585963604]",[0.4723253927172195],"[0.013939699794914912, -0.08018764144144788, 0.0, -0.9966822699481481]",[0.453002107343],"[-2.734178425409022, -0.6969228519682354, -0.08269584941329455]","[940.6211700804242, 1130.2865005908434, 918.968815390114, 1080.9114447102654]"
12,0.23999999999999844,"[-0.1338669116382713, -0.04361198974722393, 2.1091297447556943]","[0.2458614187540326, 0.0, 2.1549662700466867]","[-0.0026511049527388735, -0.018415974909179816, 0.039105546720175216]","[-0.028684906132720657, 0.0, 0.03442131832128416]","[0.011497042856975538, -0.06318626012135357, -0.00040444493452002143, -0.9979352773103074]","[[0.9920143326510268, -0.0022601300169483862, 0.12610229619131746], [-0.0006456905454004393, 0.9997349755983632, 0.022997720029123436], [-0.1261208958742993, -0.022895498577774055, 0.9917502958135267]]","[-0.0799627114987099, 0.09214666802840484, -0.004228794369820723]",[0.4682291888861264],"[0.015301563301900554, -0.07653101072181258, 0.0, -0.9969486120211262]",[0.453002107343],"[-1.587119389252088, -0.17332185134100092, -0.19889849012164262]","[943.0081852985498, 1088.086849598712, 938.5951813249607, 1020.507608651692]"
13,0.26000000000000156,"[-0.1338730241390499, -0.044101393876015964, 2.109936959853442]","[0.24527005468790672, 0.0, 2.155675893709279]","[0.007330085095222214, -0.012885005934369996, 0.03447094787750635]","[-0.03067428126433822, 0.0, 0.036808346515398084]","[0.01248175365226711, -0.0646871179489073, -0.000282981226668734, -0.9978275266524981]","[[0.9916310638127671, -0.0021795502564187197, 0.1290861096145542], [-0.0010500844264349084, 0.999688321921367, 0.024945885230228643], [-0.12910023802239218, -0.02487266427028126, 0.9913196356210446]]","[-0.07844207902114506, 0.12080787304692199, -0.008723832840867623]",[0.47175786160020666],"[0.012918880355914437, -0.07303582578261633, 0.0, -0.9972454827398846]",[0.453002107343],"[-3.618117169406429, -0.9408206795871761, -0.5453903826828892]","[951.7784295049942, 1076.9595614119364, 900.209419785294, 1056.1606110681605]"
14,0.28000000000000114,"[-0.13376016832984736, -0.04433606151490653, 2.110444112422138]","[0.24463487550895127, 0.0, 2.156438089772829]","[-0.0005989392532196555, -0.02141072641041662, 0.04424764412264834]","[-0.032663635872347586, 0.0, 0.039195276197837366]","[0.012636636989554967, -0.0651902881316604, -0.0002512253611080395, -0.9977928218347589]","[[0.9915003631185059, -0.0021489137366814664, 0.13008645381483908], [-0.0011462302887756779, 0.999680541263072, 0.025250246267972315], [-0.13009915238960262, -0.02518473645326586, 0.9911811201580584]]","[-0.0719736005106626, 0.09556698875415105, -0.0055813382563241086]",[0.47006003238193317],"[0.01850267788894576, -0.08031429611158863, 0.0, -0.9965956957177157]",[0.453002107343],"[-3.195994955966058, -1.2137780299621326, -0.26130083527904446]","[940.5720040305202, 1088.6228125979685, 901.2685696146339, 1054.5548834531571]"
15,0.3000000000000007,"[-0.13341073760079517, -0.044771232376078746, 2.1115524070522165]","[0.24396358676707536, 0.0, 2.1572436113774365]","[0.01350525197346411, -0.01724841093101209, 0.04152383644996326]","[-0.034652970360341526, 0.0, 0.04158210930545584]","[0.01332138497930881, -0.06591639108364865, -7.514905488257884e-05, -0.9977362635349267]","[[0.9913101346095308, -0.0019061531185973753, 0.13153234531203128], [-0.001606237369690474, 0.9996451572409819, 0.02659236485771415], [-0.13153634966999495, -0.026572550639749323, 0.9909552273087577]]","[-0.018435660235869962, 0.0526011988786947, -0.00852243815203273]",[0.4723795856986847],"[0.016727298812326524, -0.07429700766437794, 0.0, -0.9970955852522911]",[0.453002107343],"[-2.021329467333511, 0.6570901417537668, -0.3892070949551396]","[939.8493554773354, 1095.3754358974008, 915.9370515520286, 1044.7819129151117]"
16,0.3200000000000003,"[-0.1330029163777381, -0.04512664219182446, 2.1124418130197]","[0.24325088680473617, 0.0, 2.158098817776152]","[0.01904723143325699, -0.004834447568732303, 0.05213674194870761]","[-0.03664227722468738, 0.0, 0.04396880982263011]","[0.013712569976415522, -0.0665898893844218, -8.868688236265168e-05, -0.9976861904754407]","[[0.9911315480071629, -0.0020032003914303813, 0.13286919387808876], [-0.001649273680192231, 0.9996239055929057, 0.027373494702168568], [-0.13287405837841032, -0.027349872103423056, 0.9907554945871728]]","[-0.03973138355110373, 0.06247447911268043, -0.0055629864666803495]",[0.47384037193422013],"[0.014217393247516245, -0.07390674227577695, 0.0, -0.9971635495179509]",[0.453106387944],"[-2.941619472029186, 0.14587938303529546, 0.0862449220123942]","[960.5822747766933, 1068.8114228823983, 900.1315500223739, 1057.5268181594072]"
17,0.33999999999999986,"[-0.1324859378387002, -0.04532767046292825, 2.1132726758383997]","[0.2424808975994285, 0.0, 2.159022755187863]","[0.025052156673705264, -0.005207081090382329, 0.05440749882071053]","[-0.038631536468021865, 0.0, 0.04635528176544014]","[0.013725165167268145, -0.06679461545176453, -3.476157977666141e-05, -0.9976723528428804]","[[0.991076981924201, -0.0019028955928878928, 0.13327732809314685], [-0.0017641729245506236, 0.9996232629131616, 0.027391079423878466], [-0.13327923652684248, -0.027381791878463756, 0.9907002240231984]]","[-0.022144466049390913, 0.0343267626622652, -0.003944883655713425]",[0.4721317934234027],"[0.01349699176083332, -0.07277848549642849, 0.0, -0.9972561552619222]",[0.453106387944],"[-2.8151385083908163, -1.0193691444554744, -0.7623888880394567]","[970.0965151234581, 1069.155402586228, 908.4485156272137, 1060.3304423107109]"
18,0.35999999999999943,"[-0.13196353880555056, -0.04551125426270025, 2.114077740189338]","[0.24170344674236602, 0.0, 2.1599556438681398]","[0.03164959092337209, -0.005719066768757523, 0.05451310107633964]","[-0.04062078817635791, 0.0, 0.04874171754154533]","[0.013806287970689224, -0.06696638993809591, 2.0345038874921053e-05, -0.9976597281315902]","[[0.9910310489278663, -0.001808519675780074, 0.1336199025381206], [-0.0018897093795911955, 0.9996188165154893, 0.027545230139075304], [-0.13361877898025867, -0.027550679874301716, 0.9906498225806484]]","[-0.01085922902210652, 0.010317658710900497, -0.0026753013562056394]",[0.473319524799749],"[0.013114576353588847, -0.07193521429560516, 0.0, -0.9973230050437074]",[0.453106387944],"[-2.315511687115692, -0.13786201993057867, -1.0886143291094257]","[980.3466621314483, 1067.1369288331618, 916.9543570556127, 1060.7317988837187]"
19,0.379999999999999,"[-0.13121950915821867, -0.045668784920445765, 2.115077210673158]","[0.24087179394096297, 0.0, 2.160953554568831]","[0.04289489991381565, 0.0010069629101147053, 0.05369419826915629]","[-0.042609983921459704, 0.0, 0.05112788470406265]","[0.014422448667853138, -0.06718906835159975, 7.355201257839475e-05, -0.9976360757257126]","[[0.9909713702991221, -0.0017913054963027708, 0.13406259856416494], [-0.002084818061064523, 0.9995840980598802, 0.028766826400304014], [-0.13405835536366165, -0.028786593965106126, 0.9905553670677655]]","[-0.051822491540338016, 0.020562231652979785, -0.0016468551998389017]",[0.49170732352274105],"[0.013180622976237176, -0.07268520314783802, 0.0, -0.9972672311476161]",[0.453106387944],"[-3.081383897214349, -1.3193424155552274, -1.376105875949996]","[992.2219546631657, 1050.2976449445548, 922.0938771742503, 1047.804216646067]"
20,0.3999999999999986,"[-0.13025884341200641, -0.045788954407364676, 2.116301497904425]","[0.23999930587727514, 0.0, 2.1620004479124693]","[0.04334297101488386, -0.010353713319057205, 0.06321156391645581]","[-0.044599128751096964, 0.0, 0.05351380748436455]","[0.014749540085205199, -0.06723375203095941, 7.785182681385379e-05, -0.9976281906008385]","[[0.9909591721411606, -0.001827999487080215, 0.13415086932918358], [-0.002138668195557314, 0.9995648291000315, 0.029418645433957284], [-0.13414627621462238, -0.02943958251563392, 0.9905240863975243]]","[-0.054292730938317296, 0.003899887633938985, 0.0022879435951135025]",[0.48930395662823617],"[0.011697272135233673, -0.06908212081458384, 0.0, -0.9975417358964718]",[0.453106387944],"[-2.8666088838124093, -0.6748721232524326, -0.2670691947750008]","[955.3419163140692, 1086.8791179412917, 912.1015540688921, 1058.4072280755763]"
21,0.4200000000000017,"[-0.12921905923413005, -0.04579428010184738, 2.1175886928449157]","[0.239087875463851, 0.0, 2.1630940496099402]","[0.05577455979596895, 0.003975976607366347, 0.07246177668824878]","[-0.04658821797331814, 0.0, 0.055899463364566755]","[0.015128918346213494, -0.06675696608214264, 0.00011997344763371414, -0.9976545606678778]","[[0.9910869996776223, -0.0017805372634137119, 0.1332044134733868], [-0.0022593054921770067, 0.9995422163779542, 0.030170850645394758], [-0.13319715319941494, -0.03020288689889252, 0.9906292601242257]]","[-0.04693968797363613, -0.052824600830709785, 0.0013702798727315004]",[0.4816392022692768],"[0.010703935851833582, -0.06589626738971004, 0.0, -0.9977689945191315]",[0.453106387944],"[-2.987253024729206, 0.42238846615633996, -1.705470493467132]","[952.8822061676478, 1157.2982793262652, 947.9868078041761, 1086.6540013863719]"
22,0.4400000000000013,"[-0.12795094125493367, -0.04587299033600279, 2.119161385570431]","[0.2381370510056559, 0.0, 2.1642348972626206]","[0.053816544107788515, 0.004495704745617365, 0.06490110847275385]","[-0.04857724334492089, 0.0, 0.05828481278301988]","[0.015452517933842154, -0.06610740111172311, 0.00010921999547443732, -0.997692896780835]","[[0.9912596961866759, -0.0018251155751346341, 0.13191314447549285], [-0.0022609876298197583, 0.9995225125291769, 0.030819294259845066], [-0.13190639357973766, -0.03084817526004606, 0.9907821594236992]]","[-0.02252539394799532, -0.0602591242442106, 0.00048723792942437954]",[0.4788330125343287],"[0.01116512886336469, -0.06549274254506605, 0.0, -0.9977900944463364]",[0.453106387944],"[-3.196423522573878, -0.9062989008232168, 0.5536590789095044]","[988.260210274489, 1105.374699697809, 957.7421921430378, 1064.391516620497]"
23,0.46000000000000085,"[-0.12618478983124198, -0.045843226580196, 2.121459151127378]","[0.23714611989229561, 0.0, 2.1654238404710466]","[0.06447570830137862, 0.005954060103887655, 0.0972103153116487]","[-0.05056619490705657, 0.0, 0.06066980794493008]","[0.015517382264239803, -0.06541412165132875, 0.00012941883182250157, -0.997737604390162]","[[0.9914420923059051, -0.0017718597918351953, 0.1305362745423379], [-0.0022883639327374193, 0.9995185286240656, 0.0309476199750404], [-0.1305282415763956, -0.03098148325187564, 0.9909605474997041]]","[0.0013509853796595905, -0.05853953239424303, 0.0010931138993734337]",[0.46793850689620303],"[0.011697307852602607, -0.06403025875652468, 0.0, -0.9978793650875634]",[0.453106387944],"[-1.8534869532079352, -0.32073394159972546, 2.3045952419500395]","[966.1867116541031, 1106.238234318939, 970.0294819506246, 1033.6136101891286]"
24,0.4800000000000004,"[-0.1247748243576824, -0.0457468385627451, 2.12335335090097]","[0.23611437127903, 0.0, 2.1666617257659753]","[0.07488619120018752, 0.011056282259780194, 0.10019918712811032]","[-0.052555061494934684, 0.0, 0.0630543952690739]","[0.01527340870591007, -0.06450525566592913, 7.86682542421493e-05, -0.9978004963999756]","[[0.9916781734323143, -0.0018134398206624415, 0.12872915531254128], [-0.002127420713197386, 0.9995334754223726, 0.03046948054524819], [-0.12872434918294443, -0.03048977860865892, 0.9912116317827072]]","[0.04000063573240966, -0.11161056471223874, 0.0038200524818535996]",[0.46709115542180457],"[0.009761434862262264, -0.05993472645102383, 0.0, -0.9981541977021808]",[0.453106387944],"[-2.7203219197296375, -0.46708924586356687, -1.585740010557803]","[951.8879801075482, 1108.5358984906577, 913.7790880665669, 1081.5143663475753]"
25,0.5,"[-0.12346646203464927, -0.04566076071382001, 2.1251823999711092]","[0.2350409312233148, 0.0, 2.167949593968459]","[0.07518064853464065, 0.010325918346887909, 0.09056423068942436]","[-0.054543829930957737, 0.0, 0.06543851151732608]","[0.014715991280025433, -0.06351192786966466, 4.586419378352461e-05, -0.9978725306655456]","[[0.9919323807709682, -0.0017777487151797772, 0.1267549662556513], [-0.00196081519165058, 0.9995667899357037, 0.0293635410729674], [-0.12675226650734817, -0.02937519276643692, 0.9914992641793092]]","[0.0585578245691126, -0.12023324994723784, 0.0021501793351996574]",[0.47281089933166603],"[0.01091146986111729, -0.06059709113593959, 0.0, -0.9981024828268159]",[0.453106387944],"[-3.6937658732001504, -1.2924767465624256, -0.836697958273831]","[943.9915374039509, 1100.810984271961, 910.2545893844642, 1075.2983294951566]"
26,0.5199999999999996,"[-0.12161953592672782, -0.04543852880372071, 2.1278008880308565]","[0.2339331514616502, 0.0, 2.1692786253276957]","[0.07394968205152248, 0.007917528411361383, 0.1043357996599626]","[-0.05653250836382958, 0.0, 0.06782219580664176]","[0.014216578259427732, -0.06205513076470274, 5.1414952617190445e-05, -0.9979715418574253]","[[0.9922984675569716, -0.0016618019267550278, 0.12385997094822426], [-0.001867044564906644, 0.9995959238706074, 0.02836909992777985], [-0.12385704716943391, -0.02838186217421153, 0.9918942506491534]]","[0.07913543688447364, -0.11629777021078604, 0.0003333313694664599]",[0.4680512039098475],"[0.013112963483429623, -0.06320273179592706, 0.0, -0.9979144968751841]",[0.4533762130500094],"[-2.8813477364461635, 0.602528156595479, 1.9954106158431486]","[926.1139995848038, 1096.4377050160292, 909.1533085159662, 1061.4650340864318]"
27,0.5399999999999991,"[-0.12000567419159124, -0.04526619791430514, 2.1302227227744166]","[0.23278257172703978, 0.0, 2.1706589536533523]","[0.08086253855418851, 0.026024185273133646, 0.12474887611532003]","[-0.058521063364028084, 0.0, 0.07020528770697167]","[0.013577737664829791, -0.06098622218155646, -3.4136758234413705e-05, -0.9980462673477203]","[[0.9925613862655157, -0.0017242499801708108, 0.12173321581598626], [-0.001587969723629978, 0.9996313149372822, 0.027106584534664333], [-0.12173506981577839, -0.027098257046975365, 0.9921926786759624]]","[0.07955642592340013, -0.12155739889790243, 0.0012637308365120044]",[0.4590369980152993],"[0.003715998812283159, -0.061401456573283685, 0.0, -0.9981057323524385]",[0.453379468711],"[-2.61274411948313, -0.36970192121088163, 2.3785592004998968]","[958.3230242560094, 1058.6191522359982, 899.9945752403555, 1056.666943199351]"
28,0.5599999999999987,"[-0.11848634832793442, -0.04505921956973973, 2.1325037803749516]","[0.23159026475180072, 0.0, 2.1720892829433867]","[0.08083072518998739, 0.012995842776513751, 0.13604392876351812]","[-0.06050948317206443, 0.0, 0.07258773079626116]","[0.012608235671928477, -0.059928824806442675, -5.096060972956444e-05, -0.9981229056593917]","[[0.9928168357690408, -0.0016129233971175798, 0.11963138045036348], [-0.0014094635896877913, 0.9996818286408855, 0.025175245667112312], [-0.1196339505438733, -0.025163029629302263, 0.9924989057494904]]","[0.08941055068455771, -0.11770139275722347, -0.0007648313141609632]",[0.45488325741641217],"[0.012085596560821674, -0.06272579555504154, 0.0, -0.9979534278545733]",[0.453379468711],"[-3.4636652788413125, -1.3581356013039372, -0.6146024759094466]","[966.5988909292656, 1062.6884384196508, 898.1726070203216, 1075.2217162649983]"
29,0.5799999999999983,"[-0.11691560177498074, -0.044776922113288695, 2.1349632381249535]","[0.23035968962633613, 0.0, 2.1735654584068613]","[0.07720669764847, 0.019894730725568507, 0.11755511655559042]","[-0.06249776532600318, 0.0, 0.07496951327699088]","[0.011905191087395335, -0.058686803015161625, -6.174791789840075e-05, -0.9982053808402818]","[[0.9931115712523736, -0.0015206294162113908, 0.11716149486657236], [-0.0012740810006039204, 0.9997163857989996, 0.023774899182528175], [-0.11716443534961966, -0.023760404030950977, 0.9928281117283295]]","[0.06258088634220106, -0.14144322550534782, 0.0016693606222965317]",[0.46435099976389865],"[0.008360006816159185, -0.06384863956856394, 0.0, -0.9979225858367827]",[0.453379468711],"[-3.5188428548017625, 0.2566340797521709, -2.441933001103468]","[932.208406624879, 1079.7165643311173, 892.6653152711436, 1061.3288707856184]"
30,0.6000000000000014,"[-0.11504335776932423, -0.04446347430168686, 2.13781791804411]","[0.2290914963662326, 0.0, 2.1750866920953813]","[0.07651090475181616, 0.022692780542966695, 0.11248412515442391]","[-0.0644858997877197, 0.0, 0.0773505869926863]","[0.011424787432053416, -0.0570746652883228, -0.00011414391328160115, -0.9983044567371694]","[[0.9934847836625555, -0.001532032592026258, 0.11395317730833794], [-0.0010762310826724845, 0.9997387669623685, 0.022823861872677945], [-0.11395839358812156, -0.02279780297009696, 0.9932237581844862]]","[0.05249719338120136, -0.1375175973547651, 0.0030129985607400996]",[0.46765613645749365],"[0.007246174956377796, -0.06387108279755775, 0.0, -0.9979318460222597]",[0.453379468711],"[-2.5357335462221036, -0.5066240535509663, -0.33717785418784985]","[912.4476140417082, 1068.7998658212086, 889.0491489983675, 1032.6875103788786]"
31,0.620000000000001,"[-0.11343089281611646, -0.04418254604922804, 2.1402945900019383]","[0.22778166700758154, 0.0, 2.1766577846371713]","[0.08319450449233631, 0.02297441050753652, 0.1182474532926924]","[-0.066473855088798, 0.0, 0.07973080095402538]","[0.010694803607182734, -0.05607035971323915, -0.0001985194029583973, -0.9983694587197384]","[[0.9937120302802142, -0.0015957143883882485, 0.11195362310220147], [-0.0008029315528804855, 0.9997710431085658, 0.021376992685501733], [-0.11196211560630889, -0.021332468468165996, 0.9934833514517284]]","[0.061269782342647926, -0.11387332787290332, 0.0019507207020048893]",[0.46566122433198787],"[0.007610386600275914, -0.060369790337674825, 0.0, -0.9981466052036967]",[0.453379468711],"[-2.4831263248734827, -0.10354742411396584, -0.25090038100348266]","[929.4594623516895, 1039.1347151635935, 842.6709867478542, 1069.1873768149615]"
32,0.6400000000000006,"[-0.11188714756501572, -0.0438079693733282, 2.1425765559039798]","[0.2264303551631324, 0.0, 2.1782785373647195]","[0.08216595858352808, 0.028191702862437128, 0.11450639890981261]","[-0.06846161325840501, 0.0, 0.08211006895552295]","[0.01033422194637838, -0.05496505210100372, -0.0002005704060863195, -0.9984347011458758]","[[0.9939574514145375, -0.0015365550023310503, 0.10975388525768155], [-0.0007355291884930447, 0.9997861730329957, 0.020658140326855805], [-0.10976217621405103, -0.020614042875573987, 0.9937439395850391]]","[0.03523844605248165, -0.11160149681841061, 0.005168768274311794]",[0.46842318962417184],"[0.005095405386907708, -0.06052504162441229, 0.0, -0.9981530427110872]",[0.453379468711],"[-3.4216387747250985, -0.6701380810257688, -1.3985155670474185]","[917.8851902836963, 1085.4165676559267, 879.3194524290725, 1063.9846872066428]"
33,0.6600000000000001,"[-0.11012705672502422, -0.04350570546294059, 2.1452078542583193]","[0.22504341514666326, 0.0, 2.1799419294088733]","[0.07712045493000912, 0.021591871927658567, 0.10848718062337927]","[-0.07044918683390515, 0.0, 0.08448845119075059]","[0.01002326303392056, -0.053970539982853886, -0.0002769089297971102, -0.9984922129928834]","[[0.9941742693446765, -0.0016349046568829568, 0.10777277674572175], [-0.0005289390164405268, 0.9997989761130638, 0.020046190025232655], [-0.10778387886988094, -0.019986410327363757, 0.993973491098093]]","[0.04021464105380622, -0.08209768405328252, 0.0040476021956172]",[0.4726305927274058],"[0.00917258997834481, -0.06252457187303456, 0.0, -0.9980002807823314]",[0.453379468711],"[-3.728895082619876, -1.0247055247487813, -2.3168778356488176]","[930.4582833289849, 1084.0792016697105, 899.6895408296372, 1055.6937725019568]"
34,0.6799999999999997,"[-0.10859943297648438, -0.04311516272080774, 2.1474917469508332]","[0.2236139290872847, 0.0, 2.181656224671495]","[0.07152724489943904, 0.022210567764513463, 0.0984433293931319]","[-0.07243652169921881, 0.0, 0.08686568802730228]","[0.009589151028565005, -0.05342909092910713, -0.00029993568839515846, -0.9985255293531422]","[[0.9942904268684934, -0.0016236661285296311, 0.10669487034845798], [-0.00042569236042293214, 0.9998158587486178, 0.0191820747960265], [-0.10670637486291748, -0.0191179736313539, 0.9941067031564306]]","[0.04347503011119143, -0.05269209674949276, 0.002288221117750548]",[0.47880899894933643],"[0.00891006095888676, -0.06428534460771287, 0.0, -0.9978916318514133]",[0.453379468711],"[-3.261600349330927, -0.715007292919206, -0.7405913472933321]","[941.7316913393998, 1065.9385334938772, 900.1614642442296, 1048.5058075736024]"
35,0.6999999999999993,"[-0.1070674334640149, -0.04278309338091173, 2.149761471795912]","[0.22214427638412887, 0.0, 2.183418557786038]","[0.072048023071852, 0.01893865738852081, 0.11486969306846007]","[-0.07442360962091138, 0.0, 0.08924174001327634]","[0.009299811892121822, -0.05273692933923707, -0.00031158715442335236, -0.9985650529109368]","[[0.9944373705935644, -0.0016031671319322966, 0.10531671386814292], [-0.00035860695855980415, 0.99982676502337, 0.018605798607728447], [-0.10532830467583948, -0.018540070008745097, 0.9942645917642162]]","[0.03160436937811378, -0.0686331048184716, 0.00013567089560815237]",[0.47253512734760017],"[0.010991936528919471, -0.06417732031445428, 0.0, -0.997877576733319]",[0.453379468711],"[-2.68783581617117, -0.26958610140638983, 0.5434476282925864]","[923.4190341795678, 1095.4273856048335, 902.9647382454212, 1061.5332114420657]"
36,0.7199999999999989,"[-0.10550062668326918, -0.04245340388820525, 2.152186081621196]","[0.22063758000155484, 0.0, 2.185225177424797]","[0.07235499470162869, 0.024172935886207635, 0.11538897584519923]","[-0.07641045132078421, 0.0, 0.09161661066448314]","[0.008922000513752413, -0.052082241965588215, -0.0003664388593241561, -0.9986029249296989]","[[0.9945747095657176, -0.0016612094126067208, 0.10401241959208311], [-0.00019750174569070145, 0.9998406252357069, 0.017857241533188704], [-0.10402549706284771, -0.017780901703841043, 0.9944157739342581]]","[0.03163324347895854, -0.0703189828487811, 0.0013118163097729952]",[0.4734854987108405],"[0.008114019441128426, -0.06308723844079601, 0.0, -0.9979745718465025]",[0.45348528573536856],"[-3.0156844307336774, -0.7468441649202904, -1.5893886441470393]","[923.4820976050501, 1116.539963623988, 913.4462928151503, 1060.51790239495]"
37,0.7399999999999984,"[-0.10391759715444084, -0.0420446683086211, 2.1545937574880814]","[0.21908957188990769, 0.0, 2.187081166635835]","[0.06928741026809965, 0.01610525678065848, 0.10932138810212687]","[-0.07839699699622973, 0.0, 0.09399006110285453]","[0.00816715926689483, -0.05147625274661353, -0.00038994252035912027, -0.9986407773234679]","[[0.9947001479717086, -0.0016196545125748583, 0.10280620066781745], [-6.200450600324196e-05, 0.9998663521843935, 0.01635226211710215], [-0.10281893955849228, -0.016271970998163517, 0.9945670471010654]]","[0.03555580491586454, -0.04391083328552697, -0.0010857612515588998]",[0.4777140900156885],"[0.012485939503827993, -0.06333366876687736, 0.0, -0.9979136391697931]",[0.453493646835],"[-3.201134914383313, -0.5690399062702363, -1.6937594163575262]","[978.1823184119279, 1075.9251262694693, 905.4154051721462, 1082.9046503113432]"
38,0.7600000000000016,"[-0.10252942612106132, -0.041782929044223746, 2.1568300354378143]","[0.2175007909954457, 0.0, 2.1889858579568635]","[0.06749355063241859, 0.023438241639047227, 0.10821863472802806]","[-0.08038322541693291, 0.0, 0.09636198956032328]","[0.007656196499558465, -0.05107183791783822, -0.0004240010437858104, -0.9986656133393909]","[[0.9947831122061905, -0.001628902578282937, 0.10200088420656124], [6.483847151265607e-05, 0.9998825427731227, 0.015335269371327348], [-0.10201386914779022, -0.015248651320986456, 0.9946662370702811]]","[0.060986738730551326, -0.05039726737391959, 0.001261152751177056]",[0.4795566641384164],"[0.008293470745549474, -0.06312970874913985, 0.0, -0.9979697106919437]",[0.453493646835],"[-2.7095503108801533, 0.30716998499009857, -2.1206138562101486]","[941.9718526134309, 1090.7497312073992, 884.442300316909, 1095.6082747860005]"
39,0.7800000000000011,"[-0.1010518588280733, -0.04140673130650824, 2.1592094379665916]","[0.21587388747252098, 0.0, 2.1909360635247808]","[0.06875417832377631, 0.024157759374597472, 0.09898154080947555]","[-0.08236913391582679, 0.0, 0.09873238333138665]","[0.007505896559766544, -0.05063790009451396, -0.00036834104070857676, -0.9986888426212066]","[[0.9948714102581468, -0.001495881855496707, 0.10113748221681632], [-2.4449504956149982e-05, 0.999887127143779, 0.015029414329855712], [-0.10114854113581742, -0.01495480626257527, 0.9947590046420596]]","[0.04744972334768383, -0.039696050912176456, -0.0030469368236178147]",[0.4851121100995616],"[0.007831231164004734, -0.06073700625415052, 0.0, -0.9981228298319479]",[0.453493646835],"[-3.4931733573616413, -0.5968392268629608, -2.3383778447655423]","[921.5222535463987, 1120.4289965727437, 913.1769551459892, 1065.8514031326858]"
40,0.8000000000000007,"[-0.09962581327287005, -0.04110452911046405, 2.1615850929685863]","[0.2142059811449643, 0.0, 2.1929351969551862]","[0.06008649955143269, 0.022530266599563906, 0.10312995449606953]","[-0.08435467285254256, 0.0, 0.10110100439678024]","[0.007175320950228635, -0.05056369179605037, -0.0003860744751001976, -0.9986950037550554]","[[0.9948863597745026, -0.0014967627328500537, 0.10098987231971292], [4.551986458963778e-05, 0.9998967631691169, 0.014370957068203205], [-0.10100095315279105, -0.014292871665126052, 0.9947836874200257]]","[0.022918404799657014, 0.0029290834091367235, -0.002790771763085541]",[0.48510837999554324],"[0.008716626136634957, -0.06445053251115784, 0.0, -0.9978818248665776]",[0.453493646835],"[-2.43468926017402, -0.2089507714068144, 0.9113327086158733]","[977.0624864783637, 1073.5931262409013, 898.0734176414265, 1100.052354465782]"
41,0.8200000000000003,"[-0.09814548452036463, -0.04075763163075496, 2.16411319004206]","[0.2125001408922325, 0.0, 2.194979570465575]","[0.0723916439272656, 0.025165101015636872, 0.1299165045805645]","[-0.08633984426280363, 0.0, 0.10346786264035486]","[0.006964143870736971, -0.05076461239213219, -0.0003303488963759023, -0.9986863757755909]","[[0.9948458214579204, -0.0013668940126082432, 0.10139125234061849], [-4.7234244355778615e-05, 0.9999029146008627, 0.013943531272649584], [-0.10140045472958609, -0.01387645113793482, 0.9947490411190025]]","[0.023057833748497458, 0.01069760630640445, -0.005574775203491839]",[0.47337242168496846],"[0.007427097963996546, -0.05812503288038321, 0.0, -0.998280160548662]",[0.453493646835],"[-2.4030318475876684, -1.0135579485837887, 0.4879479591129794]","[991.4699035830163, 1084.0691264020538, 914.8665894753417, 1095.5677311939073]"
42,0.8399999999999999,"[-0.09677376903590239, -0.0404768891113743, 2.1665573275962666]","[0.21075249446165795, 0.0, 2.197073772363835]","[0.06324738601675466, 0.014270017847380453, 0.12197871210116533]","[-0.08832458172603218, 0.0, 0.10583263962658153]","[0.006816938052421764, -0.05092137419192166, -0.000286037287546111, -0.9986794325872671]","[[0.9948140115503128, -0.0012655748188717389, 0.1017043583721647], [-0.00012293659477033436, 0.999907042960679, 0.01364500247585419], [-0.10171215796604423, -0.013586740828846276, 0.9947212338961514]]","[0.01337169958872763, 0.012781890456645283, -0.004468204722653809]",[0.47870762970853725],"[0.013199912428629251, -0.06157289569485669, 0.0, -0.9980125348577291]",[0.453493646835],"[-3.634184192021295, -1.2023844745797692, -2.806943696947293]","[980.8582553146713, 1099.166776423954, 924.9281400908657, 1091.384217955236]"
43,0.8599999999999994,"[-0.09533898978357347, -0.04009527684570988, 2.1692355411402025]","[0.20896668892190684, 0.0, 2.1992134250002517]","[0.06298861680776893, 0.01581031844543872, 0.11518007989969332]","[-0.09030889388294447, 0.0, 0.10819537696266344]","[0.006660242860954262, -0.051098547043096805, -0.00024418496720753107, -0.998671459425979]","[[0.9947779215707679, -0.0011683785814399017, 0.10205806843778387], [-0.00019293635115578224, 0.9999113269206653, 0.013327743910229443], [-0.10206457376252226, -0.013277833922093158, 0.9946893231534305]]","[0.003808943469138631, 0.02092884573286129, -0.004766369669861872]",[0.48308630391012913],"[0.011889851805016546, -0.06009393047290097, 0.0, -0.9981215679909647]",[0.453493646835],"[-2.886129562429826, 0.37916727682399315, -1.5644968087518833]","[967.5806000278058, 1091.3275496780054, 930.466383332607, 1064.8936177189728]"
44,0.879999999999999,"[-0.09386406879028326, -0.039808234631837164, 2.17203981595639]","[0.20714100587799908, 0.0, 2.2014005435737616]","[0.061976670223204626, 0.022922349133405507, 0.12224527502499838]","[-0.09229273229005776, 0.0, 0.11055584250587458]","[0.006817291859184255, -0.05118283896654946, -0.0001727315627085595, -0.998666055327816]","[[0.9947606526914453, -0.0010428589995547253, 0.102226772659453], [-0.00035285440611165976, 0.9999070677642102, 0.013634077721577051], [-0.10223148290535812, -0.01359871415454284, 0.9946677614272442]]","[-0.004089237064934619, 0.008552571182709781, -0.007488105435924142]",[0.4810939954515057],"[0.007858245954622629, -0.05986921988760556, 0.0, -0.9981748031394716]",[0.453493646835],"[-2.335444529891748, 0.5684419081890325, 0.04042664731275636]","[956.2525992394873, 1086.635703926665, 916.703980155799, 1080.8755519044832]"
