,t,p,p_d,v,v_d,q,R,w,T_sp,q_sp,hover_throttle,fa,pwm
0,0.0,"[-0.742330137250481, -0.08792906753138577, 2.1864684153505802]","[0.24986810883343566, 0.0, 2.150158269400705]","[-0.028598256006422046, 0.006743138849656409, -0.04178564522293489]","[-0.005110816133854082, 0.0, 0.006132979252552105]","[0.015151256549681223, -0.14137862160913842, 0.004146120911582803, -0.9898309577334405]","[[0.959989780495821, 0.003923790132300579, 0.2800075107440491], [-0.012492045198862024, 0.9995064886419524, 0.028822019843863254], [-0.27975623497757957, -0.03116671128188086, 0.9595650399829794]]","[0.04435869517453495, -0.02815925982998381, -0.00575984341678892]",[0.5101913637498887],"[0.014471519368670638, -0.17478899021242753, 0.0, -0.984496841786493]",[0.464344210814],"[-7.979822044333451, -0.8213872145826508, -1.4086202438089153]","[947.7424108641395, 1157.9808450374298, 909.7686927805935, 1139.445637616663]"
1,0.020007974481657698,"[-0.7428144136094692, -0.08794244741254327, 2.1870612454117446]","[0.2497455694258313, 0.0, 2.1503053166777972]","[-0.030455686061314668, 0.004046674951215664, -0.019158875390480334]","[-0.007101046035677204, 0.0, 0.008521254691297055]","[0.014612929213688378, -0.14101956613416367, 0.00416705084516222, -0.9898902073498448]","[[0.960192277961909, 0.004128427774982791, 0.2793095607599252], [-0.012371263525637114, 0.999538238626836, 0.027755119654165633], [-0.27906598948380446, -0.03010566246314074, 0.9597999311869928]]","[0.05622831701507351, -0.03753341336366814, -0.00888726831575592]",[0.5048585321042202],"[0.017086761481374793, -0.1873330689640633, 0.0, -0.982146625202075]",[0.464344210814],"[-7.876729383274994, -0.7827142254689581, -1.1294045346624522]","[924.9686571619296, 1208.4821459914472, 897.8276877048377, 1199.4093171050167]"
2,0.040015948963315395,"[-0.7434664036885569, -0.08782812861149705, 2.187671149540466]","[0.2495839821311877, 0.0, 2.1504992214138796]","[-0.029601689176068573, 0.007725368686249538, -0.01710305667758613]","[-0.00909127570336525, 0.0, 0.010909529006195018]","[0.014184635922064839, -0.1407747392290928, 0.004223005652807765, -0.9899310604389934]","[[0.9603293473363488, 0.0043672920822711075, 0.278834377371521], [-0.012354645774224307, 0.9995619939539039, 0.026894638321467372], [-0.2785947701807934, -0.029272608399615367, 0.959962607097353]]","[0.0490545528890593, -0.029213473642224267, -0.012261976776265797]",[0.5082472092566532],"[0.01580640588572569, -0.19409403282826312, 0.0, -0.9808543215402448]",[0.464344210814],"[-7.6948169224844305, -0.8643277089330978, -0.2551120315216835]","[939.6961606509021, 1214.4433835058073, 871.0102610007798, 1235.5740239337497]"
3,0.06002392344497309,"[-0.7440145372102444, -0.08767201241271426, 2.188506421442193]","[0.24938186391635658, 0.0, 2.1507417632045778]","[-0.029207275158373937, 0.002418068863112756, -0.002514785628509424]","[-0.011081504865239705, 0.0, 0.013297800892982192]","[0.013993182897836704, -0.14079084979853665, 0.004244216153100129, -0.9899313778327774]","[[0.960319865227765, 0.004462741265371524, 0.27886534004040253], [-0.012343189711662641, 0.9995723736665286, 0.026509488054795805], [-0.27862777966884944, -0.028899675250490378, 0.9599642736340489]]","[0.02831243246613499, 0.02482413911774567, -0.007551299210836006]",[0.5060375523922676],"[0.019470013393647907, -0.20243242507773385, 0.0, -0.9791006421844858]",[0.464344210814],"[-8.564672891027936, -1.235437867293276, -0.31764123550433254]","[953.2278126119668, 1214.4252645400659, 858.8002188886477, 1247.8747639654168]"
4,0.0800318979266379,"[-0.7447313972086325, -0.08765470199257355, 2.189474514599046]","[0.2491400610602451, 0.0, 2.1510319264803304]","[-0.03870596597299463, 0.002866700677431136, -0.004942579125541824]","[-0.013071733134013396, 0.0, 0.01568606849306258]","[0.013613101059458295, -0.1420594223063557, 0.00428230310417825, -0.9897551924670972]","[[0.9596014399501441, 0.004609124921547414, 0.2813246925830323], [-0.012344602010766152, 0.9995925658412651, 0.025730591908115826], [-0.2810915108833346, -0.02816395792859693, 0.9592674831489862]]","[0.012704583203576486, 0.1575151505163885, -0.0076066117722832964]",[0.5130444769881963],"[0.019489473781160376, -0.21156383673959245, 0.0, -0.9771685030954376]",[0.464344210814],"[-9.168887561529068, -0.22299552699109426, -1.7964601392351014]","[960.0470211039752, 1203.583864179135, 886.9275942740999, 1213.7032910090104]"
5,0.1000398724082956,"[-0.7453596373392007, -0.08750936798221849, 2.1905260535714453]","[0.2488580020813582, 0.0, 2.1513703969242757]","[-0.04134946102406961, 0.009319475317528003, -0.00175133820100752]","[-0.015061959940979466, 0.0, 0.018074329076505642]","[0.013874438946314151, -0.14425312082978134, 0.0043058705274551445, -0.9894340256325997]","[[0.9583446877454764, 0.0045178873841292605, 0.2855773751808406], [-0.012523611855201577, 0.9995776133715893, 0.02621341343714191], [-0.28533840902986496, -0.028697954483039433, 0.9579967686753248]]","[-0.017566614963100944, 0.2758475739273816, -0.005793555638776454]",[0.5166383443562738],"[0.016530427711687355, -0.2178183294335471, 0.0, -0.9758472116314884]",[0.464344210814],"[-7.076047601314204, 0.41427423643022276, -0.6049898173814015]","[975.3184217720698, 1201.1903790556364, 901.8798459656459, 1211.6289548620605]"
6,0.12004784688995329,"[-0.7460139904990339, -0.08729928290304678, 2.1918561895270896]","[0.24853778126107362, 0.0, 2.151754661286349]","[-0.026242903867194307, 0.016225927647705612, 0.011110796472962085]","[-0.017052184612742403, 0.0, 0.02046257941109649]","[0.013992504065068995, -0.1478720794377639, 0.0043943320661806624, -0.9888975394372386]","[[0.9562286716434796, 0.004552886990146195, 0.2925836464335438], [-0.012829289680718661, 0.9995693950579544, 0.026374707640292212], [-0.29233769559634665, -0.028973903721756934, 0.9558757116120734]]","[-0.025001423356155145, 0.37699760158042334, -0.006795119875881168]",[0.5133293682593366],"[0.013720292856758815, -0.21766425967893122, 0.0, -0.9759271316420305]",[0.464344210814],"[-8.041190819589197, -1.5735709234597748, 0.5913696923318916]","[975.1042613617751, 1213.9379251272194, 915.9137775442366, 1211.380466215134]"
7,0.140055821371611,"[-0.7466291291715362, -0.08714897970874173, 2.1933123954181304]","[0.24817672851388964, 0.0, 2.152187923452819]","[-0.035325572680675627, 0.0029778215241696507, 0.025666789052295507]","[-0.019042406036791703, 0.0, 0.022850814156292077]","[0.014491325295727999, -0.1522377065698213, 0.004446248350431834, -0.9882274473347062]","[[0.9536073977484635, 0.004375557058769063, 0.30101982436555247], [-0.013200061571484534, 0.9995400393340883, 0.027287677507569087], [-0.3007620962407857, -0.029995224114407464, 0.9532269389795976]]","[-0.05541047269817438, 0.4523878293157246, -0.00318210892248055]",[0.513326106309312],"[0.02150439670647704, -0.228812599856388, 0.0, -0.9732298540915613]",[0.46442176861323975],"[-8.573883103411012, 0.18979243656046163, -0.45572866833721193]","[960.0795520873816, 1234.1695792389846, 945.3904094267715, 1182.6421625165706]"
8,0.1600637958532687,"[-0.7471506825234293, -0.08690405024584022, 2.194912038275974]","[0.24777574878444186, 0.0, 2.152669097218042]","[-0.022144916923276196, 0.026351153603376712, 0.02712056755522848]","[-0.0210326229973561, 0.0, 0.02523902747725529]","[0.015053214404925028, -0.15770662279330327, 0.0045102994168003145, -0.9873605059812062]","[[0.9502156463616857, 0.0041585998166289335, 0.31156237076386933], [-0.013654566240565855, 0.9995052055795829, 0.02830329060536035], [-0.3112907927472633, -0.03114850696060108, 0.9498031334355027]]","[-0.05834468287861761, 0.5654921697495631, -0.004933166796971496]",[0.5152995903824726],"[0.009700480502886716, -0.22728357077425568, 0.0, -0.9737776687235279]",[0.46442416753300003],"[-7.315299478662682, -0.976366062264159, -0.3093113877696041]","[968.1748365170228, 1226.3894336278447, 971.0089745312026, 1149.9545806328092]"
9,0.18007177033492638,"[-0.747473195599675, -0.08672498635928225, 2.196606436963007]","[0.2473341422023075, 0.0, 2.153199022038114]","[-0.013653374492674565, 0.002047021262097392, 0.0414567734194096]","[-0.023022833813885885, 0.0, 0.027627211306712068]","[0.015706395134235177, -0.16348923584790495, 0.004608022653882909, -0.9864080297864369]","[[0.9464975279643624, 0.003955128017613095, 0.3226789408972229], [-0.014226434171298541, 0.9994616067444008, 0.029479104353910095], [-0.32238943919886526, -0.032492552763722704, 0.9460466140136944]]","[-0.03589460435266781, 0.6231107164057724, -0.013999640839024566]",[0.5181911363364801],"[0.02385593056406468, -0.23035545394696985, 0.0, -0.9728047145185919]",[0.46442416753300003],"[-8.040392179831935, -1.2867387895673978, -0.5409430125224333]","[1001.4352042694468, 1190.949929386629, 954.1236092664994, 1169.2566721683263]"
10,0.20007974481658408,"[-0.7477399720763819, -0.08637756922499716, 2.1986937881868873]","[0.24685376775289933, 0.0, 2.153775466664815]","[-0.0028024205827007205, 0.023474593415800504, 0.03868478506069288]","[-0.025013036887662123, 0.0, 0.030015357970933337]","[0.01577859457718396, -0.17073060964027018, 0.004685124832369434, -0.9851798754486412]","[[0.9416574595729981, 0.003843603254771553, 0.33654857085189077], [-0.014619159540488667, 0.9994574136156125, 0.029489719242866995], [-0.33625287211079696, -0.0326892961183518, 0.9412034322687256]]","[-0.018609282356158444, 0.6606822198164692, -0.016359574725712228]",[0.5181513222513112],"[0.020643266335017264, -0.23072481737023295, 0.0, -0.972799548287499]",[0.46442416753300003],"[-8.953187730677527, 0.7206540519944116, -1.9701506974251615]","[1018.6503842745201, 1179.772957912311, 959.1666054795984, 1175.1448003727076]"
11,0.22008771929824889,"[-0.7476574899005839, -0.0862505372612743, 2.1998562351794075]","[0.24633315517608909, 0.0, 2.1544001947470095]","[0.0015378515070130802, 0.019339541092749445, 0.03641236199385742]","[-0.027003229818283604, 0.0, 0.03240345594881194]","[0.0157682217933505, -0.17466578393366716, 0.004786117703354757, -0.9844856488247766]","[[0.9389295865606327, 0.003915390743526915, 0.34406285237780027], [-0.014932066026628915, 0.9994485850779092, 0.029375234124768775], [-0.34376097811589795, -0.03271911812738982, 0.938478126768925]]","[-0.0056050298842868305, 0.6732565424337522, -0.018878138366061503]",[0.5233245398875825],"[0.022759338244974985, -0.232829512609989, 0.0, -0.9722501294558128]",[0.46442416753300003],"[-7.973834913354203, -1.3693324086331167, -0.78434453811224]","[1030.6731066316331, 1175.750277525146, 994.536744704938, 1149.6975711230202]"
12,0.24009569377990658,"[-0.747296534749169, -0.08575710134490096, 2.2026736111909657]","[0.24577321363742238, 0.0, 2.1550721145122496]","[0.028015556007580822, 0.021756742274909553, 0.047698265736576415]","[-0.02899341025305043, 0.0, 0.03479149394686155]","[0.01599180818680531, -0.18426673890006906, 0.004928265952330703, -0.9827334260060505]","[[0.93204220564851, 0.003792826679809764, 0.362327791004061], [-0.015579860054601928, 0.9994391919200752, 0.029615137903965135], [-0.36201254346884804, -0.033247599885838024, 0.9315793054009367]]","[-0.013407369395221837, 0.6914104050550691, -0.018132279058507863]",[0.5179202832962311],"[0.02094768093575958, -0.2283223446026025, 0.0, -0.973358924210089]",[0.46442416753300003],"[-7.572324393998864, 0.4395578686009701, -0.012926139780773838]","[1063.5821527856715, 1152.0222089627084, 997.8505141969988, 1156.2167187651287]"
13,0.2601036682615643,"[-0.7466517243809235, -0.08540649408402184, 2.2046418822224823]","[0.24517390963220656, 0.0, 2.155791265200784]","[0.043815248670648906, 0.034686766710800024, 0.049356814826824046]","[-0.03098357528984318, 0.0, 0.03717945803522334]","[0.01643711413149365, -0.19092910837665142, 0.004860234620616043, -0.9814534383000789]","[[0.927043483965948, 0.00326354086787471, 0.37493583623799565], [-0.01581683504952007, 0.9994109753750108, 0.03040860383493941], [-0.3746162833133361, -0.03412044488540162, 0.9265503702851394]]","[-0.0391339701510396, 0.6753612240923986, -0.0015496051368358297]",[0.5194081768711415],"[0.015223450241613567, -0.22746089142615697, 0.0, -0.973667489843641]",[0.46442416753300003],"[-7.860068531779449, -0.4048673952461712, -0.5841102657986958]","[1083.8242541950397, 1132.3145900592574, 984.272293549103, 1169.4250555068127]"
14,0.280111642743222,"[-0.7454492499772545, -0.08490828875053741, 2.206735241561936]","[0.24452689290366023, 0.0, 2.1565676645528065]","[0.07133579190917354, 0.028548663938711288, 0.051824234547077484]","[-0.0329737169961716, 0.0, 0.039567310138976894]","[0.016781813153377612, -0.1976144168699187, 0.004916364696935016, -0.9801145233206693]","[[0.9218304796801463, 0.0030045444421647628, 0.38753453101098045], [-0.01626985732346336, 0.9993701366843926, 0.03095310851314914], [-0.3872045089560292, -0.03483928668396781, 0.9213155624583831]]","[-0.04986709384234456, 0.6429926738160822, 0.0014239326993882905]",[0.5174887840764528],"[0.018969071862923022, -0.22209486584257288, 0.0, -0.9748316184655108]",[0.46442416753300003],"[-9.298596258245764, -1.421745318232375, -1.549188567357998]","[1076.1952549847726, 1139.7040928571612, 1027.120757622903, 1119.5529908499302]"
15,0.3001196172248797,"[-0.7442032520253822, -0.08446199144292102, 2.2084921589253357]","[0.2438547382094018, 0.0, 2.157374224983142]","[0.07420208051153628, 0.0303379253315556, 0.03708946911154165]","[-0.034963843833809564, 0.0, 0.04195509087428209]","[0.017124028018966307, -0.203025663818946, 0.00496961824685208, -0.9790108967113177]","[[0.9175114509404496, 0.0027773865207174325, 0.397698874145799], [-0.016683855143936895, 0.9993638266075082, 0.03151129996532809], [-0.3973584746173883, -0.03554714013930364, 0.9169743804802998]]","[-0.04581541120137349, 0.6227202678089734, 0.0019115392787955009]",[0.5280186997667907],"[0.017971146847173436, -0.22464370637456146, 0.0, -0.9742746044047205]",[0.46442416753300003],"[-10.194308730344542, -0.3483491913962363, -3.0017076372741123]","[1061.851879462363, 1154.7273461900954, 1053.162848187392, 1091.423468472063]"
16,0.3201275917065374,"[-0.7421955387863046, -0.08393358227699971, 2.210326316451631]","[0.2431271077484112, 0.0, 2.1582473442732435]","[0.09842700252392125, 0.03483639508617021, 0.02762324784198605]","[-0.03695393263929266, 0.0, 0.04434268905919497]","[0.01779328270007955, -0.20861607281700129, 0.004897660876117091, -0.9778162226790176]","[[0.9128965133238611, 0.002154094996868675, 0.40815065155317787], [-0.017001954034521816, 0.999304643180548, 0.032753659401773355], [-0.4078020696950264, -0.03684058251363344, 0.9123112856694862]]","[-0.05255694467250421, 0.5331838377755539, 0.010322024000225274]",[0.5316837279362354],"[0.015995008778573714, -0.21909426559456768, 0.0, -0.9755637185069562]",[0.4647073401333452],"[-8.806762256378097, -0.9564760422860357, -1.3720324906704597]","[1087.9448726136284, 1120.6756251960335, 1030.4741742877975, 1114.4055984011695]"
17,0.34013556618819507,"[-0.7403339728733827, -0.08346568732908954, 2.211753080617878]","[0.24236626386422588, 0.0, 2.1591603097622576]","[0.12128527050834943, 0.03223857239771829, 0.028136970319632016]","[-0.03894399253574718, 0.0, 0.046730148485103686]","[0.01825927534511978, -0.2127063250686519, 0.004847462942942824, -0.9769312687969274]","[[0.9094606264681091, 0.0017035495324363046, 0.41577594238210047], [-0.017239002960744577, 0.9992817856442733, 0.03361394200344096], [-0.4154218977396986, -0.037738286117440324, 0.9088408199898177]]","[-0.04343205958642574, 0.4635571077609302, 0.009259617761404876]",[0.5355002830082758],"[0.01963345547263984, -0.21382640213197018, 0.0, -0.9766518021131406]",[0.464835016789],"[-9.241054570772839, -0.3814808812701814, -3.1431441528456148]","[1092.4984985985839, 1127.782902648286, 1038.0658256682457, 1122.662775090168]"
18,0.3601435406698599,"[-0.737125650329526, -0.08269081217074714, 2.2135558701001097]","[0.24157535559266752, 0.0, 2.160109343001337]","[0.14783749782275324, 0.04234457999613992, 0.0016339039095259506]","[-0.04093402510706188, 0.0, 0.04911747675455849]","[0.019037934985045323, -0.2173321376464123, 0.0046577448107729775, -0.9759005908469878]","[[0.9054894535433132, 0.0008158816123490439, 0.42436647076411416], [-0.017366102039042316, 0.9992310837142419, 0.03513370872815099], [-0.4240117753925764, -0.039182819273498086, 0.9048079567797682]]","[-0.04971196562915057, 0.37383186468951146, 0.0180422307534918]",[0.5391551755543507],"[0.023846541030464314, -0.2045849964455154, 0.0, -0.9785519493227717]",[0.464835016789],"[-8.793890465916915, -1.0097769956435538, -3.201411246000994]","[1081.068352655945, 1164.9694912994307, 1068.8296169027747, 1119.1462494910181]"
19,0.38015151515151757,"[-0.733603414349917, -0.08198490299027368, 2.214864530508522]","[0.24073006621838877, 0.0, 2.16112361155301]","[0.18047787833786447, 0.03383666590733424, 0.003884228095385866]","[-0.04292399819109358, 0.0, 0.051504519496705654]","[0.019382745215790708, -0.22014624665635116, 0.0045389036445237915, -0.9752619643654398]","[[0.9030266183868633, 0.00031916295054210987, 0.429576474749305], [-0.017387317387152795, 0.9992039765964208, 0.03580806314534026], [-0.4292245690977016, -0.03980495355044724, 0.9023164400552512]]","[-0.041503132555042885, 0.26538719184239107, 0.02052301882599384]",[0.5363226113079217],"[0.024295260486269316, -0.19332166797651856, 0.0, -0.9808066853139158]",[0.464835016789],"[-8.550769389291565, -1.0610713523841684, -0.06269100596469457]","[1089.9118289273854, 1170.0036498414547, 1085.1137806187724, 1131.782527650647]"
20,0.40015948963317527,"[-0.729753080208522, -0.08122458744298103, 2.2159829203795454]","[0.23985471719725088, 0.0, 2.162173936106429]","[0.21118511833011752, 0.043334163962973474, 0.007788118934790483]","[-0.04491393167485821, 0.0, 0.05389137216743423]","[0.019884167829185763, -0.22217808970363956, 0.004312111530592615, -0.9747934667653506]","[[0.9012359851284591, -0.0004288165512996815, 0.43332698610177267], [-0.01724248914324055, 0.9991714319566577, 0.03684980037899988], [-0.43298401510428275, -0.040682027188824306, 0.9004824134796452]]","[-0.04151609318488448, 0.1774623013305814, 0.027405689789282088]",[0.5319638773339218],"[0.01806783754354275, -0.18686308053819817, 0.0, -0.9822046657756299]",[0.464835016789],"[-9.195199928336425, -0.8978622037022547, -2.30347412419205]","[1105.0329972941665, 1165.7716632005797, 1099.679803974125, 1132.9633655845348]"
21,0.42016746411483297,"[-0.7255066548663629, -0.08043702310057524, 2.2169394260288944]","[0.238939590447689, 0.0, 2.1632719710170845]","[0.23713847647720962, 0.03919784955742084, -0.013705298891724149]","[-0.046903808452853975, 0.0, 0.05627795266650895]","[0.02018119587767776, -0.22326995332668959, 0.004147062973345892, -0.9745388997590096]","[[0.9002666776207472, -0.0009287609488201221, 0.4353378947088393], [-0.017094657697923454, 0.9991510604036451, 0.037482891739902734], [-0.4350031239481107, -0.04118654996590985, 0.8994865125492506]]","[-0.03294633920138488, 0.09997467894748457, 0.025004005696414366]",[0.5393858031863067],"[0.020198530076090376, -0.18055287167566297, 0.0, -0.9833493402453188]",[0.464835016789],"[-9.48991543745711, 0.7663313862522092, -2.2009569610074458]","[1112.8458111575874, 1151.9678691436065, 1105.8877157023533, 1121.2652190170452]"
22,0.44017543859649066,"[-0.7206408764764617, -0.0795498443855474, 2.2178653290245625]","[0.23798165418489584, 0.0, 2.164421347630905]","[0.2680919499601914, 0.06743886625588501, -0.001805775738356884]","[-0.0488936150257943, 0.0, 0.05866419620487957]","[0.02087564550048038, -0.22325646449065248, 0.0038717212691547825, -0.9745284549119358]","[[0.9002830628456547, -0.001775040524236716, 0.43530120413973716], [-0.016867450709353075, 0.9990983755692632, 0.03895904750565538], [-0.434977905416971, -0.04241659471383442, 0.8994414581467033]]","[-0.05551637227614125, -0.030162314460741316, 0.040428965305329814]",[0.5304745333464693],"[0.006510688482074107, -0.17732826479642302, 0.0, -0.9841276690453413]",[0.464835016789],"[-8.03323291184146, 0.07828831956120763, 2.4938823164612742]","[1092.513990909285, 1158.974519238835, 1097.6775423541108, 1112.8700952366419]"
23,0.46018341307814836,"[-0.7153936826727344, -0.07863663702179095, 2.2188089611488984]","[0.2369843602677079, 0.0, 2.165617920845027]","[0.3076724348877104, 0.0546413096454335, 0.023957507396451676]","[-0.05088334787372895, 0.0, 0.0610500858924847]","[0.021572730414938356, -0.22229667729134026, 0.0036011343313111814, -0.9747337346270378]","[[0.9011424552142857, -0.0025707983513800882, 0.4335155135029738], [-0.016611386813990443, 0.999043315288715, 0.040454295774249804], [-0.4332047683025043, -0.0436563765595708, 0.9002376261561188]]","[-0.05897951368309291, -0.12694293672132045, 0.04623018185930987]",[0.514122147807619],"[0.014445303481967688, -0.1715181624122297, 0.0, -0.9850746718775225]",[0.464835016789],"[-7.81445438180619, -2.3493413082312835, 1.9492754848718832]","[1103.8154833290266, 1162.7654121913638, 1093.4102977355456, 1130.5620457852283]"
24,0.48019138755980606,"[-0.7088102366193612, -0.07761257439778226, 2.2197290839790154]","[0.23593800088889758, 0.0, 2.166873323635847]","[0.33487439949930803, 0.055053194254437554, 0.020323531281822196]","[-0.052872974995264756, 0.0, 0.06343546814406595]","[0.021921707349197416, -0.2199873914980493, 0.003336193605622952, -0.9752494324866752]","[[0.9031864342127957, -0.003137756592768196, 0.4292314275451587], [-0.016152240274966027, 0.99901421654282, 0.04129042424522058], [-0.42893888730562774, -0.04422610636055444, 0.9022475720821364]]","[-0.03320707138500859, -0.23010089624710178, 0.03966840682326173]",[0.5124659757518789],"[0.014803389107410409, -0.1660909043168707, 0.0, -0.9859927255926332]",[0.464835016789],"[-9.595200497945832, -1.5818183140275663, -2.316471982763204]","[1061.3695921832173, 1190.032698462071, 1062.0567797883589, 1136.9946403074405]"
25,0.5001993620414638,"[-0.7030770917392088, -0.0766914202032045, 2.2205055605309583]","[0.23486763612596118, 0.0, 2.1681575048416404]","[0.35166905302725904, 0.04806424831834834, -0.003531310934980457]","[-0.05486254390536185, 0.0, 0.0658205710135879]","[0.022059919759623875, -0.2175183639212368, 0.0030801532165169302, -0.9758018424724644]","[[0.9053521498456484, -0.0035856369411448813, 0.4246455364374852], [-0.015608113676243714, 0.9990073470119895, 0.041712240915904406], [-0.4243737447062704, -0.0443922004690384, 0.9043978444137207]]","[-0.0014636148328589192, -0.33045454020982346, 0.03183761446489087]",[0.5221986950984092],"[0.018620037084364473, -0.16257509712240942, 0.0, -0.9865191512675445]",[0.464835016789],"[-9.721722032065355, -1.56796810266019, -1.8216576839619272]","[1042.300266489349, 1158.120519679879, 1020.0133244674539, 1138.600532978698]"
26,0.5202073365231286,"[-0.6949422941992983, -0.07547801422145227, 2.221599993645635]","[0.23374995992651465, 0.0, 2.1694983987151737]","[0.37680387124403536, 0.051245437790981785, 0.0011216421597670286]","[-0.056851989237490776, 0.0, 0.06820508078639465]","[0.02171796582552796, -0.21314866510054462, 0.002813546724374256, -0.9767738036215332]","[[0.9091184640015619, -0.003761913377553169, 0.4165182737174396], [-0.01475470832008896, 0.9990398307906525, 0.04122767271565007], [-0.41627385567100567, -0.0436264876296436, 0.9081909560127048]]","[0.04758098280500594, -0.4099407458932064, 0.022149127894636647]",[0.5175859113163986],"[0.017351258794009332, -0.15850064459677501, 0.0, -0.9872050658045491]",[0.4648677712544786],"[-8.50882090878886, -0.4490811466182012, 0.08897348094807356]","[1067.3878703733637, 1111.4371376007748, 1009.5893222907198, 1131.2019778481688]"
27,0.5402153110047863,"[-0.6875270369937411, -0.07439520898279671, 2.2225216851488265]","[0.23259315480991422, 0.0, 2.170886187927172]","[0.40230258153632337, 0.056192202617801765, -0.0019375748706841002]","[-0.05884131912583504, 0.0, 0.07058903651299434]","[0.020851062007801423, -0.20909021388245683, 0.002635019402995446, -0.9776701716036962]","[[0.9125480703617882, -0.0035671462859638856, 0.40895241648015745], [-0.013871865773586393, 0.999115971870905, 0.03966900920145957], [-0.40873264466830295, -0.041872836283686536, 0.9116924234425902]]","[0.08346849195684783, -0.42845001407885286, 0.00923434564323419]",[0.5165535057502442],"[0.015027351605248419, -0.1525601746717039, 0.0, -0.9881797492978738]",[0.46537741844700004],"[-8.919755277222718, -1.1487818332730653, -0.6708815724983133]","[1056.774299881368, 1140.4779426522703, 1019.8006622245828, 1147.7167968722456]"
28,0.560223285486444,"[-0.679482713452133, -0.07328922460692239, 2.2235304436416947]","[0.23139562396410887, 0.0, 2.1723227767820115]","[0.42031325937830155, 0.052739573963776404, -0.0013481260173623597]","[-0.06083051533829014, 0.0, 0.07297235070746942]","[0.020057392985086, -0.20429143892781565, 0.0024718390358854786, -0.9787009264209321]","[[0.9165167003831322, -0.003356725039358706, 0.3999795983709142], [-0.013033489656896872, 0.9991820863948107, 0.038250427085306765], [-0.39978128378315964, -0.040270329299062727, 0.9157243223328544]]","[0.09456635881970644, -0.5003683123134767, 0.005736224361861072]",[0.5151376016208571],"[0.01708968008591142, -0.15007931868070074, 0.0, -0.9885256957698031]",[0.46537741844700004],"[-8.913537126885208, -0.8324428810480005, 0.7297022330959599]","[1038.9119873700713, 1162.4959218075956, 1006.123952799745, 1170.7947818140242]"
29,0.5802312599681017,"[-0.6723188438291816, -0.0723509805838387, 2.224472485597484]","[0.23015698041143898, 0.0, 2.173808618603277]","[0.44058317034257377, 0.060627040248817196, 0.009489344376906973]","[-0.06281956223291148, 0.0, 0.07535494832078296]","[0.019268446649362024, -0.1996237125593176, 0.002348168416421788, -0.9796788450738616]","[[0.9202867720106577, -0.00309197586631555, 0.39122474745464864], [-0.012293779555271615, 0.9992434791700292, 0.03681627892562731], [-0.3910437652232265, -0.038691279313629916, 0.9195552537279228]]","[0.08137904900255936, -0.558107120071865, 0.01139177620200028]",[0.5084762599118524],"[0.013234827120783004, -0.14727271739895104, 0.0, -0.9890058607060694]",[0.46537741844700004],"[-9.198316037060783, -0.20893203950940453, -0.6027767677586553]","[1032.4477326792544, 1155.8332616045227, 993.7890912012411, 1168.0707676731522]"
30,0.6002392344497594,"[-0.6632509981758381, -0.07112288197960005, 2.2256875656033746]","[0.228881775832328, 0.0, 2.1753382501269187]","[0.4496472937284378, 0.06259058557762676, -0.005846697397313399]","[-0.06480846246955871, 0.0, 0.07773684213633171]","[0.018459157693119763, -0.19410559114753198, 0.002178537001008886, -0.9808036922896527]","[[0.9246348967735576, -0.002892617163458765, 0.380839388899214], [-0.011439485700975333, 0.9993073767975443, 0.03536388761910242], [-0.38067853306704635, -0.037055352468772826, 0.9239629078150081]]","[0.07945272266535089, -0.5297359755690212, 0.011573865413039442]",[0.5155003858085184],"[0.012201388063136615, -0.1454640192791861, 0.0, -0.9892882194417087]",[0.46537741844700004],"[-9.38850137038871, -1.2364415527777843, -1.1957759797794445]","[1025.447556840517, 1155.3681115965264, 1008.2159360104926, 1146.9266847626275]"
31,0.620247208931417,"[-0.654098461906991, -0.06988148025142106, 2.2269871557947374]","[0.22756537637319177, 0.0, 2.1769172101819394]","[0.4654489251519391, 0.05922743264422672, 0.005703497423463818]","[-0.06679718291906102, 0.0, 0.08011787319525325]","[0.017822491426075667, -0.18860553830695392, 0.002017546335816963, -0.9818885129312517]","[[0.9288465734537042, -0.0027608300358817166, 0.37045113848217004], [-0.010684852321662571, 0.999355389212551, 0.03423835838070688], [-0.37030730767308284, -0.0357604400316108, 0.9282194320388735]]","[0.06461103270668164, -0.5581050190217491, 0.014385952065508668]",[0.5094043320777608],"[0.014253618795307694, -0.14320631544956758, 0.0, -0.9895899953495894]",[0.46537741844700004],"[-8.620424898064293, -1.253899749454946, 1.874340087767198]","[1022.2716108720789, 1155.9456778255842, 974.4222969881939, 1178.7406695350533]"
32,0.6402551834130747,"[-0.6439220116849097, -0.06846667893905427, 2.2285977687512433]","[0.22620883535567324, 0.0, 2.1785442233442596]","[0.4781711920194598, 0.0615561723247343, 0.021653771855258797]","[-0.06878571035798045, 0.0, 0.0824979780730245]","[0.016957770264015702, -0.18236376883358058, 0.0019526872896347483, -0.9830822491648531]","[[0.9334779174245147, -0.0023456613675003537, 0.3586233945071016], [-0.01002427021793935, 0.9994158738462356, 0.032629567036956394], [-0.3584909416172813, -0.034053964690921285, 0.9329104114551626]]","[0.08068381147584819, -0.5894055544519526, 0.00404497120315146]",[0.5015076877579585],"[0.013136841200318973, -0.14206753801743155, 0.0, -0.9897662569474027]",[0.46537741844700004],"[-7.80265674426528, 0.5676437780778838, 0.7738128068039636]","[988.7743068198654, 1177.5486136397308, 962.399310957607, 1169.1874979311292]"
33,0.6602631578947395,"[-0.634519577983139, -0.06717269761060359, 2.230127474255741]","[0.224812829371103, 0.0, 2.1802184657700465]","[0.49649160028033856, 0.07794341374084177, 0.021524406712555576]","[-0.07077403106188947, 0.0, 0.08487709094696644]","[0.016771915732231735, -0.17703203199748493, 0.001750914038059645, -0.9840600227642666]","[[0.9373120195070109, -0.0024923236288326425, 0.3484790232403002], [-0.009384341661437635, 0.9994301058986698, 0.03238920781449941], [-0.34836155850949735, -0.03362907929454189, 0.93675555659229]]","[0.04333607911645759, -0.5407299686014279, 0.01139547763120526]",[0.49926095140048693],"[0.004389121887163764, -0.13524803646556008, 0.0, -0.9908015555794204]",[0.46537741844700004],"[-8.554443433607311, 0.5405437270336015, 0.8141288388430787]","[996.1112926309524, 1186.571802432462, 984.7175981192524, 1160.642931410676]"
34,0.6802711323763972,"[-0.6247083159841554, -0.06589349627507352, 2.2319140366132353]","[0.22337619532997696, 0.0, 2.1819413127768046]","[0.49627286825584993, 0.07795164537271092, 0.037878868204631884]","[-0.07276211921279023, 0.0, 0.08725508797701241]","[0.01596264722237832, -0.1718050791036877, 0.0017301194052401572, -0.9849993200639346]","[[0.9409584881137789, -0.0020765948619079883, 0.33851100677276263], [-0.008893260613071883, 0.9994828463127355, 0.030851906718373977], [-0.3384005376298889, -0.03204087992347842, 0.9404548625273995]]","[0.058042348372134595, -0.5129623287806988, 0.005306732076154355]",[0.4930837734444949],"[0.004835741596932928, -0.13941558252167194, 0.0, -0.9902175648219151]",[0.46537741844700004],"[-8.61749777340658, -2.5882282024501766, 2.569234289313613]","[1027.9566243823137, 1142.9658258631391, 952.6384080738025, 1170.5950230627498]"
35,0.700279106858055,"[-0.615746250929123, -0.06459580589090393, 2.2336405096232794]","[0.22190180473410057, 0.0, 2.183709313873265]","[0.5065255688699822, 0.059463701250576775, 0.049893692661878104]","[-0.07474997364651915, 0.0, 0.08963196362163303]","[0.015805354048204705, -0.1672911083896541, 0.0017529793917627683, -0.9857791943159044]","[[0.9440210412797159, -0.001832089169501571, 0.3298796010089878], [-0.008744291619358715, 0.9994940527390157, 0.030574662628169273], [-0.32976877516928366, -0.03174769408989813, 0.9435275687200336]]","[0.02752397783230702, -0.49184177209529784, 0.001959883120141586]",[0.48704426861479805],"[0.015310255293010909, -0.136793994024884, 0.0, -0.9904805154629898]",[0.46537741844700004],"[-8.89231791633982, -1.2988781873660669, -1.1721581044688882]","[992.2445128963878, 1142.3236625078157, 956.3561997003798, 1138.1450297869583]"
36,0.7202870813397126,"[-0.6056365816952608, -0.06317065781723374, 2.2356424964595685]","[0.22038583863429415, 0.0, 2.185527016112663]","[0.4962025131748109, 0.07175673436446704, 0.023674745893059276]","[-0.07673754807904905, 0.0, 0.09200749587394391]","[0.01565329549760122, -0.16257225393641697, 0.0016992756893787965, -0.9865707496990384]","[[0.9471342445338224, -0.0017366716795240164, 0.32083125942162216], [-0.008442494442787173, 0.9995036687138857, 0.03033365679089469], [-0.3207248623636312, -0.03143867710642137, 0.9466499682896891]]","[0.0076456230093606735, -0.447605278947245, 0.005304225768315468]",[0.5011311247890954],"[0.007955265658788985, -0.13900461777283082, 0.0, -0.9902591936235429]",[0.46538813950832053],"[-10.444750794816201, 0.16722439508293618, -1.3123733637237898]","[1003.0378234776539, 1128.7896483155841, 965.5806237497092, 1115.3211678802957]"
37,0.7402950558213703,"[-0.5971768820958365, -0.06197884586710097, 2.2374861946817517]","[0.21882871652451838, 0.0, 2.1873938967492776]","[0.49026771075015046, 0.07096586130283034, 0.04387798814536039]","[-0.07872482207228092, 0.0, 0.09438158674932073]","[0.015332771011827803, -0.15868317772574958, 0.0017559247095533528, -0.9872079329298525]","[[0.9496311625418059, -0.0013991800491989508, 0.3133604301297265], [-0.00833303126079342, 0.9995216765942873, 0.029715994927828396], [-0.3132527373637841, -0.03083053777886476, 0.9491671413511749]]","[0.020973756694747946, -0.4490056725503783, 0.0005653210560339949]",[0.4942062710308301],"[0.008562978595203663, -0.1445876971158919, 0.0, -0.9894528150508177]",[0.4657234321844317],"[-7.910965107232366, -0.41411648402649565, 3.5434118184850476]","[964.8372363086011, 1151.8691697302202, 947.2761757312047, 1106.5668666540544]"
38,0.760303030303028,"[-0.5868515168579046, -0.06042334691962272, 2.2397819355029513]","[0.2172355664687326, 0.0, 2.1893038079821743]","[0.5009709522424677, 0.07785038086173594, 0.06333913971594936]","[-0.08071181158572659, 0.0, 0.0967543128911594]","[0.015437470085553804, -0.15402773514808274, 0.0017915771673346849, -0.9879438483517922]","[[0.9525436100351968, -0.0012156418247566002, 0.3043968216680683], [-0.008295552390019926, 0.999516065459608, 0.029950802063420233], [-0.30428619199236157, -0.03105461235713055, 0.9520733985674051]]","[0.020367477013612485, -0.45212158526935303, -0.0019284330475750591]",[0.4840054018745791],"[0.0048724487130358245, -0.14049206679030574, 0.0, -0.9900688831905476]",[0.46576582395800004],"[-8.890290096703287, -0.801351533044652, -1.32517780894921]","[955.8340345166666, 1169.2645377445053, 915.2898405474934, 1156.4792524372667]"
39,0.7803110047846857,"[-0.5765958391470193, -0.05898539391639972, 2.242020551130299]","[0.21560093945451786, 0.0, 2.1912632357816295]","[0.47984098442462525, 0.07154608255649768, 0.028442140313231428]","[-0.08269845058648113, 0.0, 0.09912535761038975]","[0.014955485772415003, -0.14943289618337569, 0.001867945235264653, -0.9886568549880885]","[[0.9553323637884737, -0.0007761693824290122, 0.2955315864016148], [-0.00816319682877596, 0.999545411602599, 0.02901342212431477], [-0.2954198422880562, -0.03012995198998491, 0.9548920091178998]]","[0.02407988976426747, -0.42280745855421414, -0.0035338544681324854]",[0.5037140765822572],"[0.008138044339766249, -0.14482514706922692, 0.0, -0.9894236097034969]",[0.46576582395800004],"[-10.333847063828333, -0.9954667659883254, -2.4356955444171327]","[920.4121338953635, 1197.515455052126, 911.0052769367632, 1149.3670135907819]"
40,0.8003189792663505,"[-0.5676347905789779, -0.057520669387861594, 2.244010898185442]","[0.21392666011339087, 0.0, 2.1932699762167713]","[0.4750619705584059, 0.0758606073307257, 0.04559230281159948]","[-0.08468472844024587, 0.0, 0.10149467000520901]","[0.01481778513207432, -0.14569997891145742, 0.0019722423006869843, -0.9892157699900387]","[[0.9575350327587137, -0.0004159555903534705, 0.2883158821781394], [-0.008219848334677473, 0.9995528669558713, 0.028741262134706937], [-0.2881989851275796, -0.029890684781180447, 0.9571036787256583]]","[0.01230717080605057, -0.39238589165703414, -0.0063547149857670696]",[0.4972667470508061],"[0.00582931601107038, -0.1473777754752142, 0.0, -0.9890629776293112]",[0.46576582395800004],"[-8.502473477271025, -0.7096775142201146, 1.3116865761861014]","[923.4063214046975, 1184.9887874960307, 913.0118093131001, 1132.125802986574]"
41,0.8203269537480082,"[-0.558325314270023, -0.05618731563544306, 2.246113007141926]","[0.21221258964686818, 0.0, 2.1953241670703174]","[0.4685994230110492, 0.07153962511998974, 0.04608306659677334]","[-0.0866706162702554, 0.0, 0.1038621116919351]","[0.014671929209398405, -0.14255754465634926, 0.0020624261780110673, -0.9896755716310519]","[[0.9593460954497882, -0.00010092279358731981, 0.28223195853795013], [-0.008265454020267113, 0.999560871513231, 0.028452871030538916], [-0.2821109194544166, -0.02962892867842786, 0.9589240716398165]]","[0.025025335577067202, -0.30109119523062333, -0.011592656755814987]",[0.49857522588160813],"[0.008152187478014192, -0.14785508731288652, 0.0, -0.9889754024140545]",[0.46576582395800004],"[-8.982914019817274, -1.345008501170124, -1.9521571442491634]","[951.810823058233, 1165.3241427365635, 920.7633351536776, 1123.9219837876476]"
42,0.8403349282296659,"[-0.5489249585813396, -0.05461890463454143, 2.2482057487925213]","[0.2104581966545366, 0.0, 2.1974264121087725]","[0.4581193768182556, 0.06996911975776543, 0.03392635855536478]","[-0.08865607991913099, 0.0, 0.10622751898946745]","[0.014047424258594845, -0.13996782948765019, 0.002206916797075568, -0.9900539075478539]","[[0.9608082062058424, 0.0004375582304199533, 0.27721339602358347], [-0.008302308163890689, 0.9995955325322083, 0.027197619848515674], [-0.2770893900373757, -0.028433209264301693, 0.9604232869127389]]","[0.04630609666916414, -0.24672262594270114, -0.014554366005868194]",[0.5062886689374778],"[0.00862780630026984, -0.14819513229131495, 0.0, -0.9889201215112547]",[0.46576582395800004],"[-9.291071897877085, -0.4983362904883105, -0.7369615008793602]","[940.9811548540254, 1202.3615275458758, 907.9151776184732, 1158.8671144473478]"
43,0.8603429027113236,"[-0.5399541817516753, -0.05322262825398838, 2.250315549295271]","[0.20866458333723634, 0.0, 2.199575367324797]","[0.4484402391432258, 0.07481448830672839, 0.05003400294415412]","[-0.09064110216004861, 0.0, 0.10859080944091176]","[0.01360533717348041, -0.13753811957039688, 0.0023219397863433896, -0.9904003539586472]","[[0.9621558405816856, 0.0008567949906068896, 0.2724987861580351], [-0.008341804954453746, 0.999619098852399, 0.02631075104074476], [-0.2723724230632762, -0.027588171968622194, 0.9617964129912202]]","[0.06260438241781127, -0.23163151830018328, -0.015829606665123272]",[0.5008858552522458],"[0.005857297049740385, -0.15179590142180596, 0.0, -0.9883940827626586]",[0.46576582395800004],"[-8.206408379160452, -0.04546491845522371, -0.4841461399161524]","[936.7020462169043, 1195.37044239852, 893.3057482277359, 1173.9819388539918]"
44,0.8803508771929813,"[-0.5312555505483267, -0.051773279562578975, 2.2524169040079736]","[0.2068314126949066, 0.0, 2.2017714012362655]","[0.44775164371280773, 0.07767934906732185, 0.04052762876051151]","[-0.09262564879637818, 0.0, 0.11095181923934586]","[0.01296683788881506, -0.1362044636042349, 0.0024272201115853667, -0.9905929183792574]","[[0.9628849215247817, 0.0012764917091901006, 0.26990930093541565], [-0.008341056506346601, 0.9996519555665467, 0.025028519146168285], [-0.269783407456586, -0.02635091199955987, 0.9625604265500521]]","[0.05288423183161803, -0.12619372703303977, -0.01707057886697138]",[0.5059191785271079],"[0.004086113388551587, -0.14697113342473345, 0.0, -0.9891321517098385]",[0.46576582395800004],"[-7.9880975694582625, -1.2588879279288951, -0.4542297389467649]","[985.1234157402461, 1152.2765259105968, 917.5921620757566, 1178.948434026424]"
