,t,p,p_d,v,v_d,q,R,w,T_sp,q_sp,hover_throttle,fa,pwm
0,0.0,"[0.3724149553000928, -0.05053594401321585, 2.164411038639733]","[0.2498200021788012, 0.0, 2.1502159973838624]","[0.006735776772634329, -0.0029110780197341467, 0.01217904985327322]","[-0.005963573754322116, 0.0, 0.007156288270601729]","[0.008686333696410708, 0.01926352339480402, 0.002017799742641801, -0.9997746886764414]","[[0.999249725661777, 0.004369349003773984, -0.038483311645908826], [-0.003700031434270456, 0.9998409875427706, 0.017446492999234217], [0.038553420773497306, -0.017291013269040575, 0.9991069639072091]]","[0.007994046198524542, -0.0032450202092050235, 0.003724250859665998]",[0.45866215957281375],"[0.014869690070243033, 0.035674538204633954, 0.0, -0.9992502679063953]",[0.45876899506200003],"[0.9979338362470526, -0.4524154742185255, 0.029198063219268988]","[967.4775082075025, 1008.3523976189383, 954.5226756030738, 956.8486081073422]"
1,0.019999999999999574,"[0.3725964578574827, -0.05056271765147498, 2.164962122594217]","[0.2496788203625728, 0.0, 2.15038541555339]","[0.00597131757436117, -0.002024450773024702, 0.009842204897810706]","[-0.007953010327865655, 0.0, 0.00954361138448872]","[0.008570791186240843, 0.0193438039548803, 0.0019516624241625786, -0.9997743021976346]","[[0.9992441220586626, 0.00423402728537469, -0.03864542161946953], [-0.0035708604675952545, 0.999845570638436, 0.017213218705649368], [0.038712330783883656, -0.01706220840437294, 0.9991048231079821]]","[-0.0011787631942766063, -0.00878741921039807, 0.00044961684042705034]",[0.46543427564863094],"[0.013439328332636018, 0.037314317818019214, 0.0, -0.9992121277959444]",[0.45876899506200003],"[1.0169341018746483, -0.45295686710745, -0.3532820132320431]","[1003.0820482754149, 985.1316311024979, 968.5257114337825, 950.7545962821749]"
2,0.03999999999999915,"[0.3727429594782074, -0.05058680932310652, 2.165434123892222]","[0.24949845406277749, 0.0, 2.150601855071675]","[0.005727514351391089, -0.0022760326783884386, 0.011973837531440996]","[-0.009942446544142926, 0.0, 0.011930932783378425]","[0.00874473477067111, 0.01951038955053295, 0.0019043727812256507, -0.9997696268576399]","[[0.9992314952371706, 0.0041490944935513975, -0.038978483291814435], [-0.003466641765983862, 0.9998398650655789, 0.01755975054690806], [0.03904509623131965, -0.017411130327663484, 0.9990858077361315]]","[-0.012882935876002512, -0.019687240295574206, 0.0011345848098357342]",[0.467123620880308],"[0.013658339885343054, 0.03896071009698747, 0.0, -0.9991466894953884]",[0.45876899506200003],"[1.1559889852176817, -0.2818784070795702, 0.6419300906286338]","[1022.2956748229922, 965.5193266307703, 959.5034144012307, 961.6687389508945]"
3,0.05999999999999872,"[0.3728878424438597, -0.05059435955805338, 2.1660204363571216]","[0.2492816652739247, 0.0, 2.150862001519979]","[0.006993788657906541, 0.0004884215674100254, 0.02300387127607629]","[-0.011931882161973521, 0.0, 0.014318251309927449]","[0.00890214514274985, 0.02003911213896425, 0.0018462091810314955, -0.9997578647971421]","[[0.9991900619082252, 0.004048306467179657, -0.04003564948477595], [-0.0033347421280080563, 0.999834697562576, 0.017873972025681032], [0.04010139037314962, -0.01772598645443833, 0.9990383825086203]]","[-0.023113506788889404, -0.06695749636727708, 0.0007782571607461083]",[0.4629899201898812],"[0.012840183238604804, 0.04187140932346805, 0.0, -0.9990395779187065]",[0.4587570213549815],"[0.8751396086797046, -0.2280561356038487, 0.13691060515203546]","[1004.0255429051587, 984.2634843601976, 962.9585700274556, 972.9114252393788]"
4,0.0799999999999983,"[0.37301460317394086, -0.050594278498006386, 2.1666936402131807]","[0.24902280027998477, 0.0, 2.151172639294629]","[0.003426802337804456, 0.0006828762506740939, 0.018519062857773615]","[-0.013921316625551461, 0.0, 0.016705564295907648]","[0.009274410176980394, 0.021216180404481297, 0.0017834513618073494, -0.9997301877819239]","[[0.9990931560368963, 0.003959475448599125, -0.04238783112065433], [-0.003172405210759232, 0.9998213792905455, 0.018619491707267836], [0.04245399295849472, -0.018468139603928943, 0.9989274880661544]]","[-0.04205200060295683, -0.13165861412023114, 0.0020349592251600653]",[0.46522651980808777],"[0.013204383406793094, 0.04162857001839923, 0.0, -0.999045751710285]",[0.45875371885300004],"[0.8365391270390483, -0.6183042837033962, 0.06633204005940385]","[1007.991149640625, 1001.8122029081028, 958.9306500638801, 982.9643136462494]"
5,0.10000000000000142,"[0.373116950246902, -0.050537386113946176, 2.1674480407462755]","[0.24872491115089523, 0.0, 2.1515301058068843]","[0.0032574943282525468, -0.0001229385337195299, 0.03033755983091227]","[-0.015910749362693606, 0.0, 0.019092868995096275]","[0.009848334130573783, 0.02287640029900742, 0.0017670046756311894, -0.9996880099743294]","[[0.9989466549754182, 0.003983495643292924, -0.045703722075669966], [-0.0030823179078953923, 0.9997993349864043, 0.019771368509691058], [0.04577333028549357, -0.01960967768453123, 0.9987589202161707]]","[-0.05963359142018699, -0.16984933542271802, -0.0020278855991545737]",[0.4615328758339821],"[0.014235041362153835, 0.04360988854832216, 0.0, -0.9989466628184046]",[0.45875371885300004],"[1.0762256092496185, -0.2022024650500165, 1.060678381274716]","[1014.0641693821703, 999.3292994593488, 954.2394630497236, 980.0847235526211]"
6,0.120000000000001,"[0.3731854172097482, -0.05048083112069726, 2.168268349465068]","[0.24838625891104357, 0.0, 2.15193648765754]","[0.001109211156880703, 0.004501268601244231, 0.03396354809959944]","[-0.01790017942211018, 0.0, 0.021480160841092763]","[0.010680765678920574, 0.024721461801550285, 0.0017495423418886762, -0.9996354966283229]","[[0.99877099330283, 0.004025897537097821, -0.049387528587143535], [-0.0029697209741268433, 0.9997651371390651, 0.021440247495987417], [0.04946227439433979, -0.021267242519286637, 0.9985489575886662]]","[-0.07242455170115193, -0.19427411711135717, -0.0006762118996455728]",[0.46067525628328754],"[0.012759026883093803, 0.04445108513588445, 0.0, -0.9989297565574228]",[0.45875371885300004],"[1.0043203771079487, -0.40609392865542315, 0.4748594866242115]","[1002.0441063285564, 1008.3576656525945, 951.4173353089724, 991.9681280022184]"
7,0.14000000000000057,"[0.373204106686683, -0.05038521218838415, 2.1691355575085733]","[0.24800726814390292, 0.0, 2.152391275115957]","[-0.0009808966470637869, 0.002558082308210657, 0.03895693010258116]","[-0.01988960566455256, 0.0, 0.023867434365921255]","[0.011043403073177051, 0.0267519626512888, 0.0016698639296879006, -0.9995792733745462]","[[0.9985622245601828, 0.003929188160057113, -0.05344453281573071], [-0.0027474573338300712, 0.9997496460687014, 0.022166857913896585], [0.053518296737542326, -0.021988169363977603, 0.9983238879483969]]","[-0.05201512296205908, -0.2220346211459034, 0.0022730079572887345]",[0.4595447697179096],"[0.014042829633040533, 0.0453819832564528, 0.0, -0.998870440275758]",[0.45875371885300004],"[1.0009359281616232, -0.3154626367902166, 0.19624224093947973]","[987.8780218514457, 1016.7132818017202, 952.0015775466179, 988.3340766903272]"
8,0.16000000000000014,"[0.37316327296766494, -0.05027453349756689, 2.1701370830966815]","[0.24759013846795647, 0.0, 2.152891828374225]","[-0.004879011340588956, 0.008302466804156675, 0.03793928533619779]","[-0.02187902699867586, 0.0, 0.026254684330608773]","[0.0117006791247531, 0.02900853745690431, 0.0016676518131956094, -0.9995087587373929]","[[0.9983103883767855, 0.00401250436494985, -0.05794954921515916], [-0.002654826010303375, 0.9997195670836019, 0.02348661481690931], [0.05802759985019122, -0.023293110256556674, 0.9980421387179648]]","[-0.06738984940262538, -0.22836487829362, -0.002552513392956434]",[0.4602351511795789],"[0.012144356375220412, 0.045507457881574544, 0.0, -0.9988891606975309]",[0.45875371885300004],"[0.9300545061299962, -0.28837822819177666, 0.1953985317655409]","[995.5289303475133, 998.7181577782871, 929.04306698288, 999.9348279937873]"
9,0.17999999999999972,"[0.37304979979591746, -0.05013630005030912, 2.1712389193064268]","[0.24713252244567674, 0.0, 2.153440963876599]","[-0.009458017167848737, 0.006642038829505888, 0.04422348267842714]","[-0.023868441478350218, 0.0, 0.028641901394223408]","[0.012440919148085199, 0.031278899540400716, 0.0016233074383623267, -0.999431469980664]","[[0.9980370349734622, 0.004023045599152422, -0.062481842220894104], [-0.0024664925582596037, 0.9996842211478808, 0.024969242764738202], [0.06256262396726671, -0.02476614168358732, 0.9977327522890427]]","[-0.0629566859818526, -0.22617008282853712, 0.001248993806901885]",[0.45869718565849904],"[0.0133342717232567, 0.04569417641461852, 0.0, -0.9988657657545492]",[0.45875371885300004],"[0.9972600229292437, -0.7802298056938696, 1.502130454119083]","[978.8883268115987, 1011.2808369759151, 935.7505923729095, 988.2513001275779]"
10,0.1999999999999993,"[0.37285384276354466, -0.049934955789477826, 2.17230888429122]","[0.24663421167640687, 0.0, 2.154038931106701]","[-0.014253243247396786, 0.007874008288119445, 0.055380857786184824]","[-0.025857846924326695, 0.0, 0.031029075095976157]","[0.012755612196425448, 0.03337303169392268, 0.0015692352721138158, -0.999359868850371]","[[0.9977666313673534, 0.003987848411683465, -0.06666330404040362], [-0.002285074611256692, 0.9996687385712294, 0.025599634140394806], [0.06674337026670775, -0.025390153586508906, 0.9974461450810208]]","[-0.04653248417685252, -0.21842091759372603, 0.0022105034111146687]",[0.455685826918864],"[0.013429297694748736, 0.045997921443407065, 0.0, -0.9988511721310457]",[0.45875371885300004],"[1.0735941826913937, -0.3174279818789056, 0.40383388044894986]","[975.37882975676, 1013.6479332902022, 937.835823162883, 983.9449662143361]"
11,0.21999999999999886,"[0.3725615256998135, -0.04971633562725084, 2.1734522519090036]","[0.2460988394484174, 0.0, 2.154681369605588]","[-0.019408477172045864, 0.01117274878560334, 0.04776627560064368]","[-0.02784724189689772, 0.0, 0.033416198526066]","[0.013353692000305856, 0.03532989020213566, 0.0015707188203874995, -0.999284855575358]","[[0.9974978753729954, 0.0040827600034887244, -0.07056729866557569], [-0.0021956221148329517, 0.9996376354763072, 0.026799271010772337], [0.07065119824696185, -0.026577297716921463, 0.9971461675081428]]","[-0.06490717497512632, -0.19582662994083477, -0.004352243313497916]",[0.4596549286053319],"[0.012455057814064084, 0.04572805095762629, 0.0, -0.9988762376211846]",[0.45875371885300004],"[1.0638008132511194, -0.28125993957723616, -0.5137614318449266]","[974.1848197128073, 1016.5135965144533, 937.8277370911936, 983.30278318269]"
12,0.23999999999999844,"[0.37207563651487535, -0.04939850478882752, 2.1747376285409987]","[0.2455203705452472, 0.0, 2.15537552042357]","[-0.026032034221724717, 0.013492864802613318, 0.051342512952700765]","[-0.02983662215820822, 0.0, 0.035803251342626186]","[0.014074188329431903, 0.037437303795684565, 0.0015550384428608733, -0.9991980657811085]","[[0.9971908875777916, 0.004161382136976944, -0.07477079127360688], [-0.0020537834803104615, 0.9995978254545077, 0.02824223640561352], [0.0748583348892242, -0.028009370619216115, 0.9967995583126446]]","[-0.05620351280701684, -0.18773920837584263, -0.0032752444212118563]",[0.4589809247274491],"[0.012049103614236228, 0.04515827045774468, 0.0, -0.9989071181640561]",[0.45875371885300004],"[0.996492002887343, -0.586924509955537, 1.2538431586022512]","[959.5368472387936, 1024.587757527101, 944.5483255997972, 970.9439325606235]"
13,0.26000000000000156,"[0.371574583299449, -0.049119159913720345, 2.1758252829347047]","[0.2449054930252788, 0.0, 2.1561133571867135]","[-0.0337811695889893, 0.013903139413539215, 0.060658754807449214]","[-0.03182598635571516, 0.0, 0.038190227054108586]","[0.014482866231930987, 0.038934043678301083, 0.0015608705007636174, -0.9991353926336874]","[[0.9969629901537007, 0.004246795014183581, -0.07775555027733713], [-0.0019912888283396086, 0.9995752028394045, 0.029062230478708886], [0.07784597379200883, -0.028819146477697274, 0.9965483559585571]]","[-0.043810608287651716, -0.16660250935001789, -0.004003526717861154]",[0.45580957678296424],"[0.012617236556444153, 0.04459310209042508, 0.0, -0.9989252550313842]",[0.45874913599100003],"[0.7919974460583716, -0.5741794174854435, 0.23615911134189105]","[976.1230667196323, 1009.1232033456388, 933.6524365750578, 978.997347864997]"
14,0.28000000000000114,"[0.3707606495013447, -0.04871984383651272, 2.1771069000228596]","[0.24424745467945685, 0.0, 2.156902980628822]","[-0.04356037639897864, 0.016466732169308683, 0.051080187803337535]","[-0.0338153285842171, 0.0, 0.040577097315634636]","[0.01494265764731565, 0.040515120162092376, 0.0015905533311835688, -0.999065628529508]","[[0.9967114083049775, 0.0043889414673012345, -0.08090699379158336], [-0.0019673271868132255, 0.9995477921933453, 0.029986274227307576], [0.08100206216717407, -0.0297285083899591, 0.9962699019896465]]","[-0.026850117143988477, -0.14062961416773428, -0.004077714323734451]",[0.45816791264165213],"[0.01202298568176013, 0.04272578908013865, 0.0, -0.9990140364258497]",[0.45874913599100003],"[1.0569609426708493, -0.42991388673467823, -1.0867899106105519]","[963.8381059877322, 1025.077081312382, 949.9954995988314, 965.9896148843262]"
15,0.3000000000000007,"[0.37003202778659516, -0.04838885617305708, 2.178100504526682]","[0.24355379460257223, 0.0, 2.157735343163561]","[-0.04963144493272645, 0.019097178750007868, 0.04739207654060425]","[-0.0358046481627852, 0.0, 0.04296385885940078]","[0.014995343777776674, 0.04164585040690622, 0.0015887921668778992, -0.9990186035123644]","[[0.9965261293821445, 0.004423453551190323, -0.08316230966171703], [-0.0019254781761126457, 0.9995451624243459, 0.03009358800194347], [0.08325760760065212, -0.02982892159830563, 0.9960814572332162]]","[0.0003549021510296181, -0.13580716227841305, -0.0021795964300551003]",[0.4595639039217691],"[0.011482210093336413, 0.042515110390149234, 0.0, -0.9990296962924633]",[0.45874913599100003],"[1.1943762720667002, -0.27707771759163735, 0.5227061381411922]","[945.9784968452112, 1031.096962914041, 939.6744429896501, 976.2073575353747]"
16,0.3200000000000003,"[0.3687895584029094, -0.04787038031801862, 2.1794166823096224]","[0.2428161502323413, 0.0, 2.158620476519947]","[-0.05853014522590674, 0.023558896846487265, 0.05561268070509914]","[-0.03779393577595881, 0.0, 0.04535046697323767]","[0.015120094843584212, 0.04292889638083588, 0.0016633248462359044, -0.9989622138748224]","[[0.9963084652237447, 0.00462137531119491, -0.08571839147674376], [-0.0020250193719603604, 0.9995370109765399, 0.030351616237831804], [0.08581898999446688, -0.030065997437944882, 0.995856763986675]]","[0.0017941196040310698, -0.09024823009687133, -0.0051239875490467985]",[0.45776769343126594],"[0.010369979450191243, 0.04132064716035773, 0.0, -0.9990918651849282]",[0.45874913599100003],"[1.1679139876894802, -0.37608274339825937, 0.7664568022523461]","[981.1098424341595, 1003.6482316867296, 931.2278300137883, 982.3925778639664]"
17,0.33999999999999986,"[0.3677631919253021, -0.0474629186289576, 2.180349977084223]","[0.242036378356685, 0.0, 2.1595561498159457]","[-0.06580962502818598, 0.02481305110694426, 0.054532484469990684]","[-0.03978318562920675, 0.0, 0.047736893845076685]","[0.014877962057395092, 0.04356076297965221, 0.001650007897364694, -0.9989386301855909]","[[0.9961994780346153, 0.004592704015182682, -0.08697996029168317], [-0.002000322499972896, 0.9995518506673915, 0.029868093280998216], [0.08707815531124874, -0.029580590869271582, 0.9957622155767754]]","[0.025941305233696192, -0.07118542241895512, -0.002183455612138068]",[0.45826052874534545],"[0.010196178401757773, 0.040444398819527605, 0.0, -0.9991296366847101]",[0.45874913599100003],"[0.9650265798602289, -0.768074641929017, -0.11919942253826576]","[969.9529423560534, 1018.0084165427386, 939.4372330276763, 975.8877300385496]"
18,0.35999999999999943,"[0.36619404018338475, -0.04686229793198738, 2.1815807825489264]","[0.24122684456254592, 0.0, 2.1605275266009123]","[-0.07761557030450104, 0.025024362762667895, 0.053401914404779906]","[-0.04177240547502995, 0.0, 0.050123176686727756]","[0.014429319600889216, 0.04423334957365042, 0.0016746344686394765, -0.9989156141788568]","[[0.9960812158993589, 0.00462215131356429, -0.08832243944117683], [-0.0020691227615000553, 0.9995779838000792, 0.028975494686329362], [0.08841909478502748, -0.028679195918891707, 0.9956704141722768]]","[0.0416222559355036, -0.05763170205208904, -0.002988864443142879]",[0.45860141933579757],"[0.01041196941474824, 0.0378436288461638, 0.0, -0.9992286075137365]",[0.45874913599100003],"[0.9785954775458101, -0.36904486597400954, 0.025888343488443155]","[958.0339823811371, 1031.6719261208111, 947.0650945728851, 971.1222765105204]"
19,0.379999999999999,"[0.36480227434676965, -0.04635388646697017, 2.1825546846874033]","[0.24037170587970846, 0.0, 2.161553609471309]","[-0.08534430773151896, 0.030293697729479145, 0.053000314569868694]","[-0.04376157275951156, 0.0, 0.05250920724509964]","[0.014320773429954196, 0.04456082169033837, 0.0017525568819519127, -0.9989025004744481]","[[0.9960225517203942, 0.0047775577657707844, -0.08897363647929096], [-0.0022249760406510867, 0.9995837162765663, 0.028766303525256238], [0.08907402835940911, -0.0284539220263809, 0.9956185255283789]]","[0.018515292991055837, -0.029554886553329964, -0.010932774709391947]",[0.45897044197860104],"[0.008758778886962103, 0.03696951750960021, 0.0, -0.9992777804173286]",[0.45874913599100003],"[1.1473916010783134, -0.15053887364473317, -0.05996200777733662]","[968.5754364826055, 1016.0320085078738, 946.2154430271237, 970.8342949151146]"
20,0.3999999999999986,"[0.3627453380995414, -0.04563022936369984, 2.183520212198586]","[0.23947188249775772, 0.0, 2.162633289458157]","[-0.09575685028902023, 0.032704909409135695, 0.05195380467107577]","[-0.04575067861631623, 0.0, 0.05489494296645137]","[0.013957852123320761, 0.044618290689557256, 0.0017693155974430324, -0.9989049905176478]","[[0.9960120793752174, 0.004780307367053476, -0.0890894747853945], [-0.0022892053532927578, 0.99960401983154, 0.02804302396108147], [0.08918825816726889, -0.02772724861048835, 0.9956286970587911]]","[0.032301274597984014, -0.0006599290650646035, -0.0064213639648487645]",[0.4595648802690554],"[0.008080800023296546, 0.034941138082159394, 0.0, -0.9993562353188474]",[0.45874913599100003],"[0.9456340410582296, -0.684015058051844, 0.5504017232218104]","[959.6647885221981, 1026.8274975828047, 941.1140308374828, 973.9809389514027]"
21,0.4200000000000017,"[0.3606934103032798, -0.04493415098336079, 2.1842332679736356]","[0.2385392253505284, 0.0, 2.1637523492409674]","[-0.10550980333173676, 0.03216201490760513, 0.057575381117436805]","[-0.04773973431240888, 0.0, 0.057280437931873575]","[0.013204342654385822, 0.04454127393685064, 0.0017848735347723915, -0.9989186662088634]","[[0.9960257455079763, 0.004742163468062754, -0.08893908374098913], [-0.0023896104947625924, 0.9996448863459426, 0.02653912978707764], [0.08903335606798066, -0.026221127622857915, 0.9956834077251777]]","[0.06920566091835312, 0.013301204684024907, -0.0015642276832815005]",[0.4586649509757094],"[0.008307630033112301, 0.03324128774672496, 0.0, -0.9994125275496036]",[0.45874913599100003],"[1.0589632553910266, -0.4900460393902287, -0.31256969927962786]","[959.0861272783814, 1028.7058583947817, 925.5167062475607, 989.4955976493509]"
22,0.4400000000000013,"[0.35861217561611697, -0.0442660634373054, 2.1849124023771695]","[0.23756522292163132, 0.0, 2.164920991854613]","[-0.1146509712110677, 0.03591811299252807, 0.04616514469848393]","[-0.0497287172629377, 0.0, 0.059665583745366776]","[0.01276379987082729, 0.04410911527108774, 0.0018530898221725354, -0.9989434887389569]","[[0.9961019602892138, 0.004828263863414202, -0.08807772205291262], [-0.00257626418421654, 0.999667359214925, 0.025664105850207893], [0.08817233192344412, -0.025337153239912345, 0.9957829989987069]]","[0.059818316467459956, 0.05239923706319627, -0.006920034104757104]",[0.46174539061363506],"[0.007152950872012093, 0.031412980404892994, 0.0, -0.9994804334107086]",[0.45874913599100003],"[1.1088420924773326, -0.2061717120302622, -1.1665410393266242]","[995.8170322289591, 995.3845580645648, 927.8063333294899, 986.3930896476197]"
23,0.46000000000000085,"[0.35663763968183576, -0.04363572135976166, 2.1855981697943414]","[0.23655070210704995, 0.0, 2.1661382202660286]","[-0.12326126780638572, 0.03800930821671349, 0.04565664904190352]","[-0.051717619812338606, 0.0, 0.06205034366839302]","[0.012253840785280258, 0.043554594308641004, 0.0018801278270845151, -0.9989740778016195]","[[0.9961988271675507, 0.004823820052672953, -0.08697374379289849], [-0.0026889757961707115, 0.9996925193103493, 0.02464631500552054], [0.08706589894109476, -0.024318762186492333, 0.995905583700861]]","[0.05398943165648262, 0.07036717997276143, -0.008629479379324933]",[0.4623943952182962],"[0.006532501878497642, 0.02991088140042877, 0.0, -0.9995311726877311]",[0.458731649559],"[1.3070743414515555, -0.6184307944177879, 0.9349794368239372]","[991.1723368154431, 1001.7969578201786, 926.2593244186666, 987.8950708459967]"
24,0.4800000000000004,"[0.3544189666061477, -0.04294041355003213, 2.1862693480668924]","[0.2354987191593497, 0.0, 2.167400364792366]","[-0.12969529302311505, 0.037379564691238695, 0.05710862158774613]","[-0.05370643995302015, 0.0, 0.06443470807051281]","[0.011751233769303064, 0.04290502489047411, 0.0019375112835188773, -0.9990081648318683]","[[0.9963108097850122, 0.004879553138109918, -0.08567940405974976], [-0.0028628052286470067, 0.9997163091165149, 0.02364541490445337], [0.08577047665184294, -0.02331289902507356, 0.996042134694758]]","[0.04964947151798741, 0.07444054251057776, -0.00910595921958325]",[0.46030176315378],"[0.0067766016640303664, 0.02917828688027069, 0.0, -0.999551087325962]",[0.458731649559],"[1.2813386676583793, -0.34197438114128087, 0.4431678833545476]","[981.2802642981585, 1020.7624474565142, 937.539802647945, 981.7578786422213]"
25,0.5,"[0.3516209885860548, -0.04210445198297961, 2.186870274850822]","[0.23440277384122865, 0.0, 2.1687152105725427]","[-0.13810357499758733, 0.04149895212023548, 0.05117179816088045]","[-0.05569515005015473, 0.0, 0.06681854432804127]","[0.011314269105194757, 0.041861079322054115, 0.002021831270031403, -0.9990572670874747]","[[0.9964869978419866, 0.004987105479266391, -0.0835974799234979], [-0.003092595413331895, 0.9997356723952318, 0.022776477620997434], [0.08368898209579563, -0.022437933464315055, 0.996239148074586]]","[0.04394208766211629, 0.0994615134849057, -0.010887463596019414]",[0.4621832687816138],"[0.005422300370833185, 0.02744176296237106, 0.0, -0.9996083784500805]",[0.458731649559],"[0.9439503979653059, -0.5022381621039281, -0.631089891234133]","[966.8871056588138, 1038.936036088588, 963.9970081366788, 961.787193952109]"
26,0.5199999999999996,"[0.34859485556561143, -0.04123498605345611, 2.1873682603051927]","[0.23326632045145343, 0.0, 2.17007860899636]","[-0.14728450237869595, 0.039015500948203136, 0.051351120268229966]","[-0.057683747146951625, 0.0, 0.0692018382608356]","[0.010715228283240332, 0.04075829728731954, 0.002105227007121673, -0.9991091835264647]","[[0.9966683059455679, 0.005080172192186003, -0.0813988622733868], [-0.0033332343527067874, 0.999761151306767, 0.02158297689916298], [0.08148909422526421, -0.021239755026308742, 0.996447537672747]]","[0.05015217861585503, 0.10166124781291165, -0.01170812673321339]",[0.4626367789237101],"[0.0060438235099903636, 0.02551659742023219, 0.0, -0.9996555350996597]",[0.458731649559],"[1.3071233603861572, -0.5119311586562285, -0.3414348202259525]","[971.4832619031374, 1026.8341812780586, 944.220451372023, 976.4031100789721]"
27,0.5399999999999991,"[0.3460385614689243, -0.04052477168164213, 2.18787328063233]","[0.23209657716289828, 0.0, 2.171481900607195]","[-0.1513559439523579, 0.04265731160986181, 0.04808769182245389]","[-0.059672239994187616, 0.0, 0.07158463187787407]","[0.010374317252346341, 0.03978153607399988, 0.002202188239199675, -0.9991519863570677]","[[0.9968248980542785, 0.005226054059091728, -0.07944990917845897], [-0.0035752289550223864, 0.9997747863621878, 0.020906252241319406], [0.07954129397623035, -0.020555826517801568, 0.9966193444034556]]","[0.042446311343397075, 0.11228371389211483, -0.014529301943538719]",[0.46430126954618345],"[0.004652525311337599, 0.02530009745274657, 0.0, -0.9996688280574376]",[0.458731649559],"[1.1921921347550075, -0.3064030131996385, -0.17757115743965812]","[1000.4979561904142, 997.7510219047929, 926.8759197143136, 996.3738759047278]"
28,0.5599999999999987,"[0.34236233129792604, -0.03954950459420781, 2.188591089949458]","[0.23088151838430848, 0.0, 2.172939488449984]","[-0.161086931795127, 0.04186768691047289, 0.05182072559329246]","[-0.06166057979361069, 0.0, 0.07396669099983684]","[0.009596151520652551, 0.03812572686861006, 0.0022563256715711394, -0.9992240687856008]","[[0.9970821637096623, 0.005240870339837827, -0.07614898376807341], [-0.003777429332373042, 0.9998051335601673, 0.019349459246861052], [0.07623559194017077, -0.019005363021737234, 0.99690817347272]]","[0.07398843169024633, 0.13625169987670402, -0.007330147529354453]",[0.46403149699826135],"[0.004770681351347867, 0.023058520686291755, 0.0, -0.9997222680519109]",[0.458731649559],"[0.8846053115451971, -0.5887127923363297, -0.015471706964749643]","[1013.8713707234625, 991.0643146382688, 920.8578831744419, 1003.7292538979043]"
29,0.5800000000000018,"[0.3391327432881105, -0.03871330081673205, 2.1893184367206318]","[0.22962860724412526, 0.0, 2.1744424182874567]","[-0.16741215969878165, 0.0423098210164803, 0.05051751837444392]","[-0.06364877525144531, 0.0, 0.07634805743068611]","[0.008945617515857075, 0.036744627180239305, 0.0023598680493259866, -0.9992817233101212]","[[0.9972882500105607, 0.005373752783264306, -0.07339424778820058], [-0.004058939261195558, 0.9998285371183102, 0.01805180911797181], [0.07347868969602922, -0.017704959231303646, 0.9971393398195011]]","[0.06421556739388093, 0.13883415208121253, -0.012154545348825613]",[0.46496428222000274],"[0.0045298478313091, 0.02176846956325786, 0.0, -0.9997526625709159]",[0.458731649559],"[1.031474496688815, -0.28558374073866927, -0.41996607105317096]","[987.1020196590833, 1021.0240309846224, 951.8018137319827, 974.4745373591364]"
30,0.6000000000000014,"[0.33615063009444246, -0.037961781855563634, 2.1901071506658667]","[0.22833506281751617, 0.0, 2.1759940099519723]","[-0.17467473481881385, 0.04359126217745521, 0.05235661815077855]","[-0.06563680088414661, 0.0, 0.07872860889848783]","[0.008616921085614411, 0.0354435743451068, 0.002460667355619751, -0.999331211997035]","[[0.9974748207542665, 0.005528872347873835, -0.07079733346276255], [-0.004307214415378264, 0.9998388120209893, 0.017396746077054683], [0.07088214696844784, -0.01704788669162474, 0.9973384278639451]]","[0.043369761372654365, 0.14511638383254705, -0.012984305981241732]",[0.46531694754625946],"[0.003922507804834063, 0.020067102034455445, 0.0, -0.9997907822150096]",[0.458731649559],"[1.0934722043661584, -0.7363610871372994, 0.860258899662]","[1002.7896344657788, 1010.4402993074339, 941.1723893570714, 989.6313404940154]"
31,0.620000000000001,"[0.33242385378459427, -0.0370556748452897, 2.191120877673869]","[0.22700180837086273, 0.0, 2.1775931473213586]","[-0.1785397309338593, 0.03929016628257033, 0.06533401228438165]","[-0.06762464712195193, 0.0, 0.08110829950184004]","[0.007939682476853773, 0.03384122267839968, 0.0025112447507916, -0.9993922284199257]","[[0.9976963300814108, 0.005556814100592909, -0.06760143291815567], [-0.004482059849812923, 0.9998607096704824, 0.01603968111260206], [0.06768118686192746, -0.015699746741356053, 0.9975828656661411]]","[0.053523886904555076, 0.14391354019802713, -0.010109382790200024]",[0.46328809060056625],"[0.004974362741502952, 0.019433451757463513, 0.0, -0.999798595228203]",[0.458731649559],"[1.5019785894864324, -0.4548529048891169, 0.8123290359753383]","[987.8693278122211, 1028.9652344928215, 958.8506338760164, 974.4931679743981]"
32,0.639999999999997,"[0.3295869576034767, -0.03638512590963376, 2.191997935498206]","[0.2256328774106875, 0.0, 2.1792349868818146]","[-0.1802855944651008, 0.04300421007326112, 0.06482353359132938]","[-0.06961231461967968, 0.0, 0.08348713241725689]","[0.007431270877381214, 0.03262620427928034, 0.0025852718341097315, -0.9994366374898389]","[[0.9978576633077191, 0.00565253910115985, -0.0651772240872992], [-0.0046827224543594245, 0.9998761541453598, 0.015022863969886358], [0.06525407150846294, -0.014685473541977823, 0.9977605829949255]]","[0.0637457712155728, 0.14680812358230663, -0.011240182771224854]",[0.46426852208447017],"[0.0035244789186537205, 0.019499823326744985, 0.0, -0.9998034533480429]",[0.458731649559],"[1.0490936940645104, -0.21285272456644375, -1.0970003126941563]","[1002.9696352963364, 1013.3839411727728, 947.6767882345545, 985.4121458814654]"
33,0.6600000000000001,"[0.3258410186977459, -0.035542909628598976, 2.1932722054082454]","[0.22421993108257063, 0.0, 2.1809294956268643]","[-0.18789426458748623, 0.04076218940548216, 0.05887836211213762]","[-0.07159974472001557, 0.0, 0.08586482621271824]","[0.007047769624678927, 0.031054537472885255, 0.0026811791895792257, -0.9994891668456695]","[[0.9980566926790315, 0.005797349560532683, -0.06203955490460214], [-0.0049218886568932665, 0.9998861191609761, 0.014254864339809731], [0.062115140237604685, -0.0139218132213525, 0.9979717280093597]]","[0.049414064499650204, 0.15414795125508007, -0.011970810517964198]",[0.46625732549300103],"[0.004025227217657768, 0.01746932808286407, 0.0, -0.9998392786886311]",[0.45874994751080306],"[0.9815584119798738, -0.7605077849917565, 0.5506043924451163]","[1012.5741612978576, 997.6454098317531, 943.283940733049, 982.7693603721845]"
34,0.6800000000000033,"[0.32223985956128787, -0.034724562139221704, 2.1946134308282867]","[0.22276882463502842, 0.0, 2.182669650322691]","[-0.18943344239081591, 0.038891677281560004, 0.07720645348144582]","[-0.07358694921871294, 0.0, 0.08824143753612566]","[0.006437291477032282, 0.02960653763506307, 0.0027583509540884516, -0.9995370541558278]","[[0.9982316057813483, 0.00589531979872023, -0.05915015020483435], [-0.005132976149189722, 0.9999018224797005, 0.013031953162056393], [0.059221175441184014, -0.012705292276724666, 0.9981639453381995]]","[0.05132185885602976, 0.1472439564951202, -0.014111958693491822]",[0.4629824480540281],"[0.004426856740090134, 0.017441370944755015, 0.0, -0.9998379926818203]",[0.458887611603],"[1.309062306182638, -0.2189592668430474, 1.5142463899905145]","[1011.8716247070947, 1002.9972353737394, 935.0553203145364, 993.672710856522]"
35,0.6999999999999993,"[0.31825824637672046, -0.0338804978829076, 2.1962223946658357]","[0.2212759721859244, 0.0, 2.1844597210800107]","[-0.19236382459030504, 0.04131149635236423, 0.08074224157600456]","[-0.07557388500255593, 0.0, 0.09061675958208885]","[0.006053934009059219, 0.028045413711410113, 0.0028625074409339385, -0.9995841310714769]","[[0.9984103460278121, 0.006062204193794459, -0.056032842128224215], [-0.005383063858331893, 0.9999101362543283, 0.01226339314288501], [0.05610215985281563, -0.01194227232115308, 0.9983534336915388]]","[0.039189247639317165, 0.144451184649127, -0.013000060350474253]",[0.4627034778146397],"[0.0034868295338985936, 0.016754329922385115, 0.0, -0.9998533314559299]",[0.458887611603],"[1.1088855435781633, -0.5555930099716466, 0.29671085680339715]","[1022.0961771147969, 1000.5781711510728, 939.762897872224, 994.7525926340662]"
36,0.7200000000000024,"[0.31455634487516476, -0.033086401416162925, 2.1978330098631695]","[0.21974484997154162, 0.0, 2.186295532911693]","[-0.19436188613231234, 0.03631771745097628, 0.08563619965322626]","[-0.07756055398595774, 0.0, 0.0929908015984373]","[0.005445410043679562, 0.026581791831656387, 0.0029374505711882008, -0.999627426013201]","[[0.9985694230554817, 0.0061622098194739384, -0.05311178504930849], [-0.005583214794597535, 0.9999233013883572, 0.011042927850297875], [0.05317576754068113, -0.010730597051901457, 0.9985273753061105]]","[0.04933868561664731, 0.14883974103271772, -0.013961973447025716]",[0.46216329483692026],"[0.004757763380726341, 0.016355283163085127, 0.0, -0.9998546895220113]",[0.458887611603],"[1.2285692584907348, -0.2550685102846437, -0.0459069779168928]","[984.9236726386447, 1029.1348052836997, 967.1731736777209, 956.9236726386447]"
37,0.7399999999999984,"[0.3108755915893546, -0.03233024865690059, 2.19952371278009]","[0.2181749998938464, 0.0, 2.188177614538391]","[-0.19495635194105038, 0.041489529200998264, 0.08371439397007409]","[-0.07954693258546276, 0.0, 0.09536345050564497]","[0.005195774369317853, 0.025203573013324123, 0.0030619250279678516, -0.9996640943415047]","[[0.9987107021094028, 0.00638369717740586, -0.05035839583790712], [-0.0058598888626944165, 0.999927150152085, 0.010542401060621293], [0.05042203212423148, -0.010233715256606442, 0.9986754607365629]]","[0.01807694691046001, 0.14020855730974993, -0.013436745693715236]",[0.4630975203829454],"[0.003050577182957288, 0.01627428528922076, 0.0, -0.9998628609430572]",[0.458887611603],"[1.2439005512162375, -0.14109892199679994, 0.121558427307221]","[1012.9017489050156, 1000.5912282883988, 938.3978381858633, 984.3025747232579]"
38,0.7600000000000016,"[0.3066951487780173, -0.0315026687611039, 2.20161056919509]","[0.21656299725070094, 0.0, 2.1901100324372433]","[-0.19575380028016554, 0.03728384453736826, 0.09183617445906578]","[-0.08153296857134, 0.0, 0.0977344558311201]","[0.005017744378707245, 0.02374206690164483, 0.003121889844028992, -0.9997005162155018]","[[0.9988528679432305, 0.006480173022756671, -0.047438583384763], [-0.006003646531818192, 0.9999298839074547, 0.010180723526335133], [0.04750124276562628, -0.009884243056189125, 0.9988220048183268]]","[0.044886139315253024, 0.13595987121051303, -0.008054650787073781]",[0.4617651866701306],"[0.004097858355569276, 0.01608835302162594, 0.0, -0.9998621739728224]",[0.458887611603],"[1.123909411909732, -0.6593949020824637, 1.2236003825910515]","[1013.7259214526313, 995.1184861657409, 943.558945798563, 976.1970641840882]"
39,0.7799999999999976,"[0.30267947014935903, -0.03071892850772363, 2.203709217132992]","[0.21491227724043296, 0.0, 2.192088660517186]","[-0.1967583985053806, 0.03679954088866274, 0.10085545257428565]","[-0.08351866519455525, 0.0, 0.10010383327138012]","[0.004429400885048478, 0.022375140010478366, 0.003192448368960633, -0.9997346640936398]","[[0.9989781795655462, 0.006581419525489286, -0.04471012489758561], [-0.0061849856656273, 0.9999402341621223, 0.008999314170363456], [0.04476668743210939, -0.008713588253436587, 0.9989593238343222]]","[0.04353268213206924, 0.13269649692997132, -0.011977086543381001]",[0.46020375527779717],"[0.0040143577223822466, 0.015833943404452152, 0.0, -0.9998665164632002]",[0.458887611603],"[0.9401286714302959, -0.3723661341944561, 0.2918920040535724]","[998.0056359345741, 1013.5653876322922, 968.3744041046159, 953.8734866860809]"
40,0.8000000000000007,"[0.29869594688335827, -0.029987862583953858, 2.2059287964752006]","[0.21322151525982613, 0.0, 2.1941150536832614]","[-0.1984074889043431, 0.03453231123776481, 0.09972353631587898]","[-0.08550398471569577, 0.0, 0.10247140191181976]","[0.004322189988178668, 0.021178776292607532, 0.0033138548079795875, -0.9997608149448901]","[[0.9990808462266241, 0.006809201756576997, -0.042318775071518995], [-0.006443046977161862, 0.9999405647045408, 0.008782679149145062], [0.0423760675118123, -0.008501945590567536, 0.999065446841413]]","[0.02139211197696591, 0.11507548307145034, -0.014530306771668125]",[0.4608848487719365],"[0.004443141321927652, 0.015278687839251699, 0.0, -0.9998732855693715]",[0.458887611603],"[1.1655179566749854, -0.6054263913992138, 1.0057469589117503]","[1009.0607167156434, 999.6666358008896, 931.7116172808786, 986.7400666874938]"
41,0.8199999999999967,"[0.2949039670020008, -0.029294269506282708, 2.2081412720131]","[0.21149237896189213, 0.0, 2.196187196658917]","[-0.19595537343811642, 0.03202876212467188, 0.11602229583161272]","[-0.0874889173430316, 0.0, 0.10483711491249284]","[0.004032374226873807, 0.020241026415126092, 0.0034255067810334415, -0.9997811177000846]","[[0.9991571101044912, 0.007012752782945319, -0.040445566174907764], [-0.0066862752099780135, 0.9999439883213558, 0.008201654769538], [0.040500817875939045, -0.007924311676577636, 0.9991480582140939]]","[0.02959758251888888, 0.09421492042325279, -0.015334680570881776]",[0.45778518400848073],"[0.004969536594817348, 0.016068819534996802, 0.0, -0.9998584502299582]",[0.458887611603],"[1.3142749267722476, -0.20012386511502195, 1.1871483579468851]","[1006.6737037417518, 996.5347381001849, 933.007385613793, 981.9732657479958]"
42,0.8399999999999999,"[0.2909688750644411, -0.028639413586584284, 2.2105256888154012]","[0.20972266649894888, 0.0, 2.1983076839360085]","[-0.1950565095064852, 0.033305174060334314, 0.11384042943141208]","[-0.08947341156732282, 0.0, 0.10720072537777887]","[0.0036423999137037105, 0.019255570184975975, 0.003512751495702013, -0.9998017142004003]","[[0.9992336183889712, 0.0071643829082859295, -0.03847791446620059], [-0.006883836959565641, 0.9999486382010055, 0.007418635420984459], [0.03852909384917982, -0.00714807528911298, 0.9992317630808496]]","[0.03400395732995016, 0.09374485433246665, -0.016659581911088645]",[0.458602259437154],"[0.004343382989074723, 0.016223049391950017, 0.0, -0.9998585192215032]",[0.458887611603],"[1.0915273845035196, -0.6772949516227748, -0.33687598312196343]","[1000.9719533424458, 1005.3158593244647, 941.0126015451941, 970.7017032792047]"
43,0.860000000000003,"[0.2870232048513981, -0.02801046859791914, 2.213032003219855]","[0.2079131226534132, 0.0, 2.2004755952745323]","[-0.1942530731935801, 0.025884412676183657, 0.11368847419461234]","[-0.09145744462087649, 0.0, 0.10956212429969783]","[0.003276768310261465, 0.018355326997890418, 0.0036465923832513488, -0.9998194888537093]","[[0.9992995318370426, 0.007412160573022734, -0.03668012923682321], [-0.007171575957698038, 0.9999518934743233, 0.006686222425360491], [0.036727925390270734, -0.006418484842870112, 0.9993046526879436]]","[0.038132169331643574, 0.0867959171056923, -0.01734032272991449]",[0.4590286427126444],"[0.006280242819871204, 0.016344433080102454, 0.0, -0.9998464487648836]",[0.4589179505426969],"[1.056573453448014, -0.4113438154762237, -0.002366164333139409]","[992.6754329708151, 1007.8310867189438, 942.2909338698685, 960.5917830360822]"
44,0.879999999999999,"[0.28315175201803167, -0.02741792830814507, 2.215567092158781]","[0.20606444353562647, 0.0, 2.202690068625735]","[-0.19333266017170417, 0.029401059797700607, 0.11490338064621809]","[-0.09344099406566697, 0.0, 0.11192120427357324]","[0.003134872179852281, 0.017640248995877995, 0.003815358798088552, -0.9998322230897951]","[[0.9993485664048711, 0.007740037189601861, -0.03525065741450788], [-0.007518837486310481, 0.9999512683269763, 0.006403300199781909], [0.03529850006311701, -0.006134084682954325, 0.9993580254832195]]","[0.029337915393543742, 0.07249196101591715, -0.018806531159317415]",[0.45927036785175546],"[0.005020271420464421, 0.01651349050985992, 0.0, -0.9998506743760557]",[0.45907946587],"[1.068236307928483, -0.36724906174397054, 0.9423543156809444]","[1021.7479545153587, 977.6351584743901, 916.8411378200731, 985.0280629292425]"
