,t,p,p_d,v,v_d,q,R,w,T_sp,q_sp,hover_throttle,fa,pwm
0,0.0,"[-0.19857874306610682, -0.05883307217196353, 2.085515303774926]","[0.2497947427317908, 0.0, 2.150246308719281]","[-0.05184992114507946, -0.00890382100268787, 0.08862720101217589]","[-0.006347399995735219, 0.0, 0.00761687963950895]","[0.009272961214715204, -0.06217965138079056, 0.005358544425516274, -0.9980074570877028]","[[0.9922098491681557, 0.009542555600404797, 0.12421089066353558], [-0.011848913582799131, 0.9997704916404497, 0.01784258403456747], [-0.12401213236503503, -0.01917535373171579, 0.992095301545497]]","[-0.0008179066917061301, 0.10460816364546226, 0.0040209710267680695]",[0.5107436399838562],"[0.019186514267115574, -0.09948229726443733, 0.0, -0.9948505892451783]",[0.49042429501400003],"[-3.3552209508546573, -0.48196910472473015, -0.8611287972285169]","[996.902436491279, 1119.464791955154, 917.31975500968, 1122.5339485664845]"
1,0.020000000000003126,"[-0.19996217064382277, -0.05906097319169951, 2.0869476173391326]","[0.24964820078979635, 0.0, 2.1504221590386474]","[-0.060749415490425916, -0.01084172274744099, 0.0713576997797031]","[-0.008336836539544777, 0.0, 0.01000420261064858]","[0.009389588466823006, -0.0634025405451282, 0.0053517095042283445, -0.9979294706353138]","[[0.9919028697918597, 0.009490609738157511, 0.12664302814594497], [-0.011871904792036765, 0.9997663053438604, 0.01806167013870509], [-0.12644202674659022, -0.01941891805401543, 0.9917838226379424]]","[-0.01357012130834523, 0.10228895016591341, 0.0005030266749495192]",[0.521454770427288],"[0.020003812303947578, -0.10675320945029486, 0.0, -0.9940809634262214]",[0.49042429501400003],"[-3.492660824497348, -0.498118914574207, -1.4145526505567467]","[979.7783963305035, 1169.2888598471886, 912.9190190083981, 1152.378732894696]"
2,0.03999999999999915,"[-0.20117728212214053, -0.059311836942514164, 2.088030093074102]","[0.2494619542902434, 0.0, 2.150645654791958]","[-0.05796131123113165, -0.007718678025124921, 0.06691589482326568]","[-0.01032627269102314, 0.0, 0.012391523698548042]","[0.009742992502197454, -0.06447348711690704, 0.005293980122204353, -0.9978577887329955]","[[0.991630235671453, 0.009308949193537438, 0.1287739009900391], [-0.011821607999819636, 0.9997540449476853, 0.018761599189357603], [-0.1285675841554894, -0.02012688462618202, 0.9914964363167259]]","[-0.02470953681209465, 0.11180510358197399, 0.003904677810761729]",[0.5261418115699703],"[0.01844940594205385, -0.10887607396218603, 0.0, -0.9938838144214848]",[0.49042429501400003],"[-3.260739773299736, -0.28477293381093827, -1.6216239695727523]","[959.597594230911, 1213.6893563195488, 906.6931644514915, 1188.4851808403496]"
3,0.060000000000002274,"[-0.20236475385609173, -0.059434063746272386, 2.08926727787501]","[0.24923646759567525, 0.0, 2.1509162387099057]","[-0.05706107275206501, -0.007812069987037193, 0.07333277781539595]","[-0.012315708140043466, 0.0, 0.014778841414767423]","[0.010078017875609606, -0.06632418736132582, 0.005270760912248756, -0.9977332090002449]","[[0.9911464440364931, 0.009180793706076575, 0.13245392622608163], [-0.011854459089327463, 0.9997411068061713, 0.019411188362226127], [-0.13224145093531478, -0.020809504099349084, 0.9909988729890791]]","[-0.049849507380823194, 0.20216448507378498, 0.004282080532079419]",[0.5259602272056457],"[0.018858530016195165, -0.11270312839653197, 0.0, -0.9934492218507643]",[0.49042429501400003],"[-3.2703552951792223, -0.4764971223540648, 1.1457689689554194]","[1005.559364801435, 1192.1131271857307, 933.0002741222206, 1181.2140154951132]"
4,0.0799999999999983,"[-0.203350699344264, -0.05962461819366919, 2.0904594425126257]","[0.24896945621754601, 0.0, 2.1512366521097066]","[-0.051626952415456055, -0.006206686734488563, 0.10163351627800352]","[-0.014305142324826397, 0.0, 0.01716615306258956]","[0.010768068881750848, -0.06841732683458483, 0.005242861066335925, -0.9975847138992513]","[[0.9905827945095419, 0.008986951137628355, 0.13661706981026128], [-0.011933841089868636, 0.9997127531170384, 0.020766716751050053], [-0.13639124785386225, -0.02220152690754535, 0.9904058670789795]]","[-0.08285278679493926, 0.2248341910393244, 0.0033876721919528837]",[0.5162716001623715],"[0.01886829920989496, -0.11580331569561424, 0.0, -0.9930924827288478]",[0.49042429501400003],"[-3.092857581981842, -0.34732800122046076, 0.6340886327189388]","[1023.6774292240613, 1203.604100553553, 953.6228938578035, 1209.9353641285793]"
5,0.10000000000000142,"[-0.20442328598257942, -0.05983665957295716, 2.0916149349429465]","[0.24866339302169166, 0.0, 2.1516039274419714]","[-0.0476653042664775, -0.004506633548378148, 0.09722446650189125]","[-0.016294574624003213, 0.0, 0.01955345565974243]","[0.01187869380173909, -0.07077188220147294, 0.005212845471537996, -0.9974078533870127]","[[0.9899276962962748, 0.008717310986721754, 0.14130070580384368], [-0.012080021060497935, 0.9996628081840822, 0.02295795920037606], [-0.14105301862307495, -0.024433650742960732, 0.989699837079224]]","[-0.11386227548796632, 0.23649532025607703, 0.007375380913856777]",[0.5194414835567954],"[0.01847165634928069, -0.11652047775763284, 0.0, -0.9930164834762459]",[0.49042429501400003],"[-3.186557610678457, -0.1675929283440865, -1.9116191474098692]","[1001.0030257449653, 1243.267574886171, 981.1955390054992, 1183.0148229357058]"
6,0.11999999999999744,"[-0.20529768209103563, -0.05991403575146804, 2.093004965571902]","[0.24831765297678302, 0.0, 2.1520188145767896]","[-0.04065518566132946, -0.001217703852080301, 0.10018490077524128]","[-0.018284004129074553, 0.0, 0.021940744844700606]","[0.012918915850990375, -0.0736764985623572, 0.005196951625071532, -0.9971845086328924]","[[0.9890886078975857, 0.008460998335026323, 0.14707240399484425], [-0.012268280275517147, 0.9996112640048738, 0.0249992991120126], [-0.14680384807194038, -0.02653087190774549, 0.9888088277364424]]","[-0.11882686343231871, 0.3127871940141478, 0.007592585037965946]",[0.5196490910022029],"[0.017600487035938986, -0.11659528706233879, 0.0, -0.9930235032622455]",[0.49042429501400003],"[-3.0177505196899865, -1.219647319632995, 0.7562671113450463]","[1015.2394106361357, 1226.1596955377847, 984.1337146555855, 1172.9232478262315]"
7,0.14000000000000057,"[-0.2059981015138072, -0.060102951757996764, 2.0945062719914054]","[0.24793039567094177, 0.0, 2.1524835217237834]","[-0.032400275007449006, -0.00993789048792296, 0.12164605457701898]","[-0.020273429469524783, 0.0, 0.024328014039863823]","[0.013773677661337467, -0.07689729702059574, 0.005175461625716525, -0.9969294552552218]","[[0.9881180732596787, 0.008200823114060136, 0.1534649311390455], [-0.012437457442819384, 0.9995650334451893, 0.026666811915853517], [-0.1531797905783205, -0.028258727955259196, 0.9877922156731205]]","[-0.09723008467759303, 0.34855727411397236, 0.0036664973883660085]",[0.5135070063727079],"[0.021743145442506558, -0.11752937398217926, 0.0, -0.9928291518897592]",[0.49049609523394644],"[-2.8185321583776677, -0.8121595833785931, 0.21175802076452754]","[1026.967290860902, 1197.9329144412595, 978.6648124616952, 1163.8822670487136]"
8,0.1599999999999966,"[-0.20669288766029015, -0.06018676517658763, 2.0964056339145967]","[0.2475069463868868, 0.0, 2.152991658341442]","[-0.0224824268102067, -0.0013132229100128456, 0.11597662663633959]","[-0.022262849899409878, 0.0, 0.026715259664478977]","[0.014832600531375487, -0.08056469868821005, 0.005203954568881382, -0.9966247560400033]","[[0.9869631585724424, 0.007982811920163636, 0.16073992270975473], [-0.012762747890455037, 0.9995044878448399, 0.028726563708383713], [-0.16043116999254015, -0.030403583835699962, 0.9865773087817057]]","[-0.09337546557248225, 0.3399441259656608, 0.0016771404173470093]",[0.5162242605051148],"[0.018553703255305233, -0.11597090484961475, 0.0, -0.9930778930873964]",[0.490512628826],"[-4.215669267469319, 0.22142787164922872, -1.525877352275316]","[1006.3393191252957, 1213.5409124719679, 990.3848698035722, 1149.8181665774475]"
9,0.17999999999999972,"[-0.20710398852059073, -0.06027313231807771, 2.098470444297662]","[0.2470416224092105, 0.0, 2.153550043094913]","[-0.024709212180496876, 0.0027204268235610568, 0.12397381202120317]","[-0.02425226295059821, 0.0, 0.029102469871040752]","[0.01580164550830309, -0.0841139540370306, 0.005154508657007175, -0.996316880306864]","[[0.9857952917619333, 0.00761277020133851, 0.1677712039900336], [-0.012929325737317938, 0.9994462222878805, 0.030619760104577055], [-0.16744540511576356, -0.03235402452161296, 0.9853490456793835]]","[-0.08300958845503216, 0.371712359247294, 0.0037613505212542517]",[0.5149119058406962],"[0.017626957061082894, -0.11993714804849356, 0.0, -0.9926239031524067]",[0.490512628826],"[-2.558763515541856, -0.018376926194797583, 3.358930283692871]","[1023.3365526949167, 1184.6785953398805, 990.8785327444032, 1132.133705531894]"
10,0.20000000000000284,"[-0.20738643823124897, -0.06028296500672164, 2.100710086270676]","[0.2465374771938197, 0.0, 2.1541550113762296]","[0.005252770822965616, 0.008770438612235941, 0.1671594848711252]","[-0.026241667069284713, 0.0, 0.031489637202271215]","[0.016535320634428287, -0.08799579105067964, 0.005117350845043477, -0.9959700716984573]","[[0.9844603540252074, 0.00728337933708194, 0.17545158271785907], [-0.013103533815094512, 0.9994000388535105, 0.03203675828427011], [-0.17511311456977244, -0.03383797962704397, 0.9839658949275832]]","[-0.0733616737871787, 0.35425801064186885, 0.003667706078879219]",[0.49964416631177505],"[0.01646136344817495, -0.11485376171978941, 0.0, -0.9932448695889351]",[0.490512628826],"[-2.273041213153444, -1.4217152809794955, 1.6533893893738387]","[1043.1242482155528, 1162.399042139616, 983.511391675842, 1141.5418084224393]"
11,0.21999999999999886,"[-0.20741559232024312, -0.060299251395111206, 2.10294703552011]","[0.24599176553646823, 0.0, 2.1548098564916724]","[0.007095459561245963, -0.0032776469886372766, 0.14531010180223325]","[-0.028231059070528235, 0.0, 0.03387674636992233]","[0.017263935984645887, -0.09104901100314947, 0.005101182317217668, -0.9956832264007739]","[[0.9833671863558515, 0.007014594741284344, 0.18148807904237174], [-0.01330205193097911, 0.9993509441937909, 0.03344990775327843], [-0.18113581310248994, -0.03530773817299612, 0.9828231435065546]]","[-0.07695157144684571, 0.3152926222704018, 0.005469819377636278]",[0.5065046919974535],"[0.021117413823163757, -0.11505655406159766, 0.0, -0.9931330946302859]",[0.490512628826],"[-4.43071608252, -1.4868031388466356, -3.7429210812037113]","[1026.097286285789, 1174.106348662619, 996.1828004393635, 1125.2199257719426]"
12,0.240000000000002,"[-0.2071842353057371, -0.060176743378131524, 2.105160916401289]","[0.24540561905364497, 0.0, 2.15551321956307]","[0.017509146659734007, 0.0029219751523189156, 0.13120943802350055]","[-0.03022043618123508, 0.0, 0.03626378406352272]","[0.018002805507066944, -0.09375709587127205, 0.0050947762412790806, -0.9954185842651726]","[[0.9823659091354422, 0.00676708838272784, 0.1868385518055389], [-0.0135186514302396, 0.9992984931756214, 0.0348853114922991], [-0.18647167074244383, -0.03679599719028422, 0.981769620613089]]","[-0.07099915874433176, 0.30284405028291517, 0.0038719086975163774]",[0.510406533402053],"[0.019346656646453412, -0.1128549941545011, 0.0, -0.9934218304868204]",[0.490512628826],"[-3.207124114800828, 0.14506078888156282, -0.7776633776644175]","[999.6851354752944, 1159.2679144419778, 988.1899320394289, 1100.2989801396056]"
13,0.259999999999998,"[-0.20664598366595496, -0.06009339540674701, 2.1077255583655874]","[0.2447833505344431, 0.0, 2.156259924652532]","[0.034298252488157266, 0.009570081572842445, 0.14112397444914812]","[-0.032209797167397844, 0.0, 0.03865074436046603]","[0.018826746549707205, -0.09682618481883702, 0.005032639582423988, -0.995110067421346]","[[0.9811978551412245, 0.006370216546427834, 0.19289491906623787], [-0.013661904710265241, 0.9992395825030739, 0.036494787476138706], [-0.1925159261466606, -0.03844395263747622, 0.9805396172922638]]","[-0.05902683236783057, 0.286569686978529, 0.002018969921661116]",[0.506639006673361],"[0.017679543305442632, -0.11020702744210252, 0.0, -0.9937510082187991]",[0.490512628826],"[-2.3281702900648655, -0.23668280803952213, 1.6280493277564325]","[1006.0405588628605, 1154.6476049775777, 986.498439924477, 1101.1387791507864]"
14,0.28000000000000114,"[-0.20583791897075268, -0.059872842441397504, 2.110164919156076]","[0.2441190410621569, 0.0, 2.157057072341573]","[0.056257188660178904, 0.01291975736776402, 0.15343429204659229]","[-0.03419913571185038, 0.0, 0.04103759693926332]","[0.019388066182527273, -0.09926949549061011, 0.00499052293521955, -0.9948589290908468]","[[0.9802408478479574, 0.006080445508915578, 0.19771180112826095], [-0.013779019702827746, 0.9991979190972818, 0.037585968130955966], [-0.19732477477244711, -0.039567594907010215, 0.9795388642656951]]","[-0.04734696989891241, 0.21620016375580448, 0.006865192866685094]",[0.5018891971137064],"[0.017212514006306755, -0.10587432620373305, 0.0, -0.9942295333956306]",[0.490512628826],"[-3.771865414127103, -1.19957328084232, -0.02037596021192911]","[1017.8137262173246, 1161.9860036193363, 993.1862166544782, 1110.1287538593222]"
15,0.29999999999999716,"[-0.204752489325978, -0.059632276194658454, 2.112750176114296]","[0.24341512953453615, 0.0, 2.1579017345612757]","[0.05932868515077573, 0.009440485212982068, 0.14524758745393088]","[-0.03618844866993151, 0.0, 0.04342432670558664]","[0.01953822360975138, -0.10121704747764658, 0.004929887842998537, -0.9946601805781191]","[[0.9794614225152845, 0.005851923650819437, 0.201545775945495], [-0.01376232887776776, 0.9991877195518195, 0.03786980866397345], [-0.201160490941305, -0.03986576343143047, 0.9787465457399243]]","[-0.023048466153257022, 0.1913745161307147, 0.0040231662657265795]",[0.5041901180409127],"[0.018812392237875328, -0.10646712671561301, 0.0, -0.994138006150121]",[0.490512628826],"[-3.7054403402719123, -0.5584210471984726, 0.24305733772418137]","[1028.1639250342562, 1137.9469693358838, 986.5434838940921, 1101.9609352759742]"
16,0.3200000000000003,"[-0.20333020602684906, -0.05928210902894347, 2.115354174617406]","[0.24267077071608872, 0.0, 2.1587949233496415]","[0.08384176981257417, 0.020227512881688937, 0.16073277911899758]","[-0.03817773064170273, 0.0, 0.04581090774141784]","[0.01985251183122185, -0.10274592044935851, 0.004903671025165903, -0.9944973154852484]","[[0.9788382625748656, 0.005673846138439236, 0.20455578450198292], [-0.013832904543761914, 0.9991634664608198, 0.03847887505745549], [-0.2041663837538088, -0.04049420382970157, 0.9780981101018941]]","[-0.019515871253965034, 0.1617431131567912, 0.0037951266913304757]",[0.4983554068973811],"[0.01585281307190696, -0.10133926589249845, 0.0, -0.9947224355640301]",[0.490512628826],"[-2.081674004232021, 0.3071934910272698, 1.71463037804158]","[1008.6245696537738, 1146.8330012634483, 995.8849630002076, 1085.388256904887]"
17,0.3400000000000034,"[-0.20149119080329617, -0.058940657115582905, 2.1181862619024314]","[0.2418888648299514, 0.0, 2.1597331569744678]","[0.10357258831339616, 0.02707403406972414, 0.16323334725981054]","[-0.04016697897771151, 0.0, 0.0481973273306563]","[0.02023021035068419, -0.10404554423482873, 0.004819085842526763, -0.9943550455199003]","[[0.9783025190982365, 0.005374038152776008, 0.20711140598811648], [-0.013793491136464015, 0.999134946826814, 0.039229214649863356], [-0.20672144150694718, -0.04123483228666358, 0.977530443453286]]","[-0.018783633230972197, 0.09210664506379738, 0.004752123447219378]",[0.49634764809724874],"[0.014052836310997647, -0.0968979413372368, 0.0, -0.9951945619194006]",[0.49077712303327264],"[-3.930915591929498, -0.08552104053429377, -0.11399689548249015]","[999.8628195033917, 1159.3716729469947, 977.5829038093179, 1107.2265251667586]"
18,0.35999999999999943,"[-0.20036141269030802, -0.058642830788510514, 2.119677298026916]","[0.24106595174751955, 0.0, 2.1607205838092076]","[0.10985869533121075, 0.03406054008568981, 0.15642662607030278]","[-0.04215618481388758, 0.0, 0.05058354292856085]","[0.020148818551739497, -0.1042699923022821, 0.004795480294106599, -0.9943333938764787]","[[0.9782096451409782, 0.005334778081633665, 0.20755151717543371], [-0.01373844670279349, 0.9991421579523523, 0.0390692368796005], [-0.20716502412617613, -0.041069335653009464, 0.9774436886254187]]","[0.018805335569884184, 0.04954837923740801, 0.003153097595172627]",[0.4977584756143354],"[0.012121362433804897, -0.09627932794289164, 0.0, -0.9952804677669973]",[0.49079703713],"[-3.6907862345402744, -0.5597274384143438, -1.0037730121834372]","[1015.3442762213086, 1135.019695584962, 969.7016835410598, 1105.5606318433345]"
19,0.38000000000000256,"[-0.19709728158487724, -0.057979083547464096, 2.123127492024868]","[0.24020171726929623, 0.0, 2.16175757721869]","[0.1311216031290161, 0.03445797912405328, 0.14792540419039688]","[-0.04414534068505186, 0.0, 0.052969518705106716]","[0.0198657745226834, -0.10492344983322165, 0.0047593555176635525, -0.994270488190195]","[[0.9779368708935068, 0.005295402274978349, 0.20883367594372784], [-0.013632944661093806, 0.9991654335485438, 0.038505170666097446], [-0.20845548280937906, -0.0405026426656816, 0.9771928758286217]]","[0.006606285748404122, 0.04219376235894126, 0.0006167935787518646]",[0.49832412365024426],"[0.012286785897858282, -0.09043546067492483, 0.0, -0.9958246491878482]",[0.49079703713],"[-3.0427573335282987, -0.9272047937955281, -0.2353951200188078]","[1028.2049169833197, 1104.5297819046145, 985.2055797982847, 1076.319022713397]"
20,0.3999999999999986,"[-0.19502342491498045, -0.05750273038086163, 2.125078553976037]","[0.23929769904752612, 0.0, 2.1628422886052507]","[0.1436618971341892, 0.03681708905983944, 0.14984843377586762]","[-0.046134440571397275, 0.0, 0.055355225770321446]","[0.019915546396790097, -0.10502609584433245, 0.004740940704320675, -0.9942587589510967]","[[0.977894151412193, 0.005244139472554171, 0.2090350682724525], [-0.013610747811200277, 0.9991618550522334, 0.03860656790300245], [-0.20865739457420718, -0.04059825787421958, 0.9771458464731514]]","[0.011491514699303805, 0.005904679740435917, 0.001150635376849993]",[0.49681404619642017],"[0.01194319456440537, -0.088078350903638, 0.0, -0.9960417044563119]",[0.49079703713],"[-4.559450222671147, -0.5187128366973712, 0.42539012771618445]","[1003.1161841373105, 1131.2918370593554, 983.0, 1081.5006924304107]"
21,0.4200000000000017,"[-0.19257062295998642, -0.05702212414114352, 2.1272029566421167]","[0.23835687901197075, 0.0, 2.1639711382441615]","[0.15097542315205015, 0.04124332555541907, 0.1503874580226585]","[-0.04812348296388033, 0.0, 0.05774065688299112]","[0.019667879750515233, -0.1045041036358963, 0.0046345739043083, -0.9943191930567294]","[[0.9781148962228496, 0.00510574328189483, 0.20800317648121208], [-0.01332723985687959, 0.9991834605885725, 0.03814363666213008], [-0.20763856751223286, -0.040080964628546295, 0.9773842037856372]]","[0.02361922172968272, -0.06768506748901615, 0.007050019955910565]",[0.49618585100707896],"[0.010868512663329952, -0.08671856079836897, 0.0, -0.9961734521162087]",[0.49079703713],"[-2.5823758517721367, -0.5460978069399203, 1.6547424621498905]","[1005.4707364668246, 1128.3400333431546, 983.0, 1081.5144737173034]"
22,0.4399999999999977,"[-0.1893023218177123, -0.05629701141052293, 2.1296639153458745]","[0.23737506202646003, 0.0, 2.1651491522033]","[0.18437186974560765, 0.0434180342290221, 0.16311305312130112]","[-0.0501124518851977, 0.0, 0.06012573536165735]","[0.019232420843883533, -0.10316812257492698, 0.00458754163144123, -0.9944674195148995]","[[0.9786706274342839, 0.0051559758742043505, 0.20537113232915838], [-0.013092666878341777, 0.9992181784425217, 0.037305455740582624], [-0.20501821420397953, -0.03919860796998306, 0.9779729464876918]]","[0.030830773038168495, -0.11556280414312446, 0.006836847363075303]",[0.4906148231335792],"[0.010517341763232805, -0.0775993089524599, 0.0, -0.996927011824795]",[0.49079703713],"[-2.033891066139859, -0.56591560810312, -0.774832105221055]","[1023.8216594187084, 1105.3024284843152, 977.6901027407669, 1084.0799490118645]"
23,0.46000000000000085,"[-0.18417602501198216, -0.05524714068357425, 2.1330177096298004]","[0.23635189457266711, 0.0, 2.166376748690624]","[0.19610796763000285, 0.046044273334324336, 0.1318194188893506]","[-0.05210133698665185, 0.0, 0.06251041154182241]","[0.01858770192118836, -0.10138712943296076, 0.004485741858146507, -0.9946631393063512]","[[0.9794007914628029, 0.005154496676394184, 0.20185884015920547], [-0.012692711638573453, 0.9992684861666928, 0.036067410910090324], [-0.20152532162898695, -0.037886596871589316, 0.9787500298974169]]","[0.04781350171280172, -0.18348984495999085, 0.006541884444511758]",[0.49730660335115573],"[0.009673827026530218, -0.07310195617503334, 0.0, -0.9972766378888599]",[0.49079703713],"[-4.180303931467714, -1.3882206783713797, -3.104529523802853]","[1000.6366722146046, 1117.1687485449404, 960.5234052351917, 1088.6924872565123]"
24,0.4799999999999969,"[-0.18001486288829482, -0.05433918702831805, 2.135427781128994]","[0.23528992580107141, 0.0, 2.167650864812501]","[0.20599543484074306, 0.03879435649670385, 0.12435217711439445]","[-0.05409013332880705, 0.0, 0.06489466172383335]","[0.017836202023993653, -0.09898176833052395, 0.004401948175671167, -0.9949193247271251]","[[0.9803658252085404, 0.005228248979574392, 0.19711477628932408], [-0.01229008424611584, 0.9993243459269341, 0.03461973891776218], [-0.1968007201414824, -0.03636258937587121, 0.9797683192987416]]","[0.06341941549747317, -0.2430610458867934, 0.009040761465446197]",[0.4951079008517071],"[0.007935420167415256, -0.07137541424058494, 0.0, -0.9974176822258578]",[0.49079703713],"[-3.4438804714729727, -1.1747386052148823, 1.4733500891413733]","[1000.7278120622311, 1119.232708608727, 966.6898835166204, 1086.350311815263]"
25,0.5,"[-0.1768583836121449, -0.05374288835738466, 2.136907098043211]","[0.2341871130503602, 0.0, 2.168973942183119]","[0.22185674494394783, 0.04422146830653716, 0.1415709276426075]","[-0.05607882477826904, 0.0, 0.06727840848505325]","[0.01746178742986784, -0.09719100354440048, 0.004307311021034499, -0.9951027842651022]","[[0.9810698211742049, 0.005178177091478676, 0.19358050316399195], [-0.011966691667430087, 0.9993521754736485, 0.0339152828179893], [-0.19327964976621742, -0.0355898103408381, 0.980497098990177]]","[0.059627134931938774, -0.26108985758807696, 0.010343657600196858]",[0.49319489936342037],"[0.010749928244039256, -0.0661560788364471, 0.0, -0.997749477744718]",[0.49079703713],"[-2.9552161672244086, 0.35148601606563823, 1.3362387718926563]","[1002.7155214052648, 1123.866656500027, 975.3320864003808, 1088.252410247998]"
26,0.5200000000000031,"[-0.1730266251897783, -0.05290887669968136, 2.138564554899623]","[0.2330486486352824, 0.0, 2.1703397509714266]","[0.23480519656621565, 0.05324381128623161, 0.13475906958944103]","[-0.058067416207429834, 0.0, 0.06966167521708864]","[0.017039738970900702, -0.09483564609002981, 0.0042436162134013265, -0.9953380991764099]","[[0.9819764763284252, 0.005215716481940486, 0.1889316836519721], [-0.011679615099983796, 0.9993833704586591, 0.03311571062480492], [-0.18864244320169593, -0.03472549496622908, 0.9814317874771656]]","[0.050059835468726534, -0.28826764104442093, 0.012346782353719436]",[0.49410405096618754],"[0.008089688864819075, -0.06202414674010037, 0.0, -0.9980417948327431]",[0.49079703713],"[-4.11424250318435, -0.5241532542337177, -0.8414789006344314]","[975.6165416169887, 1142.4255124918423, 952.3402614891182, 1101.1932887953071]"
27,0.5399999999999991,"[-0.16857007230413146, -0.05204176867490718, 2.1404321078300255]","[0.23186623444933233, 0.0, 2.1717582268877544]","[0.23684298867491585, 0.0494947166092132, 0.1284212778876846]","[-0.06005586943495347, 0.0, 0.07204427869083688]","[0.01635796693488317, -0.09156726682112501, 0.004096700883571678, -0.9956557546254537]","[[0.9831966174898039, 0.005162098973459469, 0.18247297968674614], [-0.011153516265369819, 0.9994305800315006, 0.03182356041959395], [-0.18220492489636386, -0.03332405523116334, 0.9826950172415774]]","[0.06415367324688294, -0.34822217162898494, 0.014378342782353793]",[0.49614233131574537],"[0.011229195762334769, -0.06003085061335312, 0.0, -0.9981329031812701]",[0.4909224792940977],"[-3.678488013448293, -1.1911793260370538, -0.6300143570081573]","[1007.4860890126005, 1110.5139109873996, 948.8141131211912, 1104.6175409195005]"
28,0.5600000000000023,"[-0.16350360079657844, -0.05099312326346844, 2.142372365922515]","[0.23064631114923176, 0.0, 2.1732216423957063]","[0.251523608248637, 0.05006557186694374, 0.12368483745506682]","[-0.062044191525191805, 0.0, 0.07442625282586902]","[0.015551175131460043, -0.08797462233905529, 0.004008845930017961, -0.9959932203322729]","[[0.9844887289744308, 0.005249349217071617, 0.1753689393522479], [-0.010721784253546439, 0.999484119229891, 0.030272376584850515], [-0.17511957029171688, -0.03168308341168567, 0.9840371925698734]]","[0.07243418373169275, -0.3535790625772675, 0.009654558888415345]",[0.5008545423262695],"[0.009507263709097968, -0.059600542656277816, 0.0, -0.9981770081920233]",[0.490930725088],"[-3.3605110924896437, -0.6945078249787181, -0.22891399327247797]","[1010.5411335941589, 1108.2428424688142, 956.596918160916, 1103.1029938084641]"
29,0.5799999999999983,"[-0.15840212352956642, -0.04994388601377421, 2.14429593482199]","[0.22938532822927268, 0.0, 2.1747342410543355]","[0.255323765134836, 0.05119870353252281, 0.1263067875401869]","[-0.06403235609855795, 0.0, 0.07680747104286494]","[0.014557279017729097, -0.08326789413394067, 0.0038507991200480663, -0.996413223260037]","[[0.9861028550124922, 0.005249666390415011, 0.16605057589061425], [-0.01009828226292102, 0.9995461106546945, 0.028368834748983843], [-0.16582634726168718, -0.029651426482820778, 0.9857086835754181]]","[0.07979250677054844, -0.3841857021214491, 0.011317092955207038]",[0.49648956175601633],"[0.007963199602255817, -0.0506790571501224, 0.0, -0.9986823253789046]",[0.490930725088],"[-3.3743190365676776, -0.18213515006047953, 0.5650135639041416]","[974.7581107611836, 1152.1030995720698, 937.5475428286398, 1134.1087278345983]"
30,0.6000000000000014,"[-0.15247963439214887, -0.048798060198574134, 2.14641166908372]","[0.2280822259580119, 0.0, 2.1762972784242955]","[0.26645535427685163, 0.05720324173455095, 0.12937204079948667]","[-0.06602034095279882, 0.0, 0.0791878268225336]","[0.014166639944054015, -0.07943539220462087, 0.0037452916838159244, -0.9967312512746079]","[[0.9873498722102513, 0.0052154333324413, 0.15845759213274216], [-0.009716763733151617, 0.9995684479050462, 0.027645648087938356], [-0.15824535933766185, -0.028835682943236848, 0.9869765392552361]]","[0.06209519276598479, -0.43130038021357175, 0.014107162977536883]",[0.49540703271355196],"[0.006763588938330024, -0.04785363412662862, 0.0, -0.9988303715625064]",[0.490930725088],"[-3.3173404297376607, -0.3948524274528853, 0.4910037378959622]","[974.953231957521, 1157.7290240566388, 936.0, 1140.8725774764287]"
31,0.6199999999999974,"[-0.14788405374100155, -0.04779229751287715, 2.148064103079556]","[0.22674482778893934, 0.0, 2.1779013765877404]","[0.26721293472205404, 0.0555808974689233, 0.1300012048879924]","[-0.06800816772777422, 0.0, 0.08156742403072183]","[0.013251149155469011, -0.07572518055319578, 0.003667441385867273, -0.9970339376091378]","[[0.9885045126021897, 0.005306235727133484, 0.15109834551187754], [-0.009320018376474358, 0.999621932633937, 0.025868255518420414], [-0.15090395426058525, -0.026979126162872662, 0.9881802269469463]]","[0.08643986544676353, -0.4152122217857157, 0.008871322764568633]",[0.49887588584908027],"[0.0035280672614336744, -0.045885689074936745, 0.0, -0.9989404230163873]",[0.490930725088],"[-3.7264207298148553, -0.9172698627595557, -1.0130434156881094]","[995.2008979000707, 1130.7321361332392, 936.0, 1130.4419616878424]"
32,0.6400000000000006,"[-0.14124481709797732, -0.04652193632792762, 2.150410120461528]","[0.22535907524272686, 0.0, 2.1795633480908965]","[0.27128289354170504, 0.05528209873115674, 0.11814559268203495]","[-0.06999574819518206, 0.0, 0.08394583933486086]","[0.012360066432677466, -0.07089410340830395, 0.0036056207537541684, -0.9973992472604887]","[[0.9899190552789224, 0.005439975195778921, 0.1415085821733941], [-0.008944998507025893, 0.9996654605906166, 0.02414460741094873], [-0.14133031932520432, -0.025167076413219826, 0.9896395137965218]]","[0.08200256316909205, -0.3967463784740492, 0.004114330619050431]",[0.49901761202693945],"[0.006195493720318914, -0.04355588405050124, 0.0, -0.9990316370209729]",[0.490930725088],"[-3.4616668748925807, -0.497659737821205, -1.059280470713567]","[981.3982680299466, 1142.440595652474, 943.4659229326422, 1120.5197333737008]"
33,0.6599999999999966,"[-0.13603823407529717, -0.04550845988306334, 2.152335293023561]","[0.22393458798561364, 0.0, 2.1812716602590307]","[0.27069380352932465, 0.057201687280703316, 0.11862626637528112]","[-0.07198310832228223, 0.0, 0.08632319739142948]","[0.011515046215073823, -0.06687425238184405, 0.0035638110727550425, -0.9976831850395477]","[[0.9910194676189987, 0.005570988550340027, 0.1335207091253226], [-0.008651228977441807, 0.9996986063035893, 0.02250008156522362], [-0.13335655932850432, -0.023453390369706142, 0.9907796765390527]]","[0.08661811910549326, -0.416210730154853, 0.0019638503735649247]",[0.4992262347172631],"[0.005809675981158255, -0.042117168940673674, 0.0, -0.9990949724253256]",[0.490930725088],"[-3.675262758742303, -0.39532414178863196, -0.01960339211762019]","[968.3537815933508, 1157.6275337052957, 941.2410121594068, 1125.2535771888647]"
34,0.6799999999999997,"[-0.13057258719014683, -0.044443885113450564, 2.154375499421778]","[0.22248196244376375, 0.0, 2.1830136293518354]","[0.26986726779704695, 0.05756044609444933, 0.1205366104963406]","[-0.07397030077110574, 0.0, 0.08869975090581231]","[0.010505493540810987, -0.06260251471596871, 0.003516675593218448, -0.9979757029209843]","[[0.9921344271591775, 0.005703772966200231, 0.12502546608203965], [-0.008334454222148768, 0.9997518460676317, 0.02052814913069392], [-0.12487768843112092, -0.021408760072996903, 0.9919384303845614]]","[0.0990467490388861, -0.43162220163284776, 0.0008095382534277286]",[0.4992009132769397],"[0.005496689854329923, -0.04075572521746857, 0.0, -0.9991540155751125]",[0.490930725088],"[-3.3133304340572227, -0.6479771918057026, 0.8046718176388552]","[966.3613071536016, 1163.9036206488179, 927.2417407134129, 1143.46790333645]"
35,0.7000000000000028,"[-0.12477481510231081, -0.04331445497692168, 2.156563254377293]","[0.2209859954564484, 0.0, 2.1848074240255593]","[0.2698241761794122, 0.05582254045910632, 0.13320041330996318]","[-0.07595721630670618, 0.0, 0.09107497580272622]","[0.009294729453092626, -0.05826565207076438, 0.003493687272304904, -0.9982512259600428]","[[0.9931848100643466, 0.005892028260587174, 0.11639246297798328], [-0.008058282150210299, 0.9998017984955969, 0.018149826208928913], [-0.11626257146602412, -0.018964074077137617, 0.9930364377746476]]","[0.10623073863230352, -0.41167568311120417, -0.00022505725748755978]",[0.49343470868843453],"[0.006212868839179257, -0.03783129233082492, 0.0, -0.9992614066598992]",[0.490930725088],"[-3.2214978655945283, -0.7479199616730935, 1.6869340692168322]","[987.8797720905881, 1147.1202279094118, 896.5601139547059, 1176.6198718009557]"
36,0.7199999999999989,"[-0.119189095657064, -0.04216102409960885, 2.1588389163284925]","[0.21944428380539102, 0.0, 2.186655890301418]","[0.26576331450875496, 0.053921160269070366, 0.14133527681361]","[-0.07794380889153353, 0.0, 0.09344865128854586]","[0.008401888977841438, -0.05391506194999343, 0.0035153272548764684, -0.9985028038248552]","[[0.9941592495537128, 0.006114151511237594, 0.10772775182955091], [-0.007926104970186747, 0.9998317338870641, 0.016399561230157313], [-0.10760961027228591, -0.017157677577041976, 0.9940427811283385]]","[0.07288592977126014, -0.4051284318751359, 2.2270571067155222e-05]",[0.48949127042470386],"[0.006778254230594017, -0.03621851163145145, 0.0, -0.999320878158752]",[0.49089672659856676],"[-3.8048171243678293, -0.6280744882645756, 0.4219997081978413]","[977.4679250375708, 1158.4788266321136, 914.2316011320605, 1157.6073044236427]"
37,0.740000000000002,"[-0.11417499653408852, -0.04122410026862098, 2.1610353973820184]","[0.21785707036887084, 0.0, 2.188558706719898]","[0.25485043577772815, 0.053027356645189476, 0.13636002003014805]","[-0.07993004677811857, 0.0, 0.09582062516744766]","[0.00787093126598583, -0.050291539332373, 0.0035103774004305393, -0.9986936862153017]","[[0.9949094687673884, 0.006219900993394266, 0.10050694548105178], [-0.007803265990777189, 0.9998440435062399, 0.015368214153738869], [-0.10039642572410594, -0.01607438328615977, 0.9948102111483875]]","[0.06259785567237128, -0.3717519419209421, 0.00010373612629187772]",[0.49104206611585743],"[0.006714643422892289, -0.03716257300643417, 0.0, -0.9992863748945288]",[0.490890242862],"[-4.279240016483081, -0.3692823746135103, -1.0339238076180415]","[979.9311215852068, 1135.9695032504364, 908.3325079641332, 1142.7699907357203]"
38,0.759999999999998,"[-0.10904067083804009, -0.04025153442257318, 2.1633372717866592]","[0.2162491636198821, 0.0, 2.1904862327554007]","[0.24253846939833293, 0.05370969375536906, 0.1282341508138404]","[-0.08191611525192552, 0.0, 0.0981917863469484]","[0.007272091205534144, -0.0466810607442625, 0.003499772371877454, -0.9988769392655444]","[[0.9956166532681392, 0.006312745967287419, 0.09330817148356957], [-0.007670621692500845, 0.999869129511555, 0.014201102237522252], [-0.09320636882802197, -0.014854594584253065, 0.9955353834604459]]","[0.05425240141602126, -0.34363041973535824, -0.0005113626622713874]",[0.493880189247369],"[0.005938268484886485, -0.03856870376362953, 0.0, -0.9992380409764]",[0.490890242862],"[-3.7105535321097163, -0.45777566682855597, -0.22735690010647502]","[975.212810089935, 1123.7490006110243, 900.0613013802398, 1133.4502546603599]"
39,0.7800000000000011,"[-0.10456002668292037, -0.0393383743568408, 2.1655197320962163]","[0.2145777217274935, 0.0, 2.1924895811707374]","[0.2357519608844007, 0.05145703081445852, 0.13373672608556444]","[-0.08390161840699024, 0.0, 0.10056023579378551]","[0.006943849786497413, -0.043477649088150945, 0.003534584542560393, -0.9990205606156949]","[[0.9961874983246338, 0.006458440733828173, 0.08691921798083646], [-0.007666049791180839, 0.9998716761653837, 0.013566746560247952], [-0.0868210434843516, -0.014181448265903325, 0.996116050800696]]","[0.0357559597202544, -0.3406672913927844, -0.0015114246654221895]",[0.49354164474236095],"[0.006115302911601033, -0.038614298375207017, 0.0, -0.9992352748886978]",[0.490890242862],"[-3.0598646745774936, -0.6935584027840114, 0.7870334326252255]","[954.6646736591671, 1152.0516354797305, 908.7836817009223, 1130.4004238805285]"
40,0.7999999999999972,"[-0.10010439588800245, -0.038426615347295724, 2.1677234730291195]","[0.21289315794473282, 0.0, 2.1945085808562603]","[0.2287654121900027, 0.04927284057847616, 0.13722164917857735]","[-0.08588699649362383, 0.0, 0.10292808534743465]","[0.006764624284161758, -0.04030199226058502, 0.0035784889908130548, -0.9991579887679151]","[[0.9967253904968213, 0.00660569605468569, 0.08058452932790813], [-0.007696207396869901, 0.999882371373754, 0.013229416317842645], [-0.08048770079379669, -0.013806297260291991, 0.9966594813803243]]","[0.010065430680676224, -0.33093338090954594, -0.002703007934721422]",[0.49390386704779676],"[0.006255208197546751, -0.03861021872317904, 0.0, -0.9992345251285811]",[0.490890242862],"[-3.3146993588000013, -0.5925602043984123, -0.2565473406710481]","[936.8385227190959, 1178.7284578073934, 920.1339610529786, 1125.8385227190959]"
41,0.8200000000000003,"[-0.09583460346131825, -0.03760656351933648, 2.1699645103438536]","[0.21115036444454063, 0.0, 2.196596999319016]","[0.2166667378864762, 0.04837383703575617, 0.1332969048842259]","[-0.08787178503573138, 0.0, 0.10529310731101753]","[0.006847591747176178, -0.03744595222829028, 0.003600501833842508, -0.9992677065708118]","[[0.9971676759562871, 0.006682901233128423, 0.07488637114033385], [-0.007708559606902797, 0.999878295607382, 0.013415506162132038], [-0.07478775207376138, -0.01395480304080379, 0.9970998241577261]]","[-0.005579693668241629, -0.3024828499354893, -0.0022975931993870578]",[0.496319751134655],"[0.005950858493392079, -0.039789203862244875, 0.0, -0.9991901999132098]",[0.490890242862],"[-4.030238623125362, -0.057610829549561704, -0.0072132560455848704]","[932.967673698736, 1183.0901618785408, 911.5209517525428, 1132.1620630633724]"
42,0.8399999999999963,"[-0.09087224232016308, -0.03662543568948127, 2.1727737222589827]","[0.20937741956923064, 0.0, 2.198721335199675]","[0.1998441350279157, 0.0514932022395454, 0.14146208708772048]","[-0.08985624183350484, 0.0, 0.10765653829679026]","[0.006741538395407362, -0.03422721454582211, 0.003626638157216649, -0.9993841999574916]","[[0.9976295727447232, 0.006787321584513535, 0.06846117309206594], [-0.007710297908627556, 0.9998816804959811, 0.013226514466979557], [-0.06836337661053345, -0.013723033356128036, 0.9975649810734964]]","[0.00867991209561328, -0.27063175201084083, 6.68369570658257e-05]",[0.49480560774013893],"[0.0045505180032489765, -0.04247348763223651, 0.0, -0.9990861440007448]",[0.490890242862],"[-3.448810510016335, -0.7316522611926128, 1.1467696740315816]","[943.4499554523657, 1176.7737064868973, 894.541010241448, 1151.719261101304]"
43,0.8599999999999994,"[-0.08680841001361127, -0.03574023716278769, 2.1752413915596818]","[0.20755885782451708, 0.0, 2.2008999793617616]","[0.1919502011836122, 0.04251452902210345, 0.14917776360924517]","[-0.09184016670026908, 0.0, 0.11001741843196018]","[0.0064319653362037935, -0.0318572028154989, 0.0036653763696719347, -0.999464683664287]","[[0.9979427077150802, 0.00691701961921402, 0.06372744941635101], [-0.007736637316084831, 0.9998897301013636, 0.012623507123369616], [-0.06363314712133554, -0.013090581676984719, 0.9978868373267706]]","[0.027648074003055956, -0.22267477342454492, -0.0010772157996781363]",[0.4933911435412476],"[0.006798914096463792, -0.04248739069168281, 0.0, -0.9990729782529608]",[0.490890242862],"[-2.6908717400933475, -1.42350575236041, 0.38880430304347513]","[963.0338657400893, 1165.0892729583366, 882.4858047126455, 1171.9182379602676]"
44,0.8800000000000026,"[-0.08309278649876443, -0.0349543889456648, 2.1776671454558345]","[0.2057022893420392, 0.0, 2.203123834212629]","[0.18161641729828054, 0.03742270843546053, 0.14717437308689232]","[-0.09382361409751423, 0.0, 0.11237600910812948]","[0.006175106573409469, -0.02997133081579477, 0.0037278503967700634, -0.9995244850469551]","[[0.9981751506101233, 0.007082003172458482, 0.059960197746637973], [-0.007822307820196259, 0.9998954480694769, 0.012120883160847558], [-0.05986811825267884, -0.012567797710741109, 0.9981266804648987]]","[0.02614180694110761, -0.16931116706710467, -0.004991517629912489]",[0.4943021424774526],"[0.007964355277379938, -0.04297000769757945, 0.0, -0.9990445307671013]",[0.490890242862],"[-3.419838082993592, -0.7656399212098961, -1.186654905633958]","[970.0086668701567, 1157.7760635525187, 892.951199622234, 1162.2208793233283]"
