,t,p,p_d,v,v_d,q,R,w,T_sp,q_sp,hover_throttle,fa,pwm
0,0.0,"[-1.4457307715857484, -0.054315601633482306, 1.8426622949845566]","[0.2498214447906757, 0.0, 2.1502142662441486]","[-0.06699100012445085, 0.004130810097544554, 0.015223204141446973]","[-0.005898297060004484, 0.0, 0.007077956211354205]","[0.008709937326205475, -0.23212597342717672, -0.00616355601099941, -0.9726272269457019]","[[0.8921591286420972, -0.016033290142876033, 0.4514367152999684], [0.007946079421535444, 0.9997723377046731, 0.019804487254568515], [-0.4516514520462179, -0.014081601499263859, 0.8920833814710458]]","[-0.10297852366643337, -0.03438647507747967, 0.009972107559471498]",[0.6614671004473273],"[0.003748148686339159, -0.3154723030011024, 0.0, -0.9489146702262102]",[0.46125324037199994],"[-16.791757502912393, -0.7366528600299184, -7.24452553141073]","[1122.1280607166252, 1238.3036057259208, 1128.8270028514657, 1203.7767987377906]"
1,0.019999999999999574,"[-1.4466527134865397, -0.05428747532963191, 1.8429843915752784]","[0.24967940934940058, 0.0, 2.15038470875943]","[-0.07790569234411111, 0.0009198789900938583, 0.004592432062993852]","[-0.0078877335827335, 0.0, 0.009465279081337073]","[0.008760918597961178, -0.23203344948729462, -0.006049204618837279, -0.9726493444937271]","[[0.8922473864812637, -0.01583316214036566, 0.45126837191037483], [0.007701857488516361, 0.9997729224538493, 0.019849839091666266], [-0.451480358267367, -0.014235367834213109, 0.8921670648449446]]","[-0.09349710692309707, -0.028781809221457857, 0.011253867268210772]",[0.6857352944731889],"[0.006660849967819338, -0.3239405404437167, 0.0, -0.9460488390092386]",[0.46125324037199994],"[-17.401329361626544, -0.7654283112000949, -8.465154229164064]","[1095.7633555892953, 1285.7395750145056, 1100.959988635134, 1258.0089071252485]"
2,0.03999999999999915,"[-1.448441165352604, -0.054185091156328705, 1.8436460854378924]","[0.2494915452469548, 0.0, 2.1506101456343814]","[-0.07662313406716795, 0.009396542796790273, 0.02194571104919091]","[-0.009877169690700963, 0.0, 0.011852599960431877]","[0.009728096460491156, -0.231686705541232, -0.0059512994376861635, -0.9727231268664281]","[[0.8925707699119994, -0.016085674436126032, 0.45061824370490705], [0.00707019195565197, 0.9997389572396093, 0.021683162735828168], [-0.45084982296488735, -0.01616781489420059, 0.8924523341205042]]","[-0.06280341594354333, -0.017955995908134254, 0.0024691215088317106]",[0.6931937719712405],"[0.0035857832792196304, -0.3276344359638289, 0.0, -0.9447858934587288]",[0.46125324037199994],"[-17.7937357520095, -0.7159509993779177, -7.535961281394215]","[1091.5965642009696, 1392.8305474554359, 1092.8227012588882, 1372.4146985352027]"
3,0.05999999999999872,"[-1.4503427866201495, -0.05403930040604334, 1.844411487828905]","[0.2492917764926908, 0.0, 2.1508498680679917]","[-0.08243531586852884, 0.0021838010183235935, 0.023580998590834165]","[-0.011866605585352892, 0.0, 0.014239919815582567]","[0.01043135815104236, -0.23147794920878706, -0.0057700058185245874, -0.972767127115258]","[[0.8927693628918963, -0.016055002751580272, 0.45022790129027357], [0.006396485182517671, 0.9997158183659574, 0.022965822828589295], [-0.45046865727918006, -0.017623306373409937, 0.8926183223604374]]","[-0.03577085926720789, -0.0009499226359516236, -0.006874429175779073]",[0.7277187194740469],"[0.012228754266109058, -0.3318362790328097, 0.0, -0.9432383150934122]",[0.46125324037199994],"[-19.027851794452435, -1.6989309851595036, -9.143804000906158]","[1091.6606822308263, 1505.011569966408, 1099.9195092951095, 1490.011569966408]"
4,0.0799999999999983,"[-1.4518041958683983, -0.053844045147966105, 1.8453152077387038]","[0.24902171743715995, 0.0, 2.1511739386612954]","[-0.08248840420062377, 0.0025084948403655914, 0.04781263873630888]","[-0.013856039603467376, 0.0, 0.01662723066342322]","[0.010576249644986204, -0.2327468033974638, -0.005568578174651548, -0.9724632617346464]","[[0.8915945689255155, -0.015753651983500216, 0.45255764183453473], [0.005907298796283815, 0.9997130037958847, 0.02316216599260442], [-0.45279322052630566, -0.017977890914128297, 0.8914328729381837]]","[-0.019203154007173324, 0.13238589605000953, -0.017797541330661755]",[0.7400008144918535],"[0.014520345577949081, -0.33650574771275804, 0.0, -0.9415606882323289]",[0.46125324037199994],"[-18.04162529441961, 0.1475235580219647, -7.3226579373612175]","[1188.1487851485485, 1576.8892358513956, 1194.258340678307, 1558.9022473474174]"
5,0.10000000000000142,"[-1.4532910922361855, -0.053633874133171305, 1.846593043659949]","[0.24873730709926292, 0.0, 2.1515152307046237]","[-0.07002704961270581, 0.014722773042737246, 0.08026387233672636]","[-0.015845472959681986, 0.0, 0.019014538334222914]","[0.010683798147121304, -0.2353809278996518, -0.0053721688259604295, -0.9718290490789818]","[[0.8891328027598108, -0.015471184085973734, 0.4573852563293963], [0.005412134800525762, 0.9997128781119161, 0.023294662953913668], [-0.4576148369987916, -0.01823663862156107, 0.8889622360699032]]","[-0.00461770420075866, 0.35336368650924344, -0.027657378358703577]",[0.7443676775363539],"[0.009136412122856137, -0.3403550466103643, 0.0, -0.940247920083924]",[0.4614268548505102],"[-16.971584384029715, -0.5640986698417201, -6.152628936137084]","[1298.103157615988, 1611.8834009169277, 1292.8398609708918, 1607.0166570118674]"
6,0.120000000000001,"[-1.4543455172426079, -0.05331611433499016, 1.8487889858470419]","[0.24839819621778528, 0.0, 2.1519221629283027]","[-0.049103236033063824, 0.008828630832873309, 0.12735398902325523]","[-0.017834903026985337, 0.0, 0.0214018302179595]","[0.010563335787228813, -0.24030391520089714, -0.00517515891099784, -0.9706245694344021]","[[0.8844508849220382, -0.015123094673989444, 0.46638043456788547], [0.004969450884978105, 0.9997196601178906, 0.022993288396739142], [-0.466599102333202, -0.01801884460434077, 0.8842812813356389]]","[0.00982453767237234, 0.7075811856185326, -0.04072821952634801]",[0.7432435958167937],"[0.010436390177859748, -0.34509773177785213, 0.0, -0.9385053797663805]",[0.461497934424],"[-15.610214377794513, -1.0461620019648579, -3.0739267358325364]","[1409.4456060434347, 1586.3930964980682, 1383.1189692255284, 1606.8587404579514]"
7,0.14000000000000057,"[-1.454794712403815, -0.05290016927817046, 1.8526313622385189]","[0.24801555880867301, 0.0, 2.1523813262719442]","[-0.0120057279818667, 0.015473851670777432, 0.1964397563566461]","[-0.0198243288008359, 0.0, 0.023789101493529242]","[0.010212702987312977, -0.25037074707746004, -0.0047469349044902045, -0.9680537255170563]","[[0.8745242704066462, -0.014304500191384902, 0.4846477108650883], [0.004076651884929872, 0.9996866937862829, 0.02214987762566556], [-0.48484162701020694, -0.017395903072204427, 0.874360738584007]]","[0.011417451612789096, 0.8684997897433527, -0.047168274736115595]",[0.7328872061710378],"[0.009405714627914253, -0.34953247365508805, 0.0, -0.9368710544736322]",[0.461497934424],"[-14.584218032464943, -0.2496540279267706, -1.1280783406863648]","[1435.0501185989824, 1598.3625103899135, 1406.9461271628231, 1604.3227724067988]"
8,0.16000000000000014,"[-1.4548182547946227, -0.052498022115589085, 1.8569418775007147]","[0.2476071628125459, 0.0, 2.1528713993396367]","[0.03023962665892327, 0.016293682626692244, 0.25765608902361226]","[-0.02181375134581018, 0.0, 0.026176357270546544]","[0.009972265810822292, -0.26024076554809744, -0.004342892749467556, -0.9654806013409335]","[[0.8645081208805591, -0.013576337584345257, 0.5024282046678329], [0.0031955772289152086, 0.9997597408158754, 0.021516453851158114], [-0.5026014385913752, -0.01699566291589924, 0.8643469501446224]]","[0.013317736472934712, 0.9715999358032886, -0.050843768303474]",[0.72265964090637],"[0.010463622538792725, -0.3535051819214967, 0.0, -0.9353730717517389]",[0.461497934424],"[-14.49596002768006, -1.1546893346514533, -1.735705172540655]","[1439.5635746514108, 1608.9375235009036, 1419.9830499846425, 1595.1331392828213]"
9,0.17999999999999972,"[-1.4538152461866956, -0.052010138723807414, 1.8623439918991438]","[0.24714853860174932, 0.0, 2.1534217446621566]","[0.07648295817622894, 0.014287774604395734, 0.31030229523201835]","[-0.023803165739912154, 0.0, 0.028563573923290696]","[0.009724277155427332, -0.26983101135870746, -0.004028005396147253, -0.962840980443837]","[[0.8543323156699106, -0.01300448040888164, 0.5195303721798287], [0.0025088342505563115, 0.9997607419192454, 0.020899626640480007], [-0.5196870499432514, -0.01655210356127703, 0.8541756421924622]]","[0.001712734111030366, 1.0754319311303495, -0.043449630852679354]",[0.7123575887609204],"[0.011545139853763922, -0.35582651317664593, 0.0, -0.9344801740763095]",[0.461497934424],"[-14.704334825914703, -0.17697878912196485, -1.3372706523147215]","[1439.5182481292493, 1585.5863086052598, 1445.7006065344965, 1551.0850016126726]"
10,0.1999999999999993,"[-1.4517736262748768, -0.05142517064804891, 1.869521328570917]","[0.24665397930718158, 0.0, 2.1540152103467176]","[0.1222973925150079, 0.024827068752496576, 0.3635714456176037]","[-0.025792572186906722, 0.0, 0.030950752429990427]","[0.009641666788526477, -0.28088320959146734, -0.00373713496983967, -0.9596787307029978]","[[0.842166884293991, -0.012589262515388586, 0.5390432196928011], [0.001756533261897497, 0.9997717156778774, 0.02060520202095883], [-0.5391873485332929, -0.01640640816093852, 0.8420088931726346]]","[0.002905985347700312, 1.1087712017400007, -0.04489232426730792]",[0.7008384036156744],"[0.009014160176970402, -0.3590350531338981, 0.0, -0.9332791868679724]",[0.461497934424],"[-14.996640803202087, -0.14011129414323686, 0.08214062236200448]","[1447.5013901889608, 1523.7785916512858, 1430.7128153921726, 1514.0149357762261]"
11,0.21999999999999886,"[-1.4489369825126959, -0.05088049933165751, 1.8768714904819743]","[0.24611637969334207, 0.0, 2.154660321622535]","[0.17111572830226945, 0.023852207200261592, 0.41530564177505586]","[-0.02778196670128006, 0.0, 0.033337873660524535]","[0.009483739468059874, -0.2884942382578791, -0.0035545364393905813, -0.9574225477283885]","[[0.8335063159757236, -0.012278395054937684, 0.5523543566005968], [0.0013343782802412163, 0.9997842843631153, 0.020210818571888035], [-0.5524891977906805, -0.016108965442120593, 0.8333517028057253]]","[-0.006629408013711602, 1.078756554124295, -0.031433463736220656]",[0.6877107724283276],"[0.009579073310031948, -0.3613254092627604, 0.0, -0.9323898971297584]",[0.461497934424],"[-14.864898508666048, -0.3386220865177657, -1.7710792830163022]","[1456.7439812673356, 1479.9587479865484, 1411.838749629928, 1502.429161387765]"
12,0.23999999999999844,"[-1.444879483890416, -0.05026000873066338, 1.8854238618739456]","[0.245541698718914, 0.0, 2.155349927244582]","[0.22125850155359192, 0.03185478956094459, 0.434082282872598]","[-0.02977134824525849, 0.0, 0.035724932634033965]","[0.009481629489570688, -0.29837090152434503, -0.0033874991471910384, -0.9543868507850631]","[[0.8219074922222853, -0.012124053963695529, 0.5694582921198199], [0.0008078846088034409, 0.9997780793796311, 0.02011974736664499], [-0.5695867681670594, -0.01607682266880363, 0.8217506399276747]]","[-0.0018317206827492428, 1.0936021264089657, -0.029524544004250333]",[0.6814048661661888],"[0.007662642840461782, -0.35954849946119843, 0.0, -0.9330934823001256]",[0.461497934424],"[-14.611711041032464, -0.25258464327334396, -2.363976956573133]","[1449.5787860382673, 1445.8026345684293, 1433.657469857166, 1438.653270123946]"
13,0.26000000000000156,"[-1.440262068716359, -0.04965180592432262, 1.8936217574690506]","[0.24492401454938745, 0.0, 2.1560911315942297]","[0.27956962329441293, 0.030337982047526867, 0.4657729496737896]","[-0.03176071107805345, 0.0, 0.03811190179479642]","[0.009739416934005771, -0.3101805290257396, -0.0032787890948899425, -0.9506125156739794]","[[0.8075363001536098, -0.01227567089369979, 0.5896591190324206], [0.00019176090573116283, 0.9997705088425564, 0.02055085633769954], [-0.5897868530085558, -0.016482790193632385, 0.8073680885850385]]","[-0.024468190690019848, 1.094771015622879, -0.015767068686916106]",[0.6682134497765985],"[0.008708614099528748, -0.35957740769028657, 0.0, -0.9330723335887663]",[0.461497934424],"[-14.220903896907691, -1.0458061655029982, -0.9517277813604998]","[1406.5227462547127, 1435.3100827325716, 1416.2507343561228, 1403.924590790036]"
14,0.28000000000000114,"[-1.434186713901243, -0.048947777950473996, 1.9029415253670905]","[0.24426681571823314, 0.0, 2.1568797477304313]","[0.33665544623806126, 0.029698737850103307, 0.479650096227823]","[-0.03375005369765667, 0.0, 0.04049877393352352]","[0.00998792036103082, -0.31797272460426784, -0.0032004989063072233, -0.9480284404336664]","[[0.7977407856387172, -0.01242010047416701, 0.602830439757672], [-0.00028344452714264105, 0.9997545757169638, 0.020973007840750395], [-0.602958305070439, -0.016902322411424447, 0.7975617549189392]]","[-0.029317543857066815, 0.977661956340623, -0.01356692277927873]",[0.6593030365407987],"[0.009020034858214869, -0.3558917773301885, 0.0, -0.9344804797838882]",[0.461497934424],"[-16.251527201976742, -0.6653382328722369, -3.813521883937277]","[1406.9541863270354, 1407.515288759409, 1380.3002329158548, 1403.8727789781638]"
15,0.3000000000000007,"[-1.4266670518051794, -0.04820532090950279, 1.9129811398502348]","[0.24357348022762984, 0.0, 2.157711720567501]","[0.37500297630754187, 0.03147558936554616, 0.4683283923037515]","[-0.035739372878745714, 0.0, 0.0428855335698709]","[0.009941566696024766, -0.32906536826790306, -0.00291376746498442, -0.9442362232164255]","[[0.7833883733482603, -0.012045420184910194, 0.6213729462220342], [-0.001040281039039045, 0.9997587370380986, 0.02069201470764151], [-0.6214888158763937, -0.01685673485199298, 0.7832076839331972]]","[-0.008893781916894515, 0.9131619960802649, -0.029138489038216666]",[0.6660592643484249],"[0.008352091140331456, -0.3536475998771738, 0.0, -0.9353375434558864]",[0.46400551232299997],"[-16.9275970371395, -0.6434857088729662, -3.64126953464109]","[1421.0478929528897, 1371.246845629657, 1378.251051456781, 1381.386318661202]"
16,0.3200000000000003,"[-1.4183110205182672, -0.04747648083211268, 1.9226024595969997]","[0.24283945963440823, 0.0, 2.1585925063122495]","[0.4322623004311046, 0.030806053306015588, 0.47246066503859935]","[-0.03772866328635899, 0.0, 0.04527215509674505]","[0.009757245692477148, -0.3379749336293067, -0.0026219830080098996, -0.941088253429805]","[[0.7715083740304356, -0.011530443749700931, 0.6360773133196956], [-0.0016603741115782805, 0.9997720778668974, 0.020137187680256245], [-0.6361796466493382, -0.016592529547818983, 0.7713317159332175]]","[0.011689281338258719, 0.8985895208708432, -0.05131585934720464]",[0.6573147959537816],"[0.00862227570728134, -0.3490304889943056, 0.0, -0.9370682395434734]",[0.46400551232299997],"[-16.091208869784182, -1.1208126453792226, -3.7422731785037264]","[1441.3573734248225, 1331.1232378680338, 1391.625587377322, 1348.6930086332127]"
17,0.33999999999999986,"[-1.4096987091014965, -0.0468052214892734, 1.931186453207734]","[0.2420668180618114, 0.0, 2.159519625548934]","[0.4809541731641804, 0.027675219534500608, 0.44622399093452536]","[-0.03971791973085456, 0.0, 0.04765861360540971]","[0.009127612066672681, -0.34476178677382197, -0.002101050377698871, -0.9386406676029941]","[[0.7622645121480662, -0.010237966348550325, 0.6471765122572023], [-0.0023494410317871604, 0.9998192647829435, 0.018583819532400136], [-0.6472532225483231, -0.01568637200313103, 0.7621067143693662]]","[0.031668067371860294, 0.796950823137222, -0.07707565786203774]",[0.6572421352334266],"[0.009758238977507716, -0.34244880607917816, 0.0, -0.9394833333411566]",[0.46400551232299997],"[-17.83269896188581, -0.5475612044984612, -5.4747986033769465]","[1424.6984810846682, 1316.481561265446, 1351.8796096836386, 1333.3492405423342]"
18,0.35999999999999943,"[-1.3997326719113712, -0.046070704745047424, 1.9397535509095498]","[0.2412523410997145, 0.0, 2.1604969322749583]","[0.5234018868927474, 0.03387080575882589, 0.4243101626100217]","[-0.0417071344479791, 0.0, 0.05004487182998115]","[0.008613331047469405, -0.3504678669351483, -0.0015666942928119103, -0.93652735505636]","[[0.7543274959555147, -0.008971895643283843, 0.6564184999928492], [-0.0031028873943677125, 0.9998345685201938, 0.017231392302105217], [-0.6564724778192258, -0.015035088274340174, 0.7541840260740624]]","[0.037504785010761016, 0.695116222184343, -0.08919900669739712]",[0.6548337406714774],"[0.008158544994871533, -0.3375341502227739, 0.0, -0.9412737886066799]",[0.46400551232299997],"[-18.576712171942955, 0.5296659672943946, -5.0970748429801915]","[1439.2818291945512, 1318.7445994785658, 1355.4557194464148, 1330.177244746186]"
19,0.379999999999999,"[-1.389202839751541, -0.04519530756179111, 1.9474931432220735]","[0.2403984077224616, 0.0, 2.161521569219869]","[0.5645541237905638, 0.043721457046341144, 0.39293249788585793]","[-0.04369630297922348, 0.0, 0.05243090837228784]","[0.007769018808639738, -0.35716437321670386, -0.0008264307259064282, -0.9340073010111604]","[[0.7448629235123756, -0.007093418130146304, 0.6671754233792455], [-0.0040058488030400765, 0.9998749871964395, 0.015102983802375873], [-0.6672011056026599, -0.013922297353474293, 0.744743574181367]]","[0.034814360164312635, 0.6225937674906598, -0.08400630344619836]",[0.6538559526193672],"[0.00560611454841749, -0.33165481536632196, 0.0, -0.9433784465954477]",[0.46400551232299997],"[-18.798981212768403, 0.8723701493124737, -5.727171817856103]","[1449.2176042625515, 1278.6251428151425, 1376.664028152385, 1301.45654747976]"
20,0.3999999999999986,"[-1.3781688748254883, -0.04418066590038765, 1.9544177214250646]","[0.23950522104002628, 0.0, 2.1625932892993136]","[0.6062322008503992, 0.05384299303552888, 0.35728804191803576]","[-0.04568541886120394, 0.0, 0.054816692211874275]","[0.007372909787062667, -0.36098243013532344, -0.0003856606650045575, -0.9325420560049641]","[[0.7393805824161416, -0.006042271363131967, 0.6732569082775427], [-0.0046036922052776, 0.9998884925514926, 0.014029530351254984], [-0.6732682820427086, -0.013472663455011183, 0.7392721602869823]]","[0.016371196334406802, 0.5301356590068561, -0.06725956578469078]",[0.6532155090510218],"[0.003008704212010697, -0.3250411162895979, 0.0, -0.9456919057740263]",[0.46400551232299997],"[-19.808790165116044, 0.4497789806846637, -6.493773585693738]","[1450.0861654156915, 1280.09159092751, 1375.114934778238, 1297.9499566790864]"
21,0.4200000000000017,"[-1.3666786481177584, -0.042994992651001526, 1.9605175876384853]","[0.23857205220353872, 0.0, 2.163712962613241]","[0.636511008617654, 0.05815891079042285, 0.3134637559335264]","[-0.04767447347977133, 0.0, 0.057202182005870794]","[0.007378113434732743, -0.3647001586275002, -6.8011241799330285e-06, -0.9310952592831984]","[[0.733986612668323, -0.005394263269000908, 0.6791410771568603], [-0.00536893329107398, 0.9998901509584591, 0.0137444136252012], [-0.6791412778747231, -0.013734492140932131, 0.733877739645122]]","[-0.025169361903455978, 0.3755369293486189, -0.025884483819541188]",[0.6559686740006907],"[0.001810319764164928, -0.3193052752420848, 0.0, -0.9476486328985513]",[0.46400551232299997],"[-21.2446802045827, -0.07953236750871578, -5.838638308332111]","[1417.3985719800467, 1306.2806180652087, 1412.0873172876093, 1244.509986106894]"
22,0.4400000000000013,"[-1.355784612421676, -0.041784722282633045, 1.9654033582094557]","[0.23760002077970366, 0.0, 2.1648792421220615]","[0.6656444387503458, 0.06204289239697586, 0.2821175747503798]","[-0.04966346093890209, 0.0, 0.05958734945868042]","[0.008034936700069266, -0.3672756317020673, 5.128321125654346e-05, -0.9300772397626735]","[[0.7302168398602075, -0.0058066782092648225, 0.6831902356458145], [-0.005997467599551431, 0.9998704987289644, 0.014908553347716541], [-0.6831885874163895, -0.01498389364295637, 0.7300877247045947]]","[-0.0639763268778076, 0.3107259049061286, 0.014255132443452341]",[0.6564927586421485],"[0.0008022810722266142, -0.31485618038772634, 0.0, -0.9491383304922277]",[0.46400551232299997],"[-20.286263286913744, 0.28194356558352385, -6.067539256355953]","[1413.2219200822449, 1307.8039991049332, 1417.0994530097032, 1236.0092053058106]"
23,0.46000000000000085,"[-1.339609230765613, -0.03992631025243184, 1.9712262174949648]","[0.23658608986108937, 0.0, 2.1660957636232125]","[0.707787151117179, 0.07079252791698179, 0.2332859780449265]","[-0.051652365360440364, 0.0, 0.0619721183666533]","[0.009259254773026545, -0.3699640787493994, -8.432631732427948e-05, -0.9289999158636134]","[[0.726253150797733, -0.007007861607416178, 0.6873916344637903], [-0.0066945050406188025, 0.999828522329613, 0.017266089226809254], [-0.687394757659215, -0.01714129839359643, 0.7260816974216849]]","[-0.06558762445061408, 0.09657389684116942, 0.0442102360546783]",[0.6577371684866106],"[-0.0015102522448854155, -0.30622244126935777, 0.0, -0.9519554060370385]",[0.46400551232299997],"[-20.026255217471444, 0.6713026455280248, -7.147241127958971]","[1410.8876046629887, 1309.2247906740229, 1412.0430231957555, 1242.2063038922977]"
24,0.4800000000000004,"[-1.3243460316105355, -0.038098454341527505, 1.975481815993165]","[0.23553143644701863, 0.0, 2.1673611094529788]","[0.7420853320556201, 0.07965766225081618, 0.1890340711872875]","[-0.053641178817155605, 0.0, 0.06435645068940395]","[0.009683511841219619, -0.3698210741886194, -0.00020302937867316595, -0.929052441680138]","[[0.7264645416584523, -0.007539583382054323, 0.6871624118446317], [-0.006785083622097898, 0.9998122546833429, 0.018143149726072748], [-0.6871702759942017, -0.017842811554421717, 0.7262770832971515]]","[-0.05203047202699016, -0.01200000405835588, 0.043470668952657436]",[0.6601422856854712],"[-0.0037005539468460617, -0.299251524929642, 0.0, -0.9541635383012937]",[0.46424229203428197],"[-21.33129558926733, 0.06224737576287287, -6.403158120700642]","[1402.2815952697729, 1326.1998739873527, 1416.25895123092, 1251.9190915089255]"
25,0.5,"[-1.3104170467126934, -0.036459229348221794, 1.978479107632393]","[0.23444043876187384, 0.0, 2.168670024625828]","[0.7717451986890205, 0.08051787279195707, 0.14873001110485104]","[-0.05562990209770379, 0.0, 0.06674035021881733]","[0.010113966840438877, -0.3689340800090957, -0.000432803876786321, -0.9293997441346405]","[[0.7277736340114311, -0.00826726972773101, 0.6857657243978886], [-0.00665827847834826, 0.9997937601452479, 0.019119188587593327], [-0.6857832338541215, -0.0184804841871672, 0.7275694239993237]]","[-0.027011426539512197, -0.12122978021723516, 0.040345669749569414]",[0.6637282364248793],"[-0.003928187482019787, -0.2932224891565069, 0.0, -0.9560322612509634]",[0.465241409614],"[-20.812113506576825, -1.3397212365659068, -6.334764397212673]","[1398.0118781302174, 1331.0445044372198, 1432.9673736929976, 1240.2907828837529]"
26,0.5199999999999996,"[-1.2940152242387102, -0.03460402641904387, 1.9810645196005146]","[0.23330759307300653, 0.0, 2.17002909911926]","[0.8130294230163301, 0.07345382206453628, 0.10978794693372255]","[-0.05761850960433501, 0.0, 0.0691236941112739]","[0.0099004246390068, -0.36544751064948644, -0.0006968807516918309, -0.9307778751180994]","[[0.7328931025347083, -0.008533453447936603, 0.6802871160283269], [-0.005938888706854898, 0.999800831798456, 0.018939539088373897], [-0.680314713689785, -0.017920845744672606, 0.7326980370042071]]","[0.04147544398660059, -0.32820481037778587, 0.004923597014666498]",[0.6642491569123558],"[-0.002397148898999012, -0.28494993544056574, 0.0, -0.958533470103618]",[0.465241409614],"[-19.000389637929118, -0.8704215315257428, -5.377756644775211]","[1381.7064961135866, 1343.2864653932595, 1405.4181254920315, 1275.4759142137389]"
27,0.5399999999999991,"[-1.2763438743749462, -0.032674448182904464, 1.9829878359186257]","[0.23213375190972274, 0.0, 2.171437301743978]","[0.8610953189708654, 0.07855167186100599, 0.08492802208526302]","[-0.05960699005176728, 0.0, 0.07150642821891576]","[0.009133947958020317, -0.3613327066901484, -0.000810871012217115, -0.9323895893173648]","[[0.7388717928368769, -0.008112883657017813, 0.6737908950882661], [-0.0050886928967359265, 0.9998275846743347, 0.017618784406091475], [-0.673820520902771, -0.016446807535607514, 0.7387062498498741]]","[0.08844628232742317, -0.437958327842054, -0.021140642560450576]",[0.660926010372577],"[-0.003711441075048533, -0.276320714114374, 0.0, -0.9610535518056798]",[0.465241409614],"[-19.34967609486436, -0.07936619193538808, -4.529905878724577]","[1380.5092161105601, 1350.121190675389, 1392.024972078557, 1303.0821206592173]"
28,0.5599999999999987,"[-1.2594668212942368, -0.03089103114834907, 1.984196976780158]","[0.23092197194913724, 0.0, 2.1728909607353786]","[0.8947972739611023, 0.07927234479508549, 0.05820229188198447]","[-0.06159534062249623, 0.0, 0.07388853903446892]","[0.008070047040435164, -0.35692285975838595, -0.0008634426754208526, -0.9340956376124877]","[[0.7452051125145566, -0.007373844608991782, 0.6667862364829493], [-0.004147692463235489, 0.9998627168322958, 0.015692756329493393], [-0.6668141085749788, -0.014460026613698822, 0.7450763522625944]]","[0.12637593140854841, -0.5037939111223975, -0.041426507432788244]",[0.6607894360724577],"[-0.004034139244439454, -0.2696701970386988, 0.0, -0.9629391498100528]",[0.465241409614],"[-20.268415719723066, -0.8753626809408281, -5.116801397903668]","[1399.3360444839216, 1337.5430517350412, 1385.3605199719268, 1332.8838726012564]"
29,0.5800000000000018,"[-1.2417434580941598, -0.029088817631570882, 1.9849369447254661]","[0.22967057489881706, 0.0, 2.174392077175602]","[0.9286725135829128, 0.07534103048103614, 0.030894475644988494]","[-0.06358354224442071, 0.0, 0.07626993504582685]","[0.006862327499370359, -0.35238094596538966, -0.0008888582063599274, -0.9358301808187575]","[[0.751652097721603, -0.006499947583464963, 0.6595252494875258], [-0.003172666239544774, 0.9999025768031115, 0.013470379760319012], [-0.6595496480319759, -0.012217512977974168, 0.7515594947820078]]","[0.14026587107385274, -0.5699522743847056, -0.04345320017884199]",[0.6607634952996019],"[-0.0033846123864058903, -0.26253364929173356, 0.0, -0.9649116870746159]",[0.465241409614],"[-19.742753922946793, -0.9266837029012757, -5.307854313346336]","[1397.522251154004, 1329.345924100761, 1372.9394236394157, 1346.5203414749592]"
30,0.6000000000000014,"[-1.223039574966704, -0.027275550341322674, 1.985208262470107]","[0.22837868914678225, 0.0, 2.1759416834247114]","[0.9637161123840787, 0.07475030445594325, 0.004851697161082149]","[-0.06557157608028662, 0.0, 0.0786505258770944]","[0.005758050798308673, -0.3483360149841875, -0.0009049950369330669, -0.9373438373645361]","[[0.7573078262431888, -0.005708055979748127, 0.653010811940308], [-0.002314889896889323, 0.9999174746153252, 0.011425031591544628], [-0.6530316559698874, -0.0101640621325617, 0.7572431539772307]]","[0.14093556992751508, -0.5950872425027767, -0.04238070089622612]",[0.6601628261426599],"[-0.003502908724199256, -0.25491068635719394, 0.0, -0.96695166199525]",[0.465241409614],"[-19.327597604681635, 0.06652315043530288, -5.214189017785358]","[1385.6346765418843, 1331.0928773678015, 1391.1733827094215, 1322.8266172905785]"
31,0.620000000000001,"[-1.2041518046458588, -0.02550100068173473, 1.9851400670664796]","[0.22704801457220358, 0.0, 2.1775377317557862]","[0.9991672664756197, 0.08144882520080314, -0.01878334561751068]","[-0.06755943386113739, 0.0, 0.08103027187281378]","[0.0037499021375178485, -0.34048214204464394, -0.0009552833726555874, -0.9402390652424396]","[[0.7681345599563865, -0.004349938915174401, 0.6402620574972769], [-0.000757159933785063, 0.9999626145269227, 0.007702122819023629], [-0.6402763863739213, -0.006401095103098003, 0.7681082615569487]]","[0.14488385834564918, -0.6403189989048749, -0.04545648671334766]",[0.660129529408435],"[-0.005256798906884134, -0.2469656811962498, 0.0, -0.9690044797222009]",[0.465241409614],"[-18.965714783273206, 0.4684791628782157, -5.362271509452498]","[1389.447771947424, 1325.7864634669775, 1398.5546467244537, 1315.6232322321216]"
32,0.6400000000000006,"[-1.1838171793434833, -0.023624575973557483, 1.9847416113635663]","[0.22567694909575242, 0.0, 2.1791821265531315]","[1.0315604971536985, 0.08392732949362663, -0.041332560259405515]","[-0.06954709113986811, 0.0, 0.08340905575126044]","[0.002360218039265744, -0.33458628012596087, -0.0009628626513525291, -0.9423606246064784]","[[0.7761002114848916, -0.0033941208471658674, 0.6305973267169191], [0.0002353345509894095, 0.9999850279235618, 0.005092674356956414], [-0.6306064169801153, -0.003804031825803364, 0.7760909244354767]]","[0.1399607643372598, -0.699248207813163, -0.042599417806680175]",[0.6599394173550157],"[-0.006160987814229629, -0.2391751763227832, 0.0, -0.9709534012619574]",[0.465241409614],"[-19.592114474183255, -0.3357215826594777, -5.6988934122507615]","[1390.880387025363, 1320.685434158789, 1360.9040095913667, 1353.5433001936053]"
33,0.6600000000000001,"[-1.1627691270981195, -0.021713616752241545, 1.9839779048260036]","[0.22426567690722907, 0.0, 2.180874631889074]","[1.0540832907822142, 0.0805025464449011, -0.06341911815924027]","[-0.07153453013562383, 0.0, 0.08578679223067615]","[0.0016674931194528135, -0.33038101701624034, -0.0010296242644158736, -0.9438407167336764]","[[0.7816854025668323, -0.0030454187527301324, 0.6236506780088654], [0.0008417864620405176, 0.999983074309596, 0.0038280324252702638], [-0.6236575455743715, -0.0024673591787810053, 0.7816819617524771]]","[0.12646666666018683, -0.7210978450879266, -0.03537551095020415]",[0.6609786230876528],"[-0.00580208374954165, -0.23286810948689202, 0.0, -0.972488105325034]",[0.465241409614],"[-20.18585210434527, -0.43423614152396517, -5.009061261500015]","[1383.4194571757043, 1329.978336801585, 1367.7400110022509, 1344.3832579933423]"
34,0.6799999999999997,"[-1.141838259317929, -0.019882135526802014, 1.9830154015786394]","[0.22281503355338036, 0.0, 2.1826142318882393]","[1.0754524555299851, 0.08064609985102397, -0.07243894781192609]","[-0.07352173651356968, 0.0, 0.08816341257333066]","[0.000603705028848669, -0.32345229801827813, -0.0011630191799174244, -0.9462383068654797]","[[0.7907445561324937, -0.0025915261571268704, 0.612124505416073], [0.001810447041501699, 0.9999866053995801, 0.0018948601014551285], [-0.6121273138981832, -0.00039013519592063183, 0.7907465324401958]]","[0.10336365882743605, -0.7422357387924452, -0.018464344404879256]",[0.6610011425301597],"[-0.006251387239648647, -0.22742069515170815, 0.0, -0.973774058599575]",[0.4654868132913989],"[-19.74120390405298, 0.10395877602331065, -3.6985504249229244]","[1371.113060822894, 1341.9132144253028, 1377.7480679034402, 1334.5954201479274]"
35,0.6999999999999993,"[-1.1216454276286236, -0.01818234643392508, 1.9820152362252113]","[0.22132649868573018, 0.0, 2.184399141137913]","[1.0965254337476558, 0.08181071194442802, -0.0732392404994461]","[-0.07550870127962701, 0.0, 0.09053887367108873]","[-0.00032646988592088333, -0.3153204404745313, -0.001404400517057772, -0.9489765117602128]","[[0.8011275739333029, -0.0024596009511229614, 0.5984643003653822], [0.0028713714640439332, 0.999981321130235, 0.0002660478722107233], [-0.5984624663874758, 0.0015052968863545411, 0.8011313054497547]]","[0.0823546111703581, -0.7900494347960352, -0.0015860068168566128]",[0.6609215408128137],"[-0.006935587412205627, -0.22229917825622209, 0.0, -0.9749523851838126]",[0.466369853203],"[-19.296531005615574, -0.12834446530808685, -3.58085481941405]","[1362.3928977480612, 1351.0882018545378, 1364.7731952311888, 1352.7583054311463]"
36,0.7199999999999989,"[-1.1006482538805338, -0.01651032134705608, 1.981054594417594]","[0.2197889891590903, 0.0, 2.186242583995393]","[1.1165229013129478, 0.07862107158016683, -0.07347158284751817]","[-0.07749532218297424, 0.0, 0.0929126850249386]","[-0.0012077737899141147, -0.3050268386598987, -0.001851527951389615, -0.9523200022147307]","[[0.8138700448771855, -0.0027896873636284137, 0.580970791790156], [0.004263301047443562, 0.9999498720478341, -0.0011708428411661808], [-0.5809618468824321, 0.0034299057119774323, 0.81387398375364]]","[0.07698138796799112, -0.8447708372402082, 0.01192042943646019]",[0.6603219078943996],"[-0.006711659815467231, -0.21677072983450626, 0.0, -0.9761918656235564]",[0.466369853203],"[-18.63061112862395, -0.4373677703562461, -3.4655216115489154]","[1346.7201005455852, 1362.6416521416636, 1344.9617204704634, 1377.7556054559295]"
37,0.7399999999999984,"[-1.0765146085692243, -0.014656898128141365, 1.980070869791988]","[0.2182257360940209, 0.0, 2.1881167834157367]","[1.1374075622393425, 0.07506466116981743, -0.06526769591538092]","[-0.07948174975647126, 0.0, 0.09528556888555983]","[-0.0017927189333030449, -0.29694596684907326, -0.002260726405799142, -0.9548882174401687]","[[0.823632703535424, -0.0032528007016303, 0.5671085156151794], [0.005382163329383548, 0.9999800903089381, -0.002081065196483457], [-0.5670923042270566, 0.0047663195498884835, 0.82363649762084]]","[0.07681759409308085, -0.8717539756697396, 0.019706214995710316]",[0.6569270067182029],"[-0.006445960399513002, -0.2111991133602925, 0.0, -0.977419356940294]",[0.466369853203],"[-17.99147408194988, -0.4956051036358375, -2.7143429429892656]","[1332.5003794532427, 1372.4886918610503, 1337.4489449453279, 1390.2788915957735]"
38,0.7600000000000016,"[-1.0522870487080513, -0.012974416666678765, 1.9794117541143763]","[0.21661469814802342, 0.0, 2.190048048678445]","[1.1569505362068924, 0.07028129748207881, -0.052776121474156716]","[-0.081467792911019, 0.0, 0.0976566086034314]","[-0.0024864695446120627, -0.29011373660941164, -0.0025800973472145023, -0.9569670371725236]","[[0.8316194556937583, -0.0034954182868552853, 0.5552713965992692], [0.006380854169066916, 0.9999390509711159, -0.00326189542182138], [-0.5552457352653651, 0.006255982150687099, 0.831620404436808]]","[0.08619236090763328, -0.8852077258791462, 0.015809527818625074]",[0.6522555525809376],"[-0.005930057141213843, -0.2056392810050185, 0.0, -0.978607031651725]",[0.466369853203],"[-17.815636251800687, -0.3827832594960362, -2.442098506989435]","[1326.3087225206734, 1371.5501922931378, 1323.8597180640138, 1403.2116700948416]"
39,0.7800000000000011,"[-1.0297575720064565, -0.011530351057713955, 1.9791424452005526]","[0.2149659788478567, 0.0, 2.1920242885196717]","[1.1723020136967053, 0.06698101114550757, -0.03839842713484966]","[-0.0834535067379336, 0.0, 0.10002606856907265]","[-0.0037407140075531166, -0.2788222658600146, -0.0030737949743988415, -0.9603230046343427]","[[0.8444829620163609, -0.0038176833398487647, 0.5355418685951235], [0.007989660761929787, 0.9999386880124136, -0.005470502471320343], [-0.5354958758434553, 0.008898672389524385, 0.8444738725648775]]","[0.10581682770933844, -0.8810451291992545, 0.0034712433389775515]",[0.6489557643031442],"[-0.005734874865975628, -0.20070455262091197, 0.0, -0.9796327575734165]",[0.466369853203],"[-17.535368194125727, -0.5052628036101978, -2.4866052690504397]","[1331.3232226451194, 1346.8592911948613, 1314.3870253491891, 1398.4573492977354]"
40,0.8000000000000007,"[-1.0063255701882445, -0.010155665644629653, 1.9792660247963132]","[0.21327721079696074, 0.0, 2.1940483034254887]","[1.184424610829144, 0.059438528262668676, -0.02081795857563478]","[-0.0854388452834411, 0.0, 0.10239372846035882]","[-0.004592230737472498, -0.2714548533023686, -0.003410260629280028, -0.9624323206778767]","[[0.8525976932095793, -0.004071123460766296, 0.5225451702535115], [0.009057456745451197, 0.9999309908061079, -0.00698795897381976], [-0.5224825274387732, 0.010690886169195973, 0.8525787757984062]]","[0.10341168640504127, -0.8766416789610809, 0.00840230362745537]",[0.6443076273666468],"[-0.004643680414402673, -0.19613633267736805, 0.0, -0.9805637335193995]",[0.466369853203],"[-17.265018379377352, -0.8339646045520532, -1.8409301932703421]","[1301.8488723151572, 1356.4321912676714, 1315.68684997891, 1383.589825424743]"
41,0.8200000000000003,"[-0.9828289246661256, -0.008918720630853147, 1.9798702811124629]","[0.21154806946609916, 0.0, 2.196120451389533]","[1.1943929328408263, 0.05210823133428426, 0.0038805808361855633]","[-0.08742377688791476, 0.0, 0.10475943655983688]","[-0.00522179501707213, -0.26525273571976643, -0.0037032751129563632, -0.9641416843682951]","[[0.8592237266263509, -0.0043707729828774185, 0.511521114287371], [0.009911154637462326, 0.9998872199535908, -0.008104492776702582], [-0.5114437633132443, 0.01203370819604099, 0.8591966208330747]]","[0.09623742269645845, -0.8677661095068766, 0.010355081689577755]",[0.6380912696885769],"[-0.0035857736384959406, -0.1921294200407418, 0.0, -0.9813618375876118]",[0.466369853203],"[-17.03257310221372, -0.3460849103671762, -0.8451572409411092]","[1284.2600495079296, 1358.047191973707, 1312.1760338353051, 1376.3430981842187]"
42,0.8399999999999999,"[-0.9600311355342654, -0.007832142321234576, 1.9810087218599803]","[0.20978076540949392, 0.0, 2.1982380693174774]","[1.2011715818929745, 0.04972900972265587, 0.033783173086698884]","[-0.08940829727140404, 0.0, 0.1071231724819056]","[-0.006362541435776469, -0.2541979390931182, -0.0042092128680290995, -0.9671161711946514]","[[0.8707198608075672, -0.004906905824605225, 0.4917314377451851], [0.011376285506081017, 0.9998720814189006, -0.010166686952356455], [-0.49162431258004574, 0.014446579897385379, 0.8706743318864602]]","[0.08986443598083522, -0.8450243712117275, 0.008461231739931241]",[0.6320903963607792],"[-0.0035992590374584912, -0.18870929510750717, 0.0, -0.9820252389640495]",[0.466369853203],"[-16.568273763294147, 0.09675202262083099, -0.7971693821552002]","[1273.8259130756137, 1348.392597216054, 1294.5320951335382, 1377.1595993792666]"
43,0.8599999999999994,"[-0.935704541890939, -0.006762676128276928, 1.9828668096383482]","[0.2079722504220162, 0.0, 2.2004047554777952]","[1.2045826687470156, 0.04682661676180839, 0.061787805836162564]","[-0.09139234205182013, 0.0, 0.10948462764128965]","[-0.006901065127011576, -0.24594696101665242, -0.0046783865533840735, -0.9692412038150393]","[[0.8789643409386442, -0.0056743780382951525, 0.47682842884144994], [0.012463562021361136, 0.9998489068055232, -0.011076323432089407], [-0.47669928544027296, 0.01567886325315334, 0.8789128661403555]]","[0.06179739727660364, -0.8274982953943621, 0.02493725246743054]",[0.625723026554213],"[-0.003509210557853318, -0.1852628868392776, 0.0, -0.9826821745441646]",[0.466369853203],"[-16.591674429972553, -0.13804931552799288, -0.8929649382848979]","[1255.318731567632, 1339.0568025950308, 1267.2017697454419, 1382.5450019164573]"
44,0.879999999999999,"[-0.9119791877272866, -0.005819147885263097, 1.9853044025922877]","[0.20612449926224216, 0.0, 2.20261812410102]","[1.2007476756177933, 0.04084533981051244, 0.0908644886176363]","[-0.09337590237081585, 0.0, 0.11184375976205596]","[-0.007222517243690299, -0.23805178513837433, -0.00518409375897511, -0.9712058187415826]","[[0.8865973798771747, -0.006630977801130767, 0.4624694421895545], [0.013508310293343434, 0.9998303551816373, -0.01156093599876941], [-0.4623196733632861, 0.016497267093364333, 0.8865468000227076]]","[0.040104768176284604, -0.8076205736860673, 0.038303185526946386]",[0.6200201628719751],"[-0.0027037447706183735, -0.18309865708977485, 0.0, -0.9830900177576143]",[0.46656938852314145],"[-16.890479975208745, -0.9168398509129594, -0.808216182598855]","[1230.6511883441804, 1336.7829682480874, 1245.8044236599292, 1382.5987173143935]"
