,t,p,p_d,v,v_d,q,R,w,T_sp,q_sp,hover_throttle,fa,pwm
0,0.0,"[-0.1544076726498461, -0.03630348118824822, 2.199306993551535]","[0.24979396016793687, 0.0, 2.1502472477948924]","[-0.22036393365560092, -0.018973766722209375, -0.2888238055677975]","[-0.006375962522693029, 0.0, 0.007651154686094159]","[0.007891705344148629, -0.09277843394760023, -0.005681745267681114, -0.9956393008954126]","[[0.9827197764656889, -0.012778297898371722, 0.18465803290853372], [0.00984957764634765, 0.9998108940507495, 0.01676887083949075], [-0.18483738754650592, -0.01466029712739218, 0.9826597828977848]]","[0.013941388937465762, -0.029032741276441003, 0.0023724152944221786]",[0.5671951157119699],"[0.013536519941251669, -0.14619042802414722, 0.0, -0.9891530710070293]",[0.451454962249],"[-6.017508527714983, -0.5464523892484474, -6.084598785349392]","[949.088054933062, 1208.8423963220873, 963.9657474487766, 1214.4841028334374]"
1,0.020000000000003126,"[-0.1580256862237557, -0.036552019451447905, 2.195636307162751]","[0.2496472892111573, 0.0, 2.1504232529334364]","[-0.22064799629137344, -0.001300975975798091, -0.27148010354256774]","[-0.008365399067844816, 0.0, 0.010038477663669387]","[0.007988220280303581, -0.0924489486972836, -0.005761925611208244, -0.9956687228142486]","[[0.9828400093518215, -0.012950943362277614, 0.18400499828784658], [0.009996933094772068, 0.9998060022557942, 0.016972610098553803], [-0.18418910841193079, -0.014841874237641182, 0.9827787855988264]]","[0.010290087711778343, -0.05838478393992525, 0.0069696158953269196]",[0.5738413661487892],"[0.0010677968803498757, -0.155821578527639, 0.0, -0.9877785728061259]",[0.451454962249],"[-6.066490184148529, -0.5595726937872946, -6.4637507855810625]","[923.1492636711471, 1354.9923019971995, 946.7174841576556, 1352.9824093856355]"
2,0.03999999999999915,"[-0.16193409466716993, -0.0368400245819173, 2.191924075784174]","[0.2494605326630988, 0.0, 2.1506473607474885]","[-0.20316517345732288, -0.015473015043717807, -0.2387516339426738]","[-0.010354835224641784, 0.0, 0.012425798777209597]","[0.007851282534534288, -0.0918622523618303, -0.005858469358488938, -0.9957235742559974]","[[0.983054083894363, -0.01310930509371053, 0.18284682752554937], [0.010224359103504853, 0.999808145437466, 0.016711758596887456], [-0.18303081351816303, -0.014559069834233211, 0.9829994419459376]]","[0.0011421263170893845, -0.04125452990089225, 0.008698365234310182]",[0.5628655737521643],"[0.014365604994606667, -0.15117549745397188, 0.0, -0.9883994675528055]",[0.451454962249],"[-3.170275636723932, -0.9249759774931614, -1.3895737335850633]","[993.0409154675209, 1350.2966843872175, 1027.2544557945735, 1342.4472015950626]"
3,0.060000000000002274,"[-0.16499003071633547, -0.037003922258223715, 2.189353979472362]","[0.24922730603597879, 0.0, 2.150927232556231]","[-0.184724079402383, -0.005640333051810237, -0.20664641392537156]","[-0.01234427043516723, 0.0, 0.014813115348484635]","[0.008000970256861613, -0.09419706999749021, -0.005933897613462865, -0.9955011313093548]","[[0.9821782188262572, -0.013321739485219187, 0.1874516256204308], [0.010307067663885464, 0.999796363768379, 0.017047861422263073], [-0.18764153337368114, -0.014812038346849864, 0.982120610057929]]","[-0.009249026757594467, 0.21098226300617018, 0.003184047895823526]",[0.5500828346988037],"[0.004198754331523438, -0.14600204538848974, 0.0, -0.9892567282256185]",[0.45158826357626874],"[-4.683163790436998, -0.636476517469699, -1.1457078018643436]","[1057.6327346394787, 1303.2910718884275, 1085.9007184694367, 1296.9521971157158]"
4,0.0799999999999983,"[-0.1686630055926571, -0.03730354782754561, 2.186544690657447]","[0.2489657091430965, 0.0, 2.1512411485945377]","[-0.1819342899306513, -0.01878317186578694, -0.1751384391782252]","[-0.014333704817968846, 0.0, 0.017200427946836638]","[0.0084071870121835, -0.09812102596206462, -0.005990150090979238, -0.995120380564148]","[[0.980671634973632, -0.013571684506524028, 0.19518374476933695], [0.01027199724616247, 0.9997857448584127, 0.01790784562326329], [-0.1953851860175206, -0.015556806932888741, 0.9806020371829413]]","[-0.04842668844957764, 0.37694617734371316, 0.0050261654023012504]",[0.54350244769397],"[0.012898999720066345, -0.15168778283643203, 0.0, -0.9883399689582607]",[0.45200490946937477],"[-4.857462885882892, -1.774023776490107, 1.2192978883521484]","[1074.7382570560148, 1264.9827850642014, 1082.3037936943153, 1285.8623671093092]"
5,0.10000000000000142,"[-0.1720086563567602, -0.03764467049443465, 2.1850969319603197]","[0.24865968940624605, 0.0, 2.1516083717732783]","[-0.1632974645300409, -0.018900017497792302, -0.12081153227376802]","[-0.016323137112146714, 0.0, 0.01958773051985674]","[0.008733153022675213, -0.1012143426936464, -0.006019390059128621, -0.9948077347834446]","[[0.979438120923095, -0.013744112264665662, 0.20127248545634424], [0.01020843089333325, 0.9997742713334739, 0.018594113568512188], [-0.20148275847430241, -0.016157119135506697, 0.979358051113028]]","[-0.029469130948128797, 0.3534772281199569, -0.0012419765503960242]",[0.5179232312080775],"[0.014585135323407506, -0.15260396574184712, 0.0, -0.9881792946332187]",[0.45202966641500003],"[-3.1652039451219633, 0.22939834203867204, 3.0684644716612404]","[1056.6085538515656, 1260.2213557308362, 1056.9846901284254, 1294.4774343331705]"
6,0.11999999999999744,"[-0.17449981636209663, -0.037883228718589956, 2.184771270271849]","[0.24831382799647994, 0.0, 2.152023404551695]","[-0.14339634744191834, -0.01121655100538952, -0.0844264125303907]","[-0.01831256664206675, 0.0, 0.021975019824561206]","[0.008834118134505506, -0.10524271198868762, -0.0060226734447283384, -0.9943890050374259]","[[0.9777752339603805, -0.013837213609745089, 0.20919798130635034], [0.010118307407729867, 0.9997712075274194, 0.018836784857798945], [-0.20941080134113546, -0.016301414910817096, 0.9776916958647953]]","[-0.01771453409864083, 0.43616199517971294, -0.004012026513977673]",[0.5043538702500077],"[0.011316492359368486, -0.15005401737814403, 0.0, -0.9886127721382081]",[0.45202966641500003],"[-3.9807948889122478, -0.3240038139279258, 2.457451507133854]","[1045.3087667717498, 1180.1868815560313, 1064.8291559533775, 1204.492279465846]"
7,0.14000000000000057,"[-0.17582165206334688, -0.038005500043544665, 2.1847975084174514]","[0.2479270988254289, 0.0, 2.1524874779628282]","[-0.1320641390577214, -0.01608982465639093, -0.0470027734314583]","[-0.020301992088503563, 0.0, 0.024362289528227228]","[0.009143338391154545, -0.10800619590927185, -0.005985311301464836, -0.9940892204491243]","[[0.9765958165439153, -0.013874941286716633, 0.2146261387370355], [0.009924792496557417, 0.999759291979629, 0.01947148967713872], [-0.2148450416434583, -0.016885686857122766, 0.9765002631727958]]","[-0.04468783677739787, 0.4854084094165173, -0.003872476488548202]",[0.49149657758378434],"[0.0154378802415198, -0.151201132306232, 0.0, -0.9883824272719248]",[0.45202966641500003],"[-4.682241492488895, -1.0752947272923068, 2.7634985790427855]","[1000.8446092349155, 1145.2985960237731, 1018.1911816039685, 1160.62073364168]"
8,0.1599999999999966,"[-0.17861945386318703, -0.038382039823330084, 2.185960998241803]","[0.24750087486826158, 0.0, 2.152998944128778]","[-0.12027339719236192, -0.016374232504123704, -0.02166371372986499]","[-0.022291412197575602, 0.0, 0.026749533612870247]","[0.00932652909312833, -0.11379337406782271, -0.005930735237592583, -0.993441845813007]","[[0.9740295795550815, -0.013906275550622004, 0.2259835728009814], [0.00966108669522687, 0.9997534752287104, 0.019880485301389413], [-0.2262048254999296, -0.017180971807835056, 0.9739259585061484]]","[-0.012005850825814901, 0.39021460239791583, -0.013712147468211037]",[0.48416032326628716],"[0.016452724996918373, -0.15161839696821314, 0.0, -0.9883021223282425]",[0.45202966641500003],"[-4.278989840320621, -0.29658203641528025, 0.6137944021366799]","[970.0193870605993, 1131.765643408586, 970.8704979534285, 1161.815175929786]"
9,0.17999999999999972,"[-0.18041769378626624, -0.03861707693606137, 2.187339458490543]","[0.24703533347947812, 0.0, 2.153557589773002]","[-0.10273463275355843, -0.012401598488849253, -0.014962251483825486]","[-0.02428082522021775, 0.0, 0.02913674368236428]","[0.009723570860983546, -0.11788759861408685, -0.005888380242277221, -0.9929613912212769]","[[0.9721347133575086, -0.013986445312333456, 0.2340011556900739], [0.009401291637312419, 0.9997405895109236, 0.020698594912499174], [-0.2342301800202427, -0.01792192688654439, 0.9720149637406867]]","[-0.03535915072619184, 0.4123890958138529, -0.004023849449996713]",[0.46705941867675566],"[0.011457117857630764, -0.14813096530287134, 0.0, -0.9889000346637823]",[0.45202966641500003],"[-4.228300242102799, 0.3998427332429051, 2.393464969593463]","[985.4203210015147, 1071.4501513479158, 992.9512256542879, 1101.6020455570515]"
10,0.20000000000000284,"[-0.18136239049066538, -0.03876152147664267, 2.188377067666771]","[0.24652930146930627, 0.0, 2.15416482207819]","[-0.09022442302008689, -0.004923197024368261, 0.01458220143909877]","[-0.026270228802863164, 0.0, 0.03152390844041457]","[0.010116446890332078, -0.12314165923679696, -0.005828111647115289, -0.992319932278642]","[[0.9696033553702109, -0.014058214821268471, 0.24427392634517803], [0.009075190598642762, 0.9997264068540239, 0.021512870463115768], [-0.24450976547297387, -0.018642137109343457, 0.9694666041455835]]","[-0.05645317399792728, 0.45607085276607884, -0.006870824875652552]",[0.4649633108845726],"[0.010565651975502969, -0.14988564879863436, 0.0, -0.9886457020652006]",[0.45202966641500003],"[-4.741068842613644, -0.515372315078941, 2.758733837553269]","[974.2442911154407, 1034.6782627842276, 968.1034097282052, 1068.7035291209336]"
11,0.21999999999999886,"[-0.18276465190471214, -0.038986212364296675, 2.1901120640721774]","[0.24598568091012954, 0.0, 2.1548171580613977]","[-0.07711347922727443, -0.01112900005113596, 0.015502132800449493]","[-0.028259621549297412, 0.0, 0.033911021185123714]","[0.010705111762006758, -0.12716269060523924, -0.005756486645462933, -0.991807082136502]","[[0.9675924005734959, -0.01414123007616181, 0.2521184665858259], [0.008696066816615517, 0.9997039015017495, 0.02269883198178253], [-0.2523649619174106, -0.01977079066070175, 0.9674294760148207]]","[-0.04627760478767729, 0.34160565083287986, -0.008284436830418256]",[0.4619581565621127],"[0.014805667042705733, -0.14698743461653752, 0.0, -0.9890273232671594]",[0.45202966641500003],"[-6.000226710373943, -1.2585731739723034, -3.0263547855252604]","[921.0676160381669, 1049.7477262052591, 928.6801101670923, 1061.261368973704]"
12,0.240000000000002,"[-0.18399496413716201, -0.039178793143755296, 2.191813693484881]","[0.24538789761317298, 0.0, 2.155534483978334]","[-0.07652400441685632, -0.011511413340792528, -0.021783486525372854]","[-0.030248993716893685, 0.0, 0.03629803515226226]","[0.011278446098614824, -0.1312682711491103, -0.005665899836115082, -0.9912632304519257]","[[0.9654665339609576, -0.014193800591156137, 0.26011501593840924], [0.008271792108701752, 0.9996748452891115, 0.023847323580363407], [-0.26037062612201634, -0.020872312076399988, 0.9652763321100646]]","[-0.051540024863387664, 0.3315000136050568, -0.00675143122538229]",[0.4767712663246993],"[0.014904890327847062, -0.14679978241630612, 0.0, -0.9890535337341799]",[0.45251541203949],"[-5.5952884875666875, -0.17622656013237298, -1.623710255897688]","[937.0240644052965, 1025.449720230873, 958.4666498839599, 1018.0456237552177]"
13,0.259999999999998,"[-0.18490082248646256, -0.039325868563764466, 2.1930387566354677]","[0.24477525628903377, 0.0, 2.156269637624364]","[-0.05510677914035804, -0.005480626885399241, -0.004525084219421615]","[-0.0322383590340762, 0.0, 0.038685016237879156]","[0.011743601776510577, -0.1345145375545257, -0.005574369392395429, -0.9908262033033121]","[[0.9637492429275109, -0.01420583284613836, 0.26643013071990407], [0.007887092197371054, 0.9996617401891561, 0.024771404164604358], [-0.2666919834171019, -0.021772069280699666, 0.963535565750386]]","[-0.04747823304101303, 0.31176275625526756, -0.007582489674170464]",[0.4940936176688965],"[0.014806350063946464, -0.1454470460272061, 0.0, -0.9892551199694528]",[0.452879132706],"[-5.613313799102662, -0.11228181855124497, -1.8615544038576282]","[935.2131239737561, 1014.1759275312069, 949.9770162660376, 1016.8810741607563]"
14,0.28000000000000114,"[-0.18549342995900056, -0.03939205040425049, 2.1936847489040745]","[0.24409805514745486, 0.0, 2.157082252828498]","[-0.05151938545720487, -0.0028955514742363647, -0.038314442415520115]","[-0.03422768948274573, 0.0, 0.0410718299573389]","[0.011829976309090554, -0.13644835080372408, -0.005501758392907863, -0.9905601991769648]","[[0.9627010347505117, -0.014128007293849769, 0.2701904397561177], [0.0076712842641596364, 0.9996574429456767, 0.024938019096448678], [-0.27045078244190346, -0.02193519565951738, 0.9624816767623923]]","[-0.022784826242508216, 0.22019203095087914, -0.010714195790093955]",[0.5024967451182635],"[0.011398709334118136, -0.14579225761088097, 0.0, -0.9892445063465582]",[0.452879132706],"[-7.863779459078849, -0.04270988849251689, -6.594532796139866]","[932.6663090118877, 1024.1688175890458, 926.665960186732, 1052.6281559605875]"
15,0.29999999999999716,"[-0.18611541829033296, -0.03944066106781579, 2.194131834053807]","[0.24340647231454282, 0.0, 2.15791212311358]","[-0.05191658936521556, 0.0043604934227920895, -0.06836777891166167]","[-0.036217010474256496, 0.0, 0.043458598283161926]","[0.0118662924159, -0.137735842982, -0.0054497982467, -0.990382957139]","[[0.9619983479441981, -0.01406360218470517, 0.27269312515388633], [0.007525947028805568, 0.9996590550367231, 0.025005612657452363], [-0.2729518007522983, -0.022003082435088164, 0.9617761307546583]]","[-0.0041796495731399996, 0.154509197653, -0.013297115391599999]",[0.5206301123575913],"[0.011944846847957009, -0.14279151730148523, 0.0, -0.9896792985917459]",[0.452879132706],"[-7.705969407106387, -0.09011197336471277, -6.417065287529663]","[949.8215791737126, 1043.6720448901915, 938.2581235224588, 1076.8397531591536]"
16,0.3200000000000003,"[-0.18635139982351898, -0.03938827088019883, 2.1937718211217354]","[0.24264524922049982, 0.0, 2.1588255439210577]","[-0.04302668852577185, 0.005947583708556001, -0.09386704499440687]","[-0.03820627759434874, 0.0, 0.045845108033336676]","[0.012044842608654485, -0.1394216598550941, -0.005375227283857456, -0.9901439274447847]","[[0.9610627829841477, -0.014003121205877909, 0.2759655321863479], [0.007285873409110029, 0.9996494249907124, 0.025351101752002468], [-0.2762245072528271, -0.022353409311947285, 0.9608304126539196]]","[-0.01503236657900453, 0.1365045465362052, -0.009632084564071317]",[0.5286401106394244],"[0.010682351380716527, -0.14315770351762522, 0.0, -0.9896406524905811]",[0.452879132706],"[-6.500185915269799, -0.7798552309316037, -6.299996038166544]","[982.772548513031, 1082.666278411385, 981.3493038730727, 1107.2319881804158]"
17,0.3400000000000034,"[-0.1865564664336598, -0.03928956842516017, 2.193187173966925]","[0.24187825179639494, 0.0, 2.159745892073723]","[-0.025758909855646432, 0.0057633775135279945, -0.11522101463782032]","[-0.04019553941124261, 0.0, 0.048231592328824825]","[0.012210210699799998, -0.14098301531500002, -0.005306161786979999, -0.9899225449660001]","[[0.9601913683170767, -0.013948243004515718, 0.27899495192835827], [0.007062513716158599, 0.9996456110410288, 0.025670483077989536], [-0.27925410934206324, -0.022678168324078863, 0.9599495005322289]]","[-0.025083843238400003, 0.119829152682, -0.0062376376436400005]",[0.5333410948495968],"[0.009271085824364722, -0.1429815865434995, 0.0, -0.989681612667032]",[0.452879132706],"[-6.280404574726997, -0.5914398280222801, -5.693694797463763]","[1015.6684414864127, 1122.0019966722143, 1018.5332889628397, 1142.6031946755427]"
18,0.35999999999999943,"[-0.186409565495583, -0.039087807579684636, 2.19208981123701]","[0.24105311894775439, 0.0, 2.160735981739728]","[-0.010651387480137886, 0.009444739293570727, -0.12749308488619346]","[-0.04218474284051558, 0.0, 0.05061779637394453]","[0.01216301607632387, -0.14129590787262078, -0.0051819750934457, -0.9898791609685654]","[[0.9600173058324867, -0.013696227113266993, 0.2796056925737458], [0.00682188951737314, 0.9996504950754371, 0.025544216047760727], [-0.27985780635922053, -0.022615448546153855, 0.9597751336440791]]","[0.0018481306350847208, 0.037196179323581186, -0.012979474772910577]",[0.5411123396010334],"[0.008542410822822465, -0.13748650476120242, 0.0, -0.9904657121815592]",[0.452879132706],"[-6.774710188562617, -0.10211167668478038, -4.5311220871934985]","[1042.162042361293, 1162.2162748380101, 1056.8631051805853, 1160.45686558025]"
19,0.38000000000000256,"[-0.1859404148747225, -0.03880674402901068, 2.1910659764266183]","[0.24018883111836412, 0.0, 2.1617730390817536]","[0.0035984391159495244, 0.014847087326057086, -0.1278031703460238]","[-0.04417389852898128, 0.0, 0.05300377127382086]","[0.012458742750132461, -0.14156967432991324, -0.0051412543467630615, -0.9898366092753751]","[[0.9598633281465497, -0.013705563847437305, 0.28013358569924224], [0.006650443232651623, 0.9996368329844773, 0.02611993076628755], [-0.28038979996051955, -0.023208547952213558, 0.959605752597238]]","[-0.017742602337413156, 0.01686286231328069, -0.002007500714670844]",[0.5454239576530313],"[0.007013269275256868, -0.13597562966116586, 0.0, -0.990687139245463]",[0.452879132706],"[-6.751826656049652, -0.4236293264534621, -4.112257692935138]","[1049.8476960118855, 1174.0562234756621, 1076.2011131024783, 1160.6654542727367]"
20,0.3999999999999986,"[-0.18530083588889104, -0.03855513051315911, 2.1903138641139366]","[0.23927852708650735, 0.0, 2.16286528952388]","[0.020223956948032473, 0.016027629976497357, -0.12877198700234602]","[-0.04616298889527241, 0.0, 0.055389432645576574]","[0.012624270878893536, -0.141339244946455, -0.005081789444088855, -0.9898676996233623]","[[0.9599948282268825, -0.013629208282025703, 0.27968599875031736], [0.0064919886259363745, 0.9996296481205033, 0.026429228514633862], [-0.27994261429628403, -0.023556203382616325, 0.9597277329643433]]","[-0.01467470019030441, -0.03895089455105688, -0.0013236258478595978]",[0.5489364525746047],"[0.0074332178977102505, -0.13345568562450993, 0.0, -0.9910250729707321]",[0.452879132706],"[-6.401673770298203, -0.3818878422051316, -3.7570022420369185]","[1055.7758789710185, 1186.801596551697, 1075.0348588641425, 1182.453904503129]"
21,0.4200000000000017,"[-0.18420431281741087, -0.038185936481645706, 2.1895213987790454]","[0.2383358513731993, 0.0, 2.1639963633709]","[0.0397943217449777, 0.022816507431311115, -0.11875395267653452]","[-0.04815202593851752, 0.0, 0.057774838084805644]","[0.01275390219917108, -0.14064461723981722, -0.005067326691916645, -0.9899647666659132]","[[0.9603863151028645, -0.01362048515859939, 0.2783371749991847], [0.006445414386133471, 0.9996228077773219, 0.026677212075392004], [-0.27859568775534455, -0.023826443183337098, 0.9601123466598578]]","[-0.0061262068066972, -0.08252329648196208, -0.001563614861050616]",[0.5472732012810081],"[0.0054932989031254344, -0.12952820545482419, 0.0, -0.9915492622473359]",[0.452879132706],"[-5.935952065475407, 0.5060589279553402, -1.9174735880110987]","[1060.8120627336568, 1199.956940369535, 1081.608624949253, 1195.3626124928685]"
22,0.4399999999999977,"[-0.18263422510105481, -0.03768583686265148, 2.188676987864877]","[0.23736062304816538, 0.0, 2.1651664762347522]","[0.061844149064059946, 0.032441534197004664, -0.0985191805832715]","[-0.050141006924111685, 0.0, 0.06015997446735602]","[0.012845070174449587, -0.1395534511552951, -0.005101791616877393, -0.9901180930109625]","[[0.9609976399283963, -0.013687900119636697, 0.2762177281192902], [0.006517604626931144, 0.9996179797315298, 0.02686021802585682], [-0.276479859604627, -0.024012327517015247, 0.9607197048282272]]","[0.0028967678921058464, -0.1037746748058239, -0.0007987678441051789]",[0.5403493812652738],"[0.0020328435913455297, -0.1246254990883669, 0.0, -0.9921992947649017]",[0.452879132706],"[-5.670998059929234, -0.8056318805563207, -1.898398499980356]","[1066.5316031856355, 1211.3670992035911, 1099.8581833449173, 1195.3265801592818]"
23,0.46000000000000085,"[-0.18071698942583944, -0.03712708557534744, 2.1882443370809734]","[0.2363342684917387, 0.0, 2.166397893817511]","[0.0834701367674076, 0.024322426168062978, -0.08897313308019837]","[-0.05212988476751031, 0.0, 0.06254461581270117]","[0.012719133965536835, -0.13856291582222668, -0.0051382175036302005, -0.9902584492067893]","[[0.9615474896739964, -0.013701127171660655, 0.27429548892583266], [0.006651526015667435, 0.9996233002186449, 0.02661439255079542], [-0.2745569036329236, -0.023766526953068207, 0.9612767394945592]]","[0.009352657982022894, -0.12045751806789368, 0.0024162969223110054]",[0.5345381550240248],"[0.004075054692103121, -0.12105208054187935, 0.0, -0.992627903536254]",[0.4529887425066584],"[-5.298559695984917, -1.4673407722442984, -1.2041417933060572]","[1068.727483962567, 1204.1105903305145, 1094.8371620653427, 1200.9055980439548]"
24,0.4799999999999969,"[-0.17795944562383187, -0.03641555086109242, 2.1881500841908337]","[0.23527283148467731, 0.0, 2.1676713721078587]","[0.10846294406222882, 0.0257494648015932, -0.0625961050770712]","[-0.05411868187994096, 0.0, 0.06492886969217371]","[0.012602907285740072, -0.13678374962946027, -0.005170976597290644, -0.9905068229069633]","[[0.9625260663356348, -0.013691521030969173, 0.2708401358642917], [0.006796029371865291, 0.9996279881169186, 0.026381142446426045], [-0.2711008132188212, -0.023551920173531637, 0.9622618777894684]]","[0.03173991959455122, -0.17842955959972562, -0.0032420449594311312]",[0.5229548104151586],"[0.00528043746433816, -0.11605187126152741, 0.0, -0.9932205856019678]",[0.453101749446],"[-4.821701858521543, -0.41873214820499005, 0.710458474101582]","[1059.5070669302734, 1189.0877573289624, 1070.4892913448095, 1202.9090978291804]"
25,0.5,"[-0.1748296687811577, -0.035660175699640265, 2.188561993652033]","[0.23416953911136484, 0.0, 2.1689950244168474]","[0.13164136105311092, 0.028531285858777886, -0.03833602020547999]","[-0.056107372088248, 0.0, 0.06731261049614345]","[0.012123748984917436, -0.13479847331470898, -0.005204815610941012, -0.9907847781065104]","[[0.9636037433034962, -0.01358222986837823, 0.2669863471884609], [0.007045178452307737, 0.9996510295405502, 0.02542725429215973], [-0.2672387547003803, -0.02262084949920208, 0.9633639529356854]]","[0.04635186150824625, -0.19537451953516177, -0.004992285776640833]",[0.5123087305418692],"[0.005318292815638271, -0.11132665336677448, 0.0, -0.9937639723753916]",[0.453101749446],"[-5.229050439810447, -0.3699897958131558, 0.42664293810163656]","[1053.7187877482872, 1170.63789753284, 1079.079934665608, 1165.2820964092766]"
26,0.5200000000000031,"[-0.17155666565949762, -0.03491789498110413, 2.189365805322074]","[0.23302677939368766, 0.0, 2.170365979997638]","[0.14891465093243153, 0.03243407344345913, -0.018332632166893528]","[-0.05809594931707517, 0.0, 0.06969580907825185]","[0.011576234666922772, -0.1328581787520106, -0.0052258725096848745, -0.9910531515013855]","[[0.9646417529051031, -0.013434229749441794, 0.26321804165680596], [0.007282239930828804, 0.9996763258095782, 0.02433392750640067], [-0.26346002536285207, -0.021556727890292948, 0.9644283539739508]]","[0.06065875020950445, -0.21061220752860632, -0.005834426066135923]",[0.5048858921437369],"[0.004251846712232656, -0.10832227818920016, 0.0, -0.9941061657241559]",[0.453101749446],"[-4.987316690782537, 0.438222777324615, 1.907039872155785]","[1031.8709091941241, 1149.4537721153781, 1048.9270851747754, 1166.031049299688]"
27,0.5399999999999991,"[-0.16674280434578406, -0.033861433230092164, 2.191035584413425]","[0.2318493237391515, 0.0, 2.1717785137802843]","[0.1710017466690959, 0.043695214163803286, 0.016284248260373405]","[-0.06008441800968883, 0.0, 0.07207848677280498]","[0.01052151154339915, -0.1296237220779262, -0.005244442703187498, -0.9914931351813221]","[[0.9663395258122428, -0.013127332852406887, 0.2569317022649502], [0.007671982899841833, 0.999722740052598, 0.022223621300845754], [-0.25715242012271133, -0.01950440456719942, 0.9661731297604611]]","[0.08399133518152149, -0.2878006145238474, -0.004993522881052672]",[0.4858589936986734],"[-0.0023521154990739307, -0.1030898390628371, 0.0, -0.9946644325896637]",[0.453101749446],"[-4.636300695813539, 0.1618806943960348, 2.0716726702898285]","[995.0667134049417, 1143.2514511353486, 1018.2855439731306, 1146.6640802260406]"
28,0.5600000000000023,"[-0.1634067068494842, -0.03314521677740749, 2.1924579934024866]","[0.23062077621487068, 0.0, 2.1732522602656195]","[0.1855052878195546, 0.04344315653262819, 0.025502634344664654]","[-0.06207270764537137, 0.0, 0.07446030515856025]","[0.00995016883577828, -0.1272677790308437, -0.005278340372103663, -0.9918034744048082]","[[0.9675481892447821, -0.013002824417709998, 0.252344210089398], [0.007937480862864329, 0.9997443526839485, 0.02108074935673163], [-0.2525542916008986, -0.01839369873222575, 0.9674058992792287]]","[0.08106268537403091, -0.30321672978507075, -0.004920521751835981]",[0.48183089299301607],"[-0.00166493678652857, -0.0992342364967621, 0.0, -0.99505954327879]",[0.453101749446],"[-5.304504406715661, -0.4291739685844962, 0.5491771484347545]","[1003.3130929745471, 1109.5749785657802, 991.4979919975068, 1151.7603519896882]"
29,0.5799999999999983,"[-0.15872413022998164, -0.03219641900158941, 2.194588325836445]","[0.2293651581274462, 0.0, 2.174758431838213]","[0.19655766546237158, 0.045803751914358946, 0.039484236352481494]","[-0.06406089169970922, 0.0, 0.07684161686556361]","[0.009083195780749663, -0.1240018551811147, -0.0053422518086640395, -0.992225051877575]","[[0.9691880582763026, -0.012854098411561956, 0.24597844494181784], [0.008348765900417027, 0.999775969561836, 0.019350047079775026], [-0.24617254381817047, -0.016700250539298998, 0.9690801286938941]]","[0.08110079551186002, -0.32008419559922224, -0.0005431582116556975]",[0.47555404692051495],"[-0.0022983291166286533, -0.0972684541496047, 0.0, -0.9952551418826611]",[0.453101749446],"[-5.573574895949521, -1.0952387323947366, 1.3042083988730937]","[945.5492902462445, 1111.1565774496569, 975.8824917065111, 1110.3322321437124]"
30,0.6000000000000014,"[-0.1540992546840274, -0.03129389636980202, 2.1969000568359394]","[0.22806182914274503, 0.0, 2.1763217406565176]","[0.20307049755121415, 0.03547967447500157, 0.04974095529723389]","[-0.06604887551555068, 0.0, 0.07922196766221665]","[0.008306447301526541, -0.12042623335687949, -0.005438724867645233, -0.9926712376380245]","[[0.9709331256918687, -0.012798359813276702, 0.23899696325791703], [0.008797103168875674, 0.9998000869193738, 0.017801072946512578], [-0.23917766918391942, -0.015181212346212945, 0.9708542910146944]]","[0.08873785801177023, -0.3710998880713965, 0.0002638368272392961]",[0.47141861352745784],"[0.003853786832165888, -0.09641499885437392, 0.0, -0.9953259840895808]",[0.453101749446],"[-5.530909470445198, -1.6522830636568626, 0.46653076827758966]","[939.0163890099376, 1086.6065208897826, 961.0809934509863, 1095.8038491909122]"
31,0.6199999999999974,"[-0.149013064710498, -0.03031877046563222, 2.1995386480592614]","[0.2267229991331168, 0.0, 2.177927551761901]","[0.20961646539270137, 0.03158863551051231, 0.051544572283521786]","[-0.06803669404027432, 0.0, 0.08160152528335271]","[0.007317489030743355, -0.11640962120352473, -0.005527837831737588, -0.9931577986356998]","[[0.972834201736782, -0.012683682756826848, 0.23114534648362164], [0.009276378251907724, 0.9998295102628482, 0.015821829610762075], [-0.23130714605441152, -0.01324785557849373, 0.9727882244275399]]","[0.0890231931254564, -0.3899121757414176, 0.0005386511672135709]",[0.4712094444649573],"[0.006117818658792407, -0.09392501873833195, 0.0, -0.9955598791489402]",[0.453101749446],"[-6.133703724150526, -0.3856400813548383, -0.11798253848767715]","[922.9635436854984, 1079.7203927616833, 945.2405245714523, 1089.088223350504]"
32,0.6400000000000006,"[-0.1441030900312995, -0.02941730728682615, 2.202153879594717]","[0.22534179876467153, 0.0, 2.179584075493368]","[0.20658330447001072, 0.0360974206597451, 0.055854484885961946]","[-0.07002429833745474, 0.0, 0.08398005493304717]","[0.0063008783054684745, -0.11247275047436595, -0.005564805658310383, -0.9936180494738628]","[[0.9746354426463802, -0.012475936914663557, 0.22343978356410674], [0.009641228460982351, 0.9998562797100775, 0.013773110820194494], [-0.22358003621709313, -0.01126955482721256, 0.9746179746355691]]","[0.10752667403447665, -0.395706627202206, -0.005478601354740188]",[0.47049725654265884],"[0.00342868296524261, -0.0963682741116306, 0.0, -0.995338074883806]",[0.453101749446],"[-5.481125985676598, 1.0133985181403709, 1.386971506045807]","[911.782368684596, 1075.7457341128338, 922.7054418359461, 1099.5655327967916]"
33,0.6599999999999966,"[-0.13891093538288712, -0.02852436696900979, 2.204949174499359]","[0.2239229795661572, 0.0, 2.1812856099927584]","[0.21546868528885615, 0.04701126647436207, 0.07163880443136623]","[-0.0720116946436577, 0.0, 0.08635758657636339]","[0.005772190886119163, -0.10996243166382609, -0.0056427094483670745, -0.9939027867091699]","[[0.9757524910685391, -0.012486057582375273, 0.21851879293588505], [0.00994716099891352, 0.9998693274481308, 0.012714965318491998], [-0.2186490761200886, -0.010233021110032436, 0.9757495350331249]]","[0.1013460980762621, -0.40583995236360143, -0.005504114519157796]",[0.4630793028207195],"[-0.003040554462820795, -0.09238883942029465, 0.0, -0.9957152493766189]",[0.4536265186021667],"[-6.150424462237605, -0.7038149242143151, 0.17927296077820642]","[913.0194057612849, 1064.7589445817416, 896.335051029079, 1121.6455432096361]"
34,0.6799999999999997,"[-0.134633330882031, -0.027803551005758778, 2.2072795936458363]","[0.22246035886797638, 0.0, 2.1830395342971993]","[0.20115519831833556, 0.03320059247992771, 0.05626072254328225]","[-0.07399882718171703, 0.0, 0.08873385263091228]","[0.004365995564435954, -0.1049693833673578, -0.005674779486099658, -0.9944466401099936]","[[0.9778924073765846, -0.012203122511000765, 0.2087233490840427], [0.01036993906226692, 0.999891426431094, 0.009874855446380164], [-0.20882245333230456, -0.007492143032773714, 0.977918689786479]]","[0.09888555179842902, -0.395012956532495, -0.007584334510487864]",[0.4714250850989846],"[0.0041263357229171195, -0.09717647376397033, 0.0, -0.9952477400488648]",[0.453684381536],"[-6.789910956787972, -0.6080660835988465, -2.330232730280869]","[883.9657480824056, 1092.473184386917, 892.1219234579404, 1120.7660892371457]"
35,0.7000000000000028,"[-0.13125400398651804, -0.027256326183647837, 2.209100167053642]","[0.22096379522444048, 0.0, 2.184834041111446]","[0.19927370446627315, 0.041740456784900716, 0.047745065306603725]","[-0.07598573744002078, 0.0, 0.09110905221169184]","[0.0036282593988295805, -0.1017836654655018, -0.005641543641269278, -0.9947836849682236]","[[0.9792160025749735, -0.01196282622648687, 0.2024645216352089], [0.01048563606299674, 0.9999095031536295, 0.008367100490960526], [-0.2025463975701703, -0.006070232528192602, 0.9792533280717558]]","[0.08199458728657792, -0.3774184255085386, -0.01076255092914385]",[0.476724148695253],"[-0.002504412428632471, -0.09531104607411127, 0.0, -0.9954429499218705]",[0.453684381536],"[-6.681766648893423, -0.7149271539998476, -2.0502939829385483]","[869.3555877406093, 1098.3806239487947, 896.6277214539338, 1103.4640779760791]"
36,0.7199999999999989,"[-0.12591781453764553, -0.026383488401713742, 2.212021457024695]","[0.2194206033824929, 0.0, 2.186684275948919]","[0.18271976800314757, 0.024967555182100996, 0.03817902030265177]","[-0.0779723190539976, 0.0, 0.09348267506506068]","[0.003204122470908172, -0.0975143779034616, -0.005675606495578991, -0.9952107964470419]","[[0.9809135293585722, -0.011921745740524568, 0.19405835272006666], [0.010671953702616118, 0.9999111043527533, 0.0074844610256552336], [-0.1941310940733007, -0.005270648079090309, 0.9809574215751404]]","[0.04115433194518694, -0.3553119762661927, -0.0063522122632501425]",[0.4828525164188438],"[0.005417477027738213, -0.09962282358972796, 0.0, -0.9950016372391772]",[0.453684381536],"[-7.0496727619457085, -1.5779934795784194, -1.2368322356277872]","[865.4364100168201, 1090.0523712857425, 903.4862824705649, 1080.4389088488178]"
37,0.740000000000002,"[-0.12118054635608183, -0.025598476742099675, 2.214627252358855]","[0.21784363594942593, 0.0, 2.1885748573496153]","[0.17360944862983227, 0.025342105116722375, 0.04485498830196584]","[-0.07995864042739391, 0.0, 0.09585504944491523]","[0.0025228249198783505, -0.09367604396601242, -0.005641870899354024, -0.9955828616121086]","[[0.9823845670609641, -0.011706556465876072, 0.18649606092736945], [0.010761243433423768, 0.9999222401960559, 0.006080378798994561], [-0.18655299473736794, -0.003966346213320747, 0.9824354991843013]]","[0.04192466875180397, -0.3263352018720625, -0.008883878872630573]",[0.48104156001503834],"[0.004241142690412434, -0.10178560142383229, 0.0, -0.994796544734035]",[0.453684381536],"[-7.430540224344741, 0.12141879743818193, -0.7127871399808328]","[896.8285529770257, 1084.9948118060631, 897.8492691627058, 1114.696088082279]"
38,0.759999999999998,"[-0.11749316710164642, -0.02506813401447803, 2.216770403475189]","[0.21622366365378917, 0.0, 2.1905167892175332]","[0.1494856548275016, 0.02649638061305472, 0.041757235029265725]","[-0.08194460855539708, 0.0, 0.09822572925502615]","[0.0020686917708737404, -0.09085968111412338, -0.0055728148336130255, -0.9958454825412063]","[[0.983425966666041, -0.01147524630343431, 0.18094134909289483], [0.010723403604934314, 0.9999283709990756, 0.005132883066969837], [-0.18098746283764244, -0.003107506352209293, 0.9834795202250947]]","[0.04768285390353909, -0.29797656920130283, -0.011901029009294285]",[0.48523222489698803],"[0.003112073774692509, -0.10967546825360609, 0.0, -0.9939567808285934]",[0.453684381536],"[-7.007711201240732, 0.15272394242200654, -1.443062868643299]","[894.8885290623739, 1107.743914361685, 902.1481958372484, 1125.4869850304449]"
39,0.7800000000000011,"[-0.11410593223600217, -0.02453059589341374, 2.2188945949871397]","[0.2145640088481817, 0.0, 2.1925060774172604]","[0.1423192725897982, 0.027770809296513443, 0.04294870866207328]","[-0.08393022302424794, 0.0, 0.10059471262532968]","[0.0018440082927957528, -0.08830494731356721, -0.0054286027447255, -0.9960764247547375]","[[0.9843444108709521, -0.011140276537042082, 0.1758969316395478], [0.010488936316477643, 0.9999331375778882, 0.004632291333730704], [-0.1759369731934661, -0.002714801416293618, 0.9843965495933045]]","[0.032712943312325285, -0.25581703190567995, -0.014905119522138006]",[0.48641522116987473],"[0.0020924234740517175, -0.10901572227182578, 0.0, -0.9940370737524901]",[0.453684381536],"[-7.410852161641476, -0.8473560032957769, -2.3706750426963055]","[900.7062076611697, 1124.6966667777908, 892.2304773346019, 1156.9930188272115]"
40,0.7999999999999972,"[-0.1109056483605988, -0.024079858383044103, 2.2210953466339025]","[0.2128660662979904, 0.0, 2.1945410328292523]","[0.11286757985574007, 0.017608993789392336, 0.03180048983056445]","[-0.08591547166293789, 0.0, 0.10296194128788523]","[0.0018154084817196873, -0.08635689007047119, -0.005334332678403958, -0.9962481101662579]","[[0.9850276251500285, -0.010942183761093847, 0.17204640907950702], [0.010315091638338375, 0.9999360586594045, 0.0045385072996025734], [-0.1720851450506618, -0.0026958817767695625, 0.9850779439443653]]","[0.010774953291404002, -0.20048432833490565, -0.015890292800939596]",[0.4950480957602232],"[0.006838089844751534, -0.11751835956034636, 0.0, -0.9930318304658087]",[0.453684381536],"[-7.007215107636239, -0.7154299526162329, -1.25964485024992]","[906.1611419125567, 1126.6436555191665, 891.7833234522542, 1159.6601947013094]"
41,0.8200000000000003,"[-0.10795004769965214, -0.02361498116825036, 2.2233457025480186]","[0.21112822067351683, 0.0, 2.1966235548286805]","[0.10935037844265648, 0.01946574129692932, 0.04992096812685061]","[-0.08790031238595315, 0.0, 0.10532721351208159]","[0.0016476960744549415, -0.08477791995391189, -0.005236762936024668, -0.99638462814948]","[[0.9855703227171714, -0.010715036673252867, 0.16892557530966468], [0.010156283689618805, 0.9999394843358876, 0.0041714018189141135], [-0.16896008968459486, -0.0023955543428824657, 0.9856197402845601]]","[-0.0034988666400268906, -0.14232410097506762, -0.012156343041644454]",[0.4885605931442284],"[0.005168712089919848, -0.11577779653690377, 0.0, -0.9932582420251098]",[0.453684381536],"[-6.817134597537651, -0.3290900141695041, -1.3122506518752637]","[915.5893484280919, 1127.4884022642136, 899.2714787424735, 1160.1473371070228]"
42,0.8400000000000034,"[-0.10545584365943034, -0.023256700455727433, 2.225560205110886]","[0.20934989229660284, 0.0, 2.1987543027416563]","[0.07979322833152425, 0.013336842277420002, 0.03555341390038173]","[-0.08988470901683597, 0.0, 0.10769035595513571]","[0.001899031048393492, -0.08411514552271118, -0.005135361632851217, -0.996441003429886]","[[0.9857965499898736, -0.01055364434280274, 0.1676120555942314], [0.009914695250851679, 0.9999400527646419, 0.004648468188929495], [-0.16765106443897346, -0.002920621424693383, 0.9858420812302284]]","[-0.015085546738306864, -0.06628822446061508, -0.010620207233882756]",[0.49836731445016863],"[0.007553421058792374, -0.12316186412263205, 0.0, -0.9923468433364762]",[0.453684381536],"[-7.5484872462159345, -0.51474651947644, -2.4633297911405094]","[905.1865055589534, 1145.935777061148, 909.417527475086, 1156.781519494201]"
43,0.8599999999999994,"[-0.10329141714502593, -0.022972164778668428, 2.227838552158932]","[0.2075324551280258, 0.0, 2.2009316074110234]","[0.06823409562337612, 0.01288947814248818, 0.04755623426317797]","[-0.09186864640013657, 0.0, 0.11005129611593703]","[0.002177085228480946, -0.08396627278045844, -0.005010143141899031, -0.9964536516971331]","[[0.9858491831816988, -0.010350354322863149, 0.1673151832457172], [0.009619147394219398, 0.9999403737107994, 0.0051800951433951265], [-0.1673588132802244, -0.003497362960507778, 0.9858899068501193]]","[-0.025034171552897923, -0.0008457086485494716, -0.009511616965310714]",[0.49546171039953735],"[0.007091697251638314, -0.12453322882003665, 0.0, -0.9921897527920488]",[0.45378353046236947],"[-7.843749582661475, -1.1828403085899568, -1.6164085820007834]","[901.7265378747609, 1168.4542206518054, 915.8525227041124, 1169.5251178766534]"
44,0.8800000000000026,"[-0.1012766455210895, -0.022734542525552286, 2.230477931213892]","[0.20567656389250558, 0.0, 2.2031546573766967]","[0.03563313027607715, -0.0002990199944222765, 0.04121671782619743]","[-0.09385210295917143, 0.0, 0.11240993071838834]","[0.0027220084562242152, -0.08465785550930982, -0.004942897085778348, -0.996394043077693]","[[0.9856171136797115, -0.010311025220795566, 0.16867825664308525], [0.00938926762646697, 0.9999362000185104, 0.006261296156548255], [-0.16873207507374818, -0.004587475887407407, 0.9856511594828412]]","[-0.040853615840687516, 0.07316327169300355, -0.006900314988241909]",[0.5033115560069484],"[0.013518674740271028, -0.1344939387026287, 0.0, -0.9908093523286317]",[0.453810805696],"[-6.8566428967377995, -0.8372448042853821, -1.4744720368900595]","[917.9428860638694, 1145.8551235472553, 917.0, 1151.456118741693]"
