,t,p,p_d,v,v_d,q,R,w,T_sp,q_sp,hover_throttle,fa,pwm
0,0.0,"[-1.5006940642003177, -0.0656210741400913, 1.8179964659495174]","[0.24981781116351648, 0.0, 2.150218626599082]","[-0.0738800348005589, 0.03247382433842143, -0.003068383273110142]","[-0.005963702755433902, 0.0, 0.00715644302308145]","[-6.571436643046354e-05, -0.23785523102787517, -0.005867373234285281, -0.971282892152201]","[[0.8867809239099277, -0.011366497477047707, 0.4620502045539984], [0.011429019500284378, 0.9999311371278196, 0.002663516352570333], [-0.46204866227113967, 0.0029188253121004534, 0.8868497674105127]]","[-0.008414572441797507, -0.06634154053430272, 0.01304240542514139]",[0.8190472809566187],"[0.000641217603603204, -0.3369040037483307, 0.0, -0.9415203991032416]",[0.5035470810371371],"[-19.493441323552926, -0.11237112162577916, -11.47767490178795]","[1242.7779659286975, 1336.2483127474043, 1191.5688266655889, 1389.1390396911977]"
1,0.020000000000010232,"[-1.5023230874808955, -0.06519224158824609, 1.818040096244384]","[0.2496736633449636, 0.0, 2.1503916039693456]","[-0.07792891026749832, 0.020907217855502737, -0.0019394261111641935]","[-0.00795313930838159, 0.0, 0.009543766038085946]","[0.0001356618674073304, -0.23729174565267278, -0.005980325998344239, -0.9714199527449858]","[[0.8873136061412735, -0.011683198880093516, 0.46101825009300385], [0.011554433114751168, 0.9999283144427745, 0.003101733281090586], [-0.46102149530177444, 0.002574594701786084, 0.887385097931082]]","[-0.029454382684599496, -0.07360329790026215, 0.0193565287049518]",[0.8655884873461859],"[0.008836353520722677, -0.34777704395518216, 0.0, -0.9374902464545621]",[0.5036685665181816],"[-20.550159634534346, -0.1382615852133851, -13.618072634178354]","[1220.8897586469589, 1407.4240402261348, 1224.3924752219043, 1425.033827515595]"
2,0.03999999999999204,"[-1.5039293536966454, -0.06482817877328641, 1.8182236215496586]","[0.24950092776811422, 0.0, 2.1505988866234254]","[-0.07055067892083992, 0.0333682792322848, 0.02385933101623898]","[-0.009942575585892942, 0.0, 0.011931087731041939]","[0.0007965411944788725, -0.23640041882662732, -0.006149270558369244, -0.9716359436272223]","[[0.8881540698764323, -0.012326309947175328, 0.4593804917463297], [0.011573099259225457, 0.999923116963493, 0.004455276381224343], [-0.4594000843355927, 0.0013594841606826076, 0.8882284279774835]]","[-0.046646234257289254, -0.10398589344351666, 0.020955244324802107]",[0.971382933949334],"[0.0006049399757701876, -0.3605584064055739, 0.0, -0.9327342917160123]",[0.503714141937],"[-21.738848663961964, 0.2422654214376828, -16.421722664120715]","[1219.5957365487243, 1546.9279912451486, 1248.7523517277732, 1554.9279912451486]"
3,0.060000000000002274,"[-1.505293184205476, -0.06444562036033875, 1.8188727959874542]","[0.24928093997939188, 0.0, 2.1508628718673983]","[-0.05762860220427339, 0.02459819918860381, 0.03399311457883526]","[-0.011932011129468595, 0.0, 0.014318405901027903]","[0.0011439955438136843, -0.23619578558162554, -0.0061993989822610425, -0.9716844241029193]","[[0.8883450470957638, -0.012588132712070994, 0.4590013476072168], [0.011507305007379186, 0.9999193278971977, 0.005151749127831965], [-0.4590297159464569, 0.0007053385231643424, 0.8884192947396378]]","[-0.0718829335168511, 0.027626416156815783, 0.02745967779200365]",[1.0536761335756013],"[0.0058098899314488976, -0.3590673838201544, 0.0, -0.9332927079391132]",[0.503714141937],"[-21.83002208813351, -1.2891407054176884, -17.845503520448556]","[1299.616782846015, 1787.6517810169642, 1316.5533671350229, 1790.6607441537217]"
4,0.0800000000000125,"[-1.5061319415653776, -0.06410974786675895, 1.8204233129594765]","[0.24901742589341846, 0.0, 2.1511790885356326]","[-0.023943372025783963, 0.019782479541306533, 0.096574966735639]","[-0.01392144543214201, 0.0, 0.0167057181146808]","[0.0019648483482336745, -0.23869842568633046, -0.0062599781102938325, -0.9710700348576584]","[[0.8859647474764115, -0.013095766738413952, 0.46356117728808627], [0.011219741908670892, 0.9999109030686136, 0.006804504547534629], [-0.4636103769186862, -0.0008275168685025185, 0.8860354008702311]]","[-0.09180183239347023, 0.3082665859626015, 0.031235604525476593]",[1.0618751973815086],"[0.007788051090344735, -0.3612080970716987, 0.0, -0.9324506274033757]",[0.503714141937],"[-20.479879564762623, -2.0444821828003095, -12.470224961910297]","[1408.3737321862982, 1930.6011262204065, 1435.266334521278, 1893.6339103869147]"
5,0.09999999999999432,"[-1.506387012013503, -0.06387644838594549, 1.823024255006976]","[0.24872408250472838, 0.0, 2.151531100163779]","[0.015908575176292433, 0.003865940984189185, 0.17861488488779942]","[-0.01591087827398586, 0.0, 0.01909302331650694]","[0.0030099621453215293, -0.24364037331238442, -0.006407460574806284, -0.9698315788910122]","[[0.8811806642275343, -0.01389501181337715, 0.47254168343473524], [0.010961618610408019, 0.9998838074988978, 0.00896054485245909], [-0.47261882828984647, -0.0027160805067383375, 0.8812446555853372]]","[-0.0708451174452157, 0.6292404368681834, 0.019972956670348267]",[1.0409622787813992],"[0.0195235649107374, -0.3674304996606331, 0.0, -0.9298434859231246]",[0.503714141937],"[-18.778565307760868, -0.5224402105097463, -9.696967797202355]","[1549.6581283491294, 1994.415328746666, 1566.4038458359214, 1958.5775568236802]"
6,0.12000000000000455,"[-1.5054523932023018, -0.06365856075635261, 1.8276529985719598]","[0.24838099428547128, 0.0, 2.1519428051382614]","[0.07594913229447094, 0.019318323145923202, 0.26952530168681493]","[-0.017900307992624494, 0.0, 0.021480313526886126]","[0.0035493435082424854, -0.25297015766133363, -0.006395321016667406, -0.9674261479259259]","[[0.8718911487320287, -0.014169757525557193, 0.489414491950769], [0.010578245578059864, 0.9998537543877496, 0.010103106167452226], [-0.4895052887153035, -0.00363180470392745, 0.871947753315162]]","[-0.057837523994890463, 0.9953340538564422, 0.010582454044488612]",[1.0107814194317126],"[0.014628119650529844, -0.36924768953876713, 0.0, -0.9292096053487495]",[0.503714141937],"[-16.74738396938442, 0.9904250655339605, -7.1815490508518]","[1731.959589152299, 1969.9773589934239, 1676.195096407612, 1984.3666466477707]"
7,0.13999999999998636,"[-1.503582807115006, -0.06327338806569979, 1.8336222288823485]","[0.24801055286344714, 0.0, 2.1523873335214456]","[0.146900339041847, 0.024709765587642547, 0.3644730547439353]","[-0.01988973506634763, 0.0, 0.023867591041439516]","[0.0036803814757462214, -0.2637438664004395, -0.006277098049036853, -0.964561173979329]","[[0.8607915745324182, -0.014050646207208412, 0.5087479825793483], [0.010167934046240957, 0.9998861382445099, 0.01041099837233037], [-0.5088403910408726, -0.0037888139354198304, 0.8608432880366386]]","[-0.02446835300921907, 1.219524969793643, -0.007357573624291685]",[0.9506021271804468],"[0.012978061867485825, -0.372092624936774, 0.0, -0.9280501982530471]",[0.503714141937],"[-14.449919199874573, 1.6888741245122358, -2.8408085367539613]","[1828.8690734654488, 1944.8246100617935, 1750.33269294346, 1996.8618843610645]"
8,0.1599999999999966,"[-1.4995566139741563, -0.06267701976227819, 1.842738570012628]","[0.24758291686442044, 0.0, 2.1529004940378305]","[0.23195141214974532, 0.04889879933400029, 0.4702272603318498]","[-0.021879154727622835, 0.0, 0.026254832976832645]","[0.004048770023846139, -0.27641485691439305, -0.006159851782275697, -0.9609600362396378]","[[0.8470174668914079, -0.014077023157494331, 0.531197382188764], [0.009600462410211476, 0.9997950280600046, 0.011186761475705501], [-0.5312971414817537, -0.004376063279659077, 0.8470605693619552]]","[-0.045250511265585686, 1.3178166085504228, -0.00384196897804357]",[0.8895321745776872],"[-0.0022735142790687407, -0.3770035554452885, 0.0, -0.9262043614759244]",[0.503714141937],"[-13.091768207499362, 0.6727711279958241, 0.8658467861317263]","[1867.9913847911907, 1939.0450145345173, 1808.1373579089925, 1980.0233484262224]"
9,0.18000000000000682,"[-1.4946733701869266, -0.062019342169716114, 1.8529605291831623]","[0.24713414315360233, 0.0, 2.1534390190867687]","[0.31510453756970275, 0.04094997046392961, 0.5716048656788406]","[-0.0238685707886549, 0.0, 0.028642057630858725]","[0.004495089091625949, -0.28914974235251534, -0.006009759036902605, -0.9572443008501773]","[[0.8326931666298788, -0.014105122880506228, 0.5535198571139047], [0.008906107469725248, 0.9998679019830474, 0.012081237383787658], [-0.553627914723065, -0.005130356275303302, 0.8327249893853588]]","[-0.07644750624817691, 1.3514569315625022, 0.0027809367818361266]",[0.8451915707291986],"[0.00039351867871930904, -0.3797579259343402, 0.0, -0.925084315368741]",[0.503714141937],"[-13.002693671499049, -1.3549145322466445, 4.031415786492978]","[1894.990525310838, 1940.9309734545748, 1859.722051682431, 1946.8211046634767]"
10,0.19999999999998863,"[-1.487546481449131, -0.061338499584835636, 1.865553128251848]","[0.2466356341611763, 0.0, 2.1540372241720185]","[0.40136008633004394, 0.041659785889298195, 0.6805243583288172]","[-0.025857976203643187, 0.0, 0.031029231184106505]","[0.005225514866444328, -0.30177374060744266, -0.005811647954326125, -0.9533332171875709]","[[0.8177703632266705, -0.014234720418611992, 0.575321124286474], [0.007927027747225167, 0.9998505322558479, 0.013470919282718876], [-0.5754425996976094, -0.006455708313636529, 0.8177833017193217]]","[-0.09365802247794668, 1.2931512591362029, 0.004831906182368735]",[0.7871849460057843],"[0.0012130574789905079, -0.38266666539038546, 0.0, -0.9238772418083481]",[0.5040344210639477],"[-11.278361013327334, -0.3998906036533496, 4.480885853229935]","[1850.299949616824, 1926.0733018348292, 1843.346362475205, 1870.9096830172678]"
11,0.21999999999999886,"[-1.4782855797505754, -0.06054634316624266, 1.88020102341451]","[0.24609360767825927, 0.0, 2.1546876473589776]","[0.4957683507208293, 0.042058521474895624, 0.7456379648900247]","[-0.027847369342277346, 0.0, 0.03341634581117098]","[0.006116928587043154, -0.31376411599969517, -0.005640531586183418, -0.9494290665929473]","[[0.8029732332212494, -0.014549114659410037, 0.5957245381100924], [0.006872023896422599, 0.9997942405687117, 0.015154772411438594], [-0.595862549025715, -0.0080755867838098, 0.8029620307837209]]","[-0.08449151676441426, 1.2499596480187838, -0.006344922090091047]",[0.7448801116673954],"[0.001671265511831975, -0.37385539206996254, 0.0, -0.9274648679804435]",[0.5065964097492518],"[-10.310115151402446, -0.49469720093312525, 3.298067302926686]","[1766.4702567291774, 1850.306918748755, 1792.7240798404634, 1770.19909266162]"
12,0.2400000000000091,"[-1.4677724952640425, -0.05974135156790728, 1.895622071200907]","[0.24552298283038648, 0.0, 2.1553723859245917]","[0.5855449428966911, 0.04453296507666593, 0.8031436821358449]","[-0.029836752132150167, 0.0, 0.03580341076464328]","[0.006900975722032372, -0.3256566394211787, -0.0053710729522998355, -0.9454396589851152]","[[0.7878226770240525, -0.014650747885541474, 0.6157032729531053], [0.005661353636084656, 0.9998319236904115, 0.016547163402069597], [-0.6158515355292857, -0.009550661131141783, 0.7877851269415381]]","[-0.08378759507640188, 1.2280950799328245, -0.011569964386513507]",[0.6780235884868536],"[0.001985137042420541, -0.35875653848541705, 0.0, -0.9334069521754255]",[0.5075571213000001],"[-10.083397169021632, 0.5746538971828627, 4.400948110796897]","[1665.8228528842262, 1713.1822240726192, 1689.126285048369, 1658.4845749314304]"
13,0.2599999999999909,"[-1.4554068945457606, -0.05890385742751186, 1.9120889497475986]","[0.24490759768119413, 0.0, 2.1561108319591082]","[0.6621573091581052, 0.05637674098324846, 0.8278784899783395]","[-0.03182611658230484, 0.0, 0.03819038768871208]","[0.007113809879348075, -0.33669468235348216, -0.004953855573858327, -0.9415709315850814]","[[0.7732185756868387, -0.014119176730531792, 0.6339733698731782], [0.00453844889993114, 0.9998439813550642, 0.016732186848164358], [-0.6341143330200669, -0.010060439532703334, 0.773166444474933]]","[-0.045512478297624503, 1.1535585661390386, -0.03469988557504223]",[0.6229804652722227],"[-0.0009137303815289529, -0.3421621840465609, 0.0, -0.9396342130879903]",[0.5075571213000001],"[-12.012540351403434, -0.012940208571977307, 1.8760393158980442]","[1570.4372232387022, 1533.1778691763136, 1559.8388094648217, 1503.9396693804986]"
14,0.28000000000000114,"[-1.4415492948587405, -0.05800239713943289, 1.9282707606843295]","[0.24424123524764865, 0.0, 2.1569104426643495]","[0.7112837897131105, 0.05200014940266024, 0.8156723010053046]","[-0.033815453491390125, 0.0, 0.040577232417541985]","[0.007385483329724026, -0.3468333790268778, -0.004686106762598139, -0.937853144210116]","[[0.759307713065022, -0.013912824200803624, 0.6504883317479995], [0.003666695644824184, 0.9997854079513985, 0.017103594010491382], [-0.6506267684015055, -0.010602401038680919, 0.7592425415301757]]","[-0.03318113309691123, 1.0815629162596427, -0.028355490740920454]",[0.5811546413959469],"[0.0026111316445391612, -0.3284331606931764, 0.0, -0.9444391964734369]",[0.5075571213000001],"[-12.832400453875305, -0.7083489172217856, 1.2109072693552925]","[1509.9469889766383, 1392.4866432190179, 1509.8580841884059, 1353.7050623199698]"
15,0.30000000000001137,"[-1.4272389615729537, -0.057075416458378256, 1.9442155932842533]","[0.2435549798610451, 0.0, 2.157733921177192]","[0.760011595477646, 0.054617706585990855, 0.7956694003789214]","[-0.035804778167995, 0.0, 0.04296401843180334]","[0.007599165210051684, -0.3566696686694458, -0.004420798456266968, -0.9341868426260759]","[[0.7455300082398031, -0.013680486978759565, 0.6663250345139374], [0.0028389200282255096, 0.9998410187135683, 0.01735160974964648], [-0.6664594120252555, -0.011044550867041932, 0.7454536005340057]]","[-0.029938671149179558, 1.0033955166131467, -0.01974185732385151]",[0.5462485131702793],"[0.0030808615490457453, -0.31479325407922465, 0.0, -0.9491499165034719]",[0.5075571213000001],"[-14.02368549878167, -0.6760269374632926, 0.5101142275192352]","[1447.5543008137402, 1247.9067324504813, 1456.3949771173504, 1212.7746929309903]"
16,0.3199999999999932,"[-1.412068401547491, -0.056227987551146136, 1.9589289356518749]","[0.24281526193662323, 0.0, 2.1586215421726322]","[0.7796123370311248, 0.048650823554871304, 0.7431919737532799]","[-0.03779406394728546, 0.0, 0.04535061774299037]","[0.007647315355926043, -0.36475869761249846, -0.004154327238398456, -0.9310532861245657]","[[0.7338525371167356, -0.013314649632814635, 0.6791560292082995], [0.0021569504749760614, 0.9998333892203618, 0.017270770170200286], [-0.6792831070102344, -0.011209462198462895, 0.7337700911220371]]","[-0.009297620967597717, 0.8356059460001181, -0.03396535902686047]",[0.5261575352946908],"[0.008515466590320035, -0.30894919954285954, 0.0, -0.9510227218652076]",[0.5075571213000001],"[-16.231562495254547, -0.9911301153270728, -2.428093962623251]","[1390.3186096585193, 1150.6393874648597, 1376.0931373420922, 1123.2558983045133]"
17,0.3400000000000034,"[-1.396627921452212, -0.05543827398103504, 1.9723042842971072]","[0.24203948806218392, 0.0, 2.1595524192806925]","[0.7933515523075221, 0.04697930159726442, 0.6672440060912169]","[-0.03978331775792418, 0.0, 0.04773706360954194]","[0.007332782296119825, -0.3713382097803961, -0.003838678941638348, -0.9284555489882742]","[[0.7241766746443935, -0.012573970029398156, 0.6894857464499938], [0.0016822010271960834, 0.9998532673378078, 0.01646722115693024], [-0.6895983392379287, -0.010765428492491482, 0.7240986061640229]]","[0.02622535082509872, 0.6763084592767065, -0.05307269597528584]",[0.5279176801172129],"[0.009401095035804535, -0.3012628267679875, 0.0, -0.9534905475803279]",[0.5075571213000001],"[-17.597176281112443, -1.0604158507030248, -5.069327262223494]","[1349.9939734389768, 1033.0358860679496, 1309.1328058884903, 1035.094003808276]"
18,0.36000000000001364,"[-1.3811536562215705, -0.05473948004071271, 1.9838769009215276]","[0.2412239295053736, 0.0, 2.1605310234141264]","[0.7937640753144215, 0.03870688439068107, 0.5721718965354256]","[-0.04177253114766214, 0.0, 0.050123315463200244]","[0.006679551160118308, -0.3764370439412292, -0.0035638386461136276, -0.9264082090230394]","[[0.7165592371518696, -0.011631999741924727, 0.6974211256899163], [0.0015742777676481514, 0.9998797004468902, 0.015059103824698987], [-0.6975163450601689, -0.009692860284592882, 0.7164954062362595]]","[0.05300165436191266, 0.5102287104883317, -0.052070065886466364]",[0.5505840842303263],"[0.012624484777333796, -0.29764523545469207, 0.0, -0.9545899054019963]",[0.5075571213000001],"[-20.491252555830496, -1.7095919267589559, -7.507140451159618]","[1322.64989832663, 947.509096207252, 1259.4158158626658, 981.5108525248022]"
19,0.37999999999999545,"[-1.3658872459304952, -0.0541192355655652, 1.9933585685498965]","[0.24036858713721826, 0.0, 2.1615573503915635]","[0.7821039841629361, 0.030996098582738812, 0.4688533141950079]","[-0.04376169775759627, 0.0, 0.052509342783773394]","[0.005907640610357587, -0.37971261345057145, -0.0033820400983519136, -0.9250784795409759]","[[0.7116119865187349, -0.010743716334831219, 0.702487974471908], [0.0017708937128887853, 0.9999055237104988, 0.013498468956087905], [-0.7025678939816317, -0.008361655817928573, 0.7115650624740264]]","[0.06750872884022957, 0.3152464053615639, -0.04590193846770148]",[0.5844537815984492],"[0.014614958908009013, -0.29763439332949304, 0.0, -0.9545677153656105]",[0.5075571213000001],"[-22.70178478327528, -0.44692350459227903, -9.153927008877197]","[1288.940376952175, 928.671989397902, 1227.350359465925, 974.7066561613515]"
20,0.4000000000000057,"[-1.3509738447425006, -0.05356407635906501, 2.0005631149139553]","[0.2394734619623672, 0.0, 2.1626313953903775]","[0.7684490212994545, 0.037506741133349106, 0.3619800822806213]","[-0.04575081059389927, 0.0, 0.054895112004917805]","[0.005189742476438509, -0.3811090493249298, -0.003302349858102971, -0.924509514521516]","[[0.7094897628758439, -0.010061823371063323, 0.7046436076516333], [0.002150392085316576, 0.9999241109766038, 0.012113043424687593], [-0.704712161032956, -0.007078821764847832, 0.709457707051071]]","[0.07107991358820419, 0.12146607209267785, -0.041888061572971154]",[0.6196939686234436],"[0.010886644248870737, -0.2965228349976335, 0.0, -0.9549578556323218]",[0.5075571213000001],"[-24.651349423675484, 0.6000936112403514, -11.66835078671204]","[1278.6379608255463, 947.788430574601, 1216.9893695996893, 1007.7687207166194]"
21,0.4199999999999875,"[-1.3364747198750258, -0.05313454932052046, 2.0054701013290557]","[0.23853855513247824, 0.0, 2.1637531528904232]","[0.7469925297016748, 0.041350402688395266, 0.24190184951182891]","[-0.04773986199769976, 0.0, 0.057280586369238766]","[0.00432615711318122, -0.38076884345756024, -0.003191016784488542, -0.9246544293684319]","[[0.7100094346499014, -0.009195707289136105, 0.7041315856571353], [0.0026066439267292607, 0.9999418276751816, 0.010430480214660257], [-0.7041868050169773, -0.005570321132726798, 0.7099923685554034]]","[0.07373188743818711, -0.07124467396341364, -0.04341146947506922]",[0.667995955471544],"[0.007827735457086106, -0.2979514758504802, 0.0, -0.9545467395773984]",[0.5074212528193234],"[-27.130087578309613, -0.7965783783224916, -13.872103501551155]","[1297.5172340083666, 991.4529211516422, 1230.6094996829115, 1065.757670993098]"
22,0.4399999999999977,"[-1.3223602855990013, -0.052783134433329694, 2.008135407438948]","[0.23756386795783105, 0.0, 2.164922616601545]","[0.7249678450049528, 0.032250117546263356, 0.1307301112017904]","[-0.049728843614992156, 0.0, 0.059665725783767005]","[0.0034244184383558597, -0.37862672372790696, -0.003019736083649172, -0.925536951443121]","[[0.7132630604013234, -0.008182907326023118, 0.7008453655482], [0.002996601990070659, 0.999955998959899, 0.008625557163553045], [-0.7008867289078952, -0.004052146044052937, 0.7132578447300713]]","[0.06751575898692849, -0.25999569837338, -0.04280080225670674]",[0.7114709126828098],"[0.008807550905150799, -0.29979473915780275, 0.0, -0.9539624058028162]",[0.507339793453],"[-27.74898517469888, -1.3325115007831263, -13.947183621056848]","[1335.38163005386, 1097.7515424640585, 1260.138163311539, 1181.0392529678245]"
23,0.46000000000000796,"[-1.3085697492340975, -0.05244028038199817, 2.0086876959379096]","[0.2365494019232135, 0.0, 2.166139779389816]","[0.7144702651993917, 0.028920959540809848, 0.03185612635496798]","[-0.05171774636619175, 0.0, 0.06205048667515914]","[0.002960797709902652, -0.3750755709473519, -0.0029702046834090335, -0.9269824324074495]","[[0.7186146902777674, -0.0077277009073517065, 0.6953593418363291], [0.0032856093413463103, 0.9999605254745734, 0.007717317360904216], [-0.6953945185372274, -0.0032611124910636494, 0.718614801863332]]","[0.039021980184319224, -0.40252737764536184, -0.020481420866652254]",[0.7416319288032153],"[0.008944351643577307, -0.2967316178264659, 0.0, -0.9549151283955262]",[0.507339793453],"[-27.118466643374113, -0.27923722075012225, -13.434791520679072]","[1371.7464488638664, 1216.097432064322, 1326.3840650593816, 1256.9698354657485]"
24,0.47999999999998977,"[-1.2948973085348139, -0.05209764464991059, 2.0074030109400063]","[0.23549515855555586, 0.0, 2.167404633400527]","[0.7131037985166669, 0.03054628271307606, -0.052946207112019035]","[-0.053706560415707, 0.0, 0.06443482184332762]","[0.002792370891067744, -0.3707215521292755, -0.0030137771508971034, -0.928731943850394]","[[0.7251072687974705, -0.007668366365083622, 0.6885850643053377], [0.0035275980816546547, 0.999960612553362, 0.0074212723775298455], [-0.688618726639691, -0.002952183804920566, 0.7251098398325144]]","[0.018706005924245907, -0.4849932989443278, -0.003032758202088999]",[0.7750017402454626],"[0.007420546407592916, -0.2972969668056649, 0.0, -0.9547536238837803]",[0.507339793453],"[-26.951311060427667, -0.4888226812347872, -13.320606237615015]","[1424.0644263406891, 1307.2878808237604, 1392.8585872158403, 1320.1937689404472]"
25,0.5,"[-1.2811588846942057, -0.051736197567054436, 2.004653649495475]","[0.23440114011858787, 0.0, 2.168717169151196]","[0.7204654142265392, 0.026506030598618016, -0.12684966779703763]","[-0.0556952751434009, 0.0, 0.06681868032505739]","[0.002814976492549705, -0.3656497385838252, -0.003121061255656894, -0.9307389177682193]","[[0.7325733847912284, -0.00786837718799766, 0.6806313125153506], [0.0037511955135160085, 0.9999569992587606, 0.007522446812907477], [-0.6806664553716165, -0.0029575858839672826, 0.7325770186526442]]","[0.00448975553045711, -0.5549434059228229, 0.012927815778463726]",[0.8015875319704922],"[0.007557162565085989, -0.29499622709009793, 0.0, -0.9554633082156951]",[0.507339793453],"[-25.904440521971853, -0.3778926252570325, -12.755834914020802]","[1468.4578672096218, 1434.2925996223637, 1466.4531848015713, 1422.9089108406072]"
26,0.5200000000000102,"[-1.267502196007192, -0.05134670396074267, 2.0009028218350084]","[0.23326672684396207, 0.0, 2.1700781217952225]","[0.7428229197605193, 0.030611034585226328, -0.1832652214498897]","[-0.057683877179166496, 0.0, 0.06920199796228708]","[0.003073310865091561, -0.3603927401062558, -0.003322410795623186, -0.9327852816330627]","[[0.7402038613361555, -0.008413389627129553, 0.672317665554657], [0.003982993931654853, 0.999950825099399, 0.008128223742467258], [-0.672358508759443, -0.003338732820894276, 0.7402070476837982]]","[-0.010494454490724548, -0.576405411403445, 0.029490096917705808]",[0.8197768247212225],"[0.0073450617028245615, -0.2926378507802211, 0.0, -0.9561949648001424]",[0.507339793453],"[-24.746852827173928, 0.43238088838642846, -11.518531821041037]","[1509.7996385633091, 1509.0027746861056, 1530.18468082271, 1477.6685164574035]"
27,0.539999999999992,"[-1.2531001519981873, -0.050883925615549525, 1.9963971140342605]","[0.23209358662240342, 0.0, 2.1714854840845885]","[0.7717233610954201, 0.03575806200652473, -0.22354856368604567]","[-0.05967235930558659, 0.0, 0.07158474012824183]","[0.003489830444920316, -0.3551679585926536, -0.003614052268022279, -0.9347848744680356]","[[0.7476776002660865, -0.009235674701281931, 0.6639860463169354], [0.004277770881454569, 0.9999418000547637, 0.009091672561300378], [-0.6640364960354732, -0.003957290296177888, 0.74767936518061]]","[-0.024044129328742208, -0.5685439708336201, 0.04487860709092278]",[0.8341395635655827],"[0.005620785284934513, -0.28741452405277634, 0.0, -0.9577779051445592]",[0.507339793453],"[-23.85344178653071, -0.15342068723983351, -9.895417933673968]","[1561.7687960142018, 1586.2816213243236, 1594.172076960781, 1540.0134390540973]"
28,0.5600000000000023,"[-1.2376136851315203, -0.050371933548890434, 1.9914485252932685]","[0.2308802557540736, 0.0, 2.1729410008504932]","[0.8117667110455821, 0.03439228871241001, -0.24256623246289655]","[-0.061660703954115124, 0.0, 0.07396682252277784]","[0.0040018814097478265, -0.34962235755745813, -0.004006383482635746, -0.9368686766222236]","[[0.7554870882780492, -0.010305204809118972, 0.6550684047416364], [0.004708615956553376, 0.9999266439764841, 0.010299917157655788], [-0.6551325370279544, -0.0046970322037423115, 0.7554871603856337]]","[-0.027480855739601687, -0.5980330750565857, 0.05461986140691926]",[0.8434804213720897],"[0.00489826214800673, -0.2809278898203672, 0.0, -0.9597134032156052]",[0.507339793453],"[-21.908384054054373, -0.5828025818578579, -7.929219687621689]","[1587.9720582928182, 1653.790437196137, 1619.0698542679545, 1612.6437432334328]"
29,0.5800000000000125,"[-1.221214752657076, -0.049852691742629414, 1.9865106884299537]","[0.22962715947122153, 0.0, 2.1744441521664895]","[0.8669583612548415, 0.03548868758687568, -0.24288121703544838]","[-0.06364889832862704, 0.0, 0.07634818375500733]","[0.004393352744481439, -0.34404015351794026, -0.004436137236165774, -0.9389298271859925]","[[0.7632252153816291, -0.01135342264239267, 0.6460201447438811], [0.005307463631713237, 0.9999138667502501, 0.011302518537800375], [-0.6460981028066868, -0.005197681194771878, 0.7632259709121104]]","[-0.028877590968202523, -0.5901205265692777, 0.06331675330492142]",[0.8449690343333817],"[0.004636480597359998, -0.2769277457621211, 0.0, -0.9608777696147254]",[0.507339793453],"[-19.958807512726708, 0.04307686719164444, -5.522815740699574]","[1638.1081257446972, 1676.9469807385335, 1647.046555355141, 1665.3646172764736]"
30,0.5999999999999943,"[-1.2037348241860455, -0.04932049958058644, 1.9818891445019462]","[0.22833430092811025, 0.0, 2.175994922905782]","[0.9292137173384484, 0.04104076592745284, -0.2209973287859523]","[-0.06563692742568937, 0.0, 0.0787287518467822]","[0.0049933866600241975, -0.33877514542575204, -0.004962949083035071, -0.9408370425773409]","[[0.7704060445741735, -0.012721923259322702, 0.6374148479946551], [0.00595538209165587, 0.9998933750699794, 0.012758573870016242], [-0.6375139756896375, -0.006033278680633004, 0.7704054384807021]]","[-0.04107564002033423, -0.5580189849692055, 0.07616628254100082]",[0.8350468034894082],"[0.003551134469431399, -0.2683751940996559, 0.0, -0.9632871354104876]",[0.507339793453],"[-19.04855570130056, -0.11268693399974578, -3.051021270974733]","[1687.4912441313186, 1688.9760371515436, 1687.8802296429542, 1691.7493635089338]"
31,0.6200000000000045,"[-1.1849590760479758, -0.048774147342209785, 1.9778690766126887]","[0.22700168590527156, 0.0, 2.1775932936665554]","[0.9897990742868454, 0.040715971183034154, -0.18806592769992678]","[-0.06762477528674163, 0.0, 0.08110845024225138]","[0.005703429377200703, -0.33343180468368117, -0.005556701138973902, -0.9427361038942397]","[[0.777576245390187, -0.014280415064773788, 0.6286130164188046], [0.006673596064269972, 0.9998647239260986, 0.01445921935750815], [-0.6287397854288701, -0.007048095802084413, 0.7775729410319614]]","[-0.04271114744546822, -0.5755058616718054, 0.08131714816538127]",[0.8276773987055317],"[0.0038518864134767707, -0.2594506158651748, 0.0, -0.9657427381502861]",[0.5082667826626435],"[-18.419783591464668, -0.997737112107961, -2.864010660576703]","[1693.8772083603747, 1705.409305465418, 1697.4079062702808, 1707.388840192147]"
32,0.6399999999999864,"[-1.1647956971868128, -0.0482008027544743, 1.974749087518385]","[0.22562931185046564, 0.0, 2.1792392538399468]","[1.0534607538032839, 0.03699752627787144, -0.15815949160855217]","[-0.06961242491302777, 0.0, 0.08348719740247146]","[0.0062202934866675535, -0.32786993631964056, -0.006101946527792586, -0.944678111539708]","[[0.7849194975796161, -0.01560764510390909, 0.619387192749679], [0.007449856186456425, 0.9998395037619858, 0.015753639847402114], [-0.6195390163426504, -0.007751060569429287, 0.7849165809803517]]","[-0.026100300280741694, -0.591435794870579, 0.07104876078660245]",[0.817971526201909],"[0.005049477797544638, -0.2503070228372575, 0.0, -0.9681365741830751]",[0.508951121129],"[-16.895546285274882, -0.8184284647393528, -1.460747949301826]","[1674.6125342139696, 1722.3307796691035, 1689.227441404383, 1714.9516223246303]"
33,0.6599999999999966,"[-1.143318396882532, -0.04766128094775651, 1.9726483319999353]","[0.22421718864487916, 0.0, 2.180932776686104]","[1.122838630889613, 0.03827259372900347, -0.1070053655555161]","[-0.07159985833798921, 0.0, 0.08586490715341821]","[0.006676773231017744, -0.322319658071579, -0.006613731407195744, -0.9465798415408662]","[[0.7921242722898036, -0.016824960184520614, 0.6101142649561694], [0.008216739125148172, 0.999815037647006, 0.016903669185531336], [-0.6102908984954362, -0.008376726602552956, 0.7921225965744998]]","[-0.018225892049429936, -0.5918886801085009, 0.06367902350289559]",[0.7911275682462993],"[0.00523542259437803, -0.23927164848834764, 0.0, -0.9709224585571611]",[0.508951121129],"[-15.906218665366765, -0.6816122700762299, 1.116762253550025]","[1669.4784767399076, 1699.4819626856372, 1679.542175033752, 1701.4595679391125]"
34,0.6800000000000068,"[-1.1205320503867744, -0.04716302031988019, 1.971611239221321]","[0.22276531909067251, 0.0, 2.1826738425971]","[1.18345141428167, 0.036173203660481025, -0.055582843195647096]","[-0.0735870565014063, 0.0, 0.08824148808350524]","[0.006991540744290746, -0.31666532208068315, -0.007044603201507017, -0.94848066254181]","[[0.7993378962150004, -0.01779129682708116, 0.6006033637215826], [0.008935382820556965, 0.9997939853479678, 0.017724245478137553], [-0.6008003742428254, -0.00880111931119423, 0.7993393857995755]]","[0.00024575231720711313, -0.6114919204481964, 0.04517627637898196]",[0.7664289759795253],"[0.006234968477697415, -0.22934390115412676, 0.0, -0.9733138675978598]",[0.508951121129],"[-15.701741481530224, -1.0005709298760537, 0.7706079930892571]","[1667.45605432576, 1678.5694961447816, 1673.4456849476646, 1688.4869630471312]"
35,0.6999999999999886,"[-1.0965529035998358, -0.04667766284566127, 1.9717141089394254]","[0.22127370754754797, 0.0, 2.1844624286892427]","[1.2406946697871113, 0.03412929840230943, -0.01338880899570176]","[-0.07557399925998891, 0.0, 0.09061684359710405]","[0.006849531035090727, -0.31080391826269593, -0.007283884597983789, -0.9504164721691313]","[[0.8066862560635364, -0.01810316997454192, 0.5906865446759292], [0.009587725638669373, 0.9997905751276241, 0.01754753399122114], [-0.5908861094503689, -0.008492094498314486, 0.8066985338624085]]","[0.022707134452490486, -0.6257016102827246, 0.021767746794396255]",[0.7435423461874732],"[0.0072908528152780365, -0.2174463721444239, 0.0, -0.9760195572880607]",[0.508951121129],"[-15.081746382783994, -0.934298223677585, 1.7971437591899502]","[1653.2001906669545, 1650.6877733314718, 1655.7147173791893, 1666.392976697281]"
36,0.7199999999999989,"[-1.0714561010693335, -0.04628232215276284, 1.9728411472942957]","[0.21974236082733753, 0.0, 2.186298507658868]","[1.292148247138901, 0.03183343640521058, 0.04117501915895634]","[-0.07756066536714204, 0.0, 0.09299087181820126]","[0.006668663542250357, -0.30491341123922494, -0.007449378523641898, -0.952322775542496]","[[0.8139354582964738, -0.018255155561551044, 0.5806526173849923], [0.010121695765254207, 0.9997908928566758, 0.01724427118194157], [-0.5808513269808845, -0.00815860951291808, 0.8139575026303713]]","[0.03034667304632375, -0.6262942799079743, 0.008501518292260148]",[0.7159087299252823],"[0.008507492318794056, -0.2058570070600233, 0.0, -0.9785319753859957]",[0.508951121129],"[-15.248284880013172, -1.0566905038681251, 2.9727360750448604]","[1636.5585367444874, 1583.5742016258637, 1614.2847273514672, 1620.0796237957052]"
37,0.7400000000000091,"[-1.0454153029851925, -0.04594404314591995, 1.9748746425343444]","[0.21817128333491362, 0.0, 2.1881820535095624]","[1.3296723948317224, 0.028005393657685416, 0.08359531617543724]","[-0.07954703240921383, 0.0, 0.09536346528712683]","[0.006368900456048331, -0.2986634481201928, -0.007521086674891523, -0.9543016001944871]","[[0.8214756850389634, -0.018159085639976154, 0.5699342108166989], [0.0105504545562255, 0.9997942697390114, 0.016648251153240517], [-0.5701258150261137, -0.007663156433504767, 0.8215076927424677]]","[0.04123621814832228, -0.6766115562826677, -0.005347527313160393]",[0.6970196169635072],"[0.010018642099308165, -0.19632351327215872, 0.0, -0.9804766266551603]",[0.508951121129],"[-16.076580526380095, -1.015121068138784, 1.107866461902411]","[1595.4131524977054, 1540.6754696044513, 1573.2914779700573, 1571.390378921227]"
38,0.7599999999999909,"[-1.0186544708304945, -0.045634332733543434, 1.9777390301161664]","[0.21656048168752548, 0.0, 2.19011303594179]","[1.3563885057761063, 0.025990130495817273, 0.10919990362363305]","[-0.08153307680665318, 0.0, 0.09773451096969608]","[0.005890844482555047, -0.29182269814447104, -0.007520882241804115, -0.9564177374517862]","[[0.8295525397390973, -0.01782437461719259, 0.558120200697505], [0.010948046092197851, 0.9998041099463, 0.0156577445998315], [-0.5582974180881373, -0.006878688006911042, 0.829596262981052]]","[0.048423534766293415, -0.7384114838304934, -0.008497815775440511]",[0.6834278948001835],"[0.011043811712656391, -0.18652560966341436, 0.0, -0.9823745930214797]",[0.508951121129],"[-16.38565799669815, -0.6448576659941729, 0.3240608604570028]","[1540.5471955302023, 1514.1243939460394, 1536.495161423923, 1525.8357958321349]"
39,0.7800000000000011,"[-0.9913952573243708, -0.04536907057043769, 1.981191733750741]","[0.21490996258440553, 0.0, 2.19209142282917]","[1.3762160251807931, 0.025846318847652226, 0.13577649723655677]","[-0.08351877376958046, 0.0, 0.10010389004556486]","[0.0055998277999402555, -0.28462164800738077, -0.007596158692587244, -0.9585861290384297]","[[0.8378515407149496, -0.01775080914733073, 0.5455836532466282], [0.011375480279424569, 0.9998077896010463, 0.015059896919272576], [-0.5457538019691063, -0.006411772096833487, 0.8379042278259375]]","[0.03695139399106758, -0.7669737488283255, 0.0021465939362874404]",[0.6666056729391877],"[0.011535129219238896, -0.17648873979893398, 0.0, -0.9842224149139713]",[0.508951121129],"[-16.47495185880888, -0.6561078078657658, 0.9712081464424784]","[1498.2531513253734, 1449.2029192074037, 1492.3425969352918, 1467.083908394738]"
40,0.8000000000000114,"[-0.9637268311928608, -0.04511221030884904, 1.9851006354245617]","[0.2132197336403387, 0.0, 2.1941171791103145]","[1.387336998328873, 0.023593193128241166, 0.16081809711266543]","[-0.0855040972745009, 0.0, 0.10247147779959576]","[0.005349246549906225, -0.276710764307679, -0.00770167099679067, -0.960897915744011]","[[0.8467252560999534, -0.01776142741971404, 0.5316991971003459], [0.011840651014534975, 0.9998057213901298, 0.014542430257147927], [-0.5318639896483782, -0.006017889185275006, 0.8467866586949356]]","[0.034329946492546184, -0.8558795592941549, 0.006269659210593807]",[0.6533812082223783],"[0.01258187628877647, -0.1682017388844207, 0.0, -0.9856655823495794]",[0.508951121129],"[-16.83657539971204, -0.7929129077848358, 0.6201303514428353]","[1453.1234833978697, 1394.7325639805206, 1435.18231650398, 1420.1835562361782]"
41,0.8199999999999932,"[-0.935846968673375, -0.04489323762992023, 1.9893668220506582]","[0.2114898014774996, 0.0, 2.196190268994923]","[1.3902969765829365, 0.021945505527236512, 0.17893122408672052]","[-0.08748902001487462, 0.0, 0.10483714338819733]","[0.00510577967391194, -0.2677894170881772, -0.007818833703922331, -0.9634203136243459]","[[0.8564324636251961, -0.017800193963734, 0.5159076859083466], [0.012331098913103833, 0.9998026694618906, 0.014025625549239612], [-0.5160673708771434, -0.005650421869708593, 0.8565025939740183]]","[0.025088742281479497, -0.957104083679854, 0.01336493749766378]",[0.6458116109760517],"[0.013362310017655497, -0.16133546724600917, 0.0, -0.9868034248311306]",[0.5096651905678413],"[-16.774536606696685, -0.46324290222113734, -0.11891961437704524]","[1403.6512883886758, 1369.904597510459, 1381.8404860052597, 1404.7546478260158]"
42,0.8400000000000034,"[-0.9079005003536228, -0.044711359016181895, 1.9939067702687947]","[0.20972017540629853, 0.0, 2.198310651471547]","[1.3902408122373868, 0.02280261284139882, 0.1931083017534226]","[-0.08947351340765969, 0.0, 0.10720074987577155]","[0.005006252186044932, -0.258390130434358, -0.008004557994194927, -0.9659824608323814]","[[0.8663176447421665, -0.018051657568894732, 0.4991205224316488], [0.012877392947536972, 0.999798438632035, 0.013808501180825165], [-0.4992808137754758, -0.005535306044067524, 0.8663956655176308]]","[0.00553917792278923, -0.9839147704568104, 0.027584230195982686]",[0.6380240348024444],"[0.013225316760465138, -0.1545438370186147, 0.0, -0.9878914530650089]",[0.510192163086],"[-16.662133150953785, -0.5686045493198013, -0.5563544847274144]","[1374.282335222295, 1345.8357905953355, 1347.1853672080485, 1397.6839815183428]"
43,0.8600000000000136,"[-0.8799794623830877, -0.044499988751117395, 1.998698327759904]","[0.20791086400864872, 0.0, 2.2004782842966604]","[1.3829750898728408, 0.019727903567793546, 0.20406377113410945]","[-0.09145754752916956, 0.0, 0.10956215392913468]","[0.005148928779396811, -0.2486277655136671, -0.008239021951447233, -0.968536971921614]","[[0.8762067301796292, -0.018519928059321705, 0.4815255220180087], [0.013399261430479934, 0.9997852388131168, 0.014070755012886835], [-0.4816952105669683, -0.005876956541661322, 0.8762894702099115]]","[-0.018554169604029606, -1.0238085356979636, 0.03860517053600729]",[0.6324212265351579],"[0.014198922386766765, -0.14895221410623669, 0.0, -0.9887392380015526]",[0.510192163086],"[-16.737331765041013, -0.9319569826964997, -0.7538300252131762]","[1341.447756326668, 1334.7921618851335, 1318.856899020969, 1382.9898642512258]"
44,0.8799999999999955,"[-0.8523004158645329, -0.044278855187571825, 2.0036514172256905]","[0.20606187678061727, 0.0, 2.202693121943988]","[1.371644247029904, 0.01680899301876441, 0.21584238515073717]","[-0.09344109110115334, 0.0, 0.11192120575547143]","[0.005686318315584704, -0.23842260585765004, -0.008549635184566837, -0.9710928136759714]","[[0.8861351517433597, -0.019316472235643763, 0.46296372643824196], [0.01389348491349261, 0.999761161279292, 0.015120738304750074], [-0.4631581902268082, -0.00696703310540337, 0.8862166758349657]]","[-0.039934269487182636, -1.064905446797453, 0.04831807279947926]",[0.6276018898345278],"[0.015168574345741915, -0.14392957409669088, 0.0, -0.9894681415432368]",[0.510192163086],"[-16.62630059572928, -0.5965920756557714, -0.8362086342567281]","[1302.822460426822, 1334.153800187087, 1289.610202183117, 1370.383895910253]"
