,t,p,p_d,v,v_d,q,R,w,T_sp,q_sp,hover_throttle,fa,pwm
0,0.0,"[0.4294634908299535, -0.014656782668560653, 2.205396446892189]","[0.24863219372003134, 0.0, 2.1516413664827883]","[0.002377249434685223, -0.00048051480677276884, -0.02949539760098721]","[-0.016451208957629082, 0.0, 0.01974141370352259]","[0.0008997030373624102, 0.028447486647024452, 0.007685708845643934, -0.9995650797296048]","[[0.9982628284634141, 0.015415920930432526, -0.05685639880569431], [-0.015313543769865906, 0.9998797285253684, 0.0022359016760669973], [0.056884058228065144, -0.0013613452770295034, 0.9983793497732232]]","[-0.00553995810037532, -0.08807347347748234, 0.003655295745043514]",[0.4513800287445088],"[0.006712415375620509, 0.06282631986925603, 0.0, -0.9980013317263653]",[0.44736245282700005],"[1.4879646574190453, -0.058514832830363794, -0.19052179646574885]","[1015.0320697842834, 960.2786472048209, 944.3305291557307, 918.4913321915766]"
1,0.020007987220449053,"[0.42952823314005184, -0.014546275874604131, 2.2050825520970827]","[0.24828813927868723, 0.0, 2.152054230903719]","[-0.00036239384408091527, -0.0010406018349067884, -0.029633944729776245]","[-0.01844143304769822, 0.0, 0.02212965668391421]","[0.0010018054191414732, 0.02999699660520123, 0.007634532859819171, -0.9995200480257663]","[[0.998083224122208, 0.015321839608915616, -0.059949902342135805], [-0.01520163499388738, 0.9998808565046773, 0.0024606753138621024], [0.05998049560770213, -0.0015446230887489307, 0.9981977890779876]]","[-0.006714133942810976, -0.16392797830253142, 0.0052172287357164235]",[0.4529608199759729],"[0.00630078552556603, 0.06354824244738963, 0.0, -0.9979549434447375]",[0.44736245282700005],"[1.5744179968997123, -0.06462281583982511, -0.2772578095215472]","[1039.199300032848, 941.3823850825302, 939.6736294906367, 927.1500630983979]"
2,0.04001597444089455,"[0.4295318426234628, -0.014410397824309421, 2.2048508391953936]","[0.24789500212285595, 0.0, 2.15252599371808]","[-0.0025567562366343374, 0.0062181546689365295, -0.016268522022534627]","[-0.020431652057975983, 0.0, 0.0245178752815202]","[0.0010151341992388036, 0.031856355763778835, 0.007585233500233307, -0.9994621565925038]","[[0.9978532697881796, 0.015226984617199636, -0.06366304400581828], [-0.015097630712403916, 0.9998808635983916, 0.0025124522258735695], [0.06369384412555947, -0.0015459006381345068, 0.9979662803278008]]","[-0.0035952869822538616, -0.19657367770300174, 0.00459315842238077]",[0.4483872018988785],"[0.0030541283606058843, 0.06692023010256436, 0.0, -0.9977526943478641]",[0.44736245282700005],"[1.270767388620084, -0.13220812271528368, 1.8720860333868785]","[1027.8448823754954, 952.7377560833935, 948.0412611986216, 923.4017195845566]"
3,0.060023961661343606,"[0.42947082657121316, -0.01428044076209736, 2.2049366490020117]","[0.24747046136496073, 0.0, 2.1530354400890293]","[-0.006548940000659128, -0.000872612905337326, -0.005946054998810641]","[-0.02242186690029394, 0.0, 0.02690607387296804]","[0.0012217756396465695, 0.034318853228808587, 0.007501231186533049, -0.9993817057919412]","[[0.9975312344510694, 0.01507704631518534, -0.06857693851819786], [-0.014909326559763084, 0.9998838163535231, 0.002956907749942036], [0.06861359780432212, -0.0019271731414380786, 0.9976407859182698]]","[-0.0038294718894958113, -0.2669833750490661, 0.007697544752256367]",[0.44488538700450786],"[0.00532340606535254, 0.06768504670504982, 0.0, -0.997692177141379]",[0.44736245282700005],"[1.1101947195929263, -0.05726726237786263, 0.3839102914662327]","[1002.6116321713729, 982.6211541880962, 935.2247492931689, 941.9086304023946]"
4,0.0800319488817891,"[0.42934575334503977, -0.014185367291445226, 2.205202605830608]","[0.2470023524400656, 0.0, 2.153597166638797]","[-0.012219113513621071, 0.006937691389683592, -0.010586487260148563]","[-0.024412073811240723, 0.0, 0.029294234394285745]","[0.0015228051499470265, 0.03769179503340156, 0.0074639469411112505, -0.9992590893273985]","[[0.9970446646221668, 0.015031628165500922, -0.07530500528670189], [-0.014802039127150475, 0.9998813695767973, 0.003606012891207376], [0.07535046983406532, -0.0024806946582291768, 0.9971514477589968]]","[-0.03353824256016068, -0.32391181790693263, 0.004725145033218506]",[0.44894765048668855],"[-0.00022931676866004547, 0.06671129243708626, 0.0, -0.9977710955611495]",[0.44736245282700005],"[1.2153870944658858, 0.26113015657315314, 0.1982845753710336]","[986.1185743441681, 986.529439962821, 928.4449753807424, 934.8959743099508]"
5,0.10003993610223816,"[0.4290558003560904, -0.014021752355159992, 2.205676094025688]","[0.24649168311080902, 0.0, 2.154209963427256]","[-0.01784793270418467, 0.0029900455706496423, -0.0004721112055835041]","[-0.02640227063809707, 0.0, 0.03168234651192961]","[0.0017736959372433106, 0.041723375897658815, 0.0073796256567626875, -0.9991001154222369]","[[0.9964088876628735, 0.01489397885552451, -0.08334548092622104], [-0.014597960526253497, 0.9998842758609126, 0.004160005421769722], [0.08339783777440415, -0.0029283938407252547, 0.9965115134179858]]","[-0.02888207935559904, -0.34592637862833203, 0.007976498514241436]",[0.44600053994193745],"[0.0024898167768300436, 0.06728407831035613, 0.0, -0.9977302109278887]",[0.44745102000909176],"[1.3192800098011155, -0.3029853941444058, 1.697184144495786]","[986.1094979204997, 977.5349399072858, 902.3527773978361, 948.7085463181284]"
6,0.12004792332268366,"[0.428638210731985, -0.013859590631713927, 2.2062076707076455]","[0.24594149893026407, 0.0, 2.154870175080822]","[-0.025317932072583624, 0.004883282078590504, 0.007904340264452752]","[-0.02839245531223172, 0.0, 0.03407040029705257]","[0.0019328782468792393, 0.044202278815556516, 0.007315172389013852, -0.9989907826562466]","[[0.9959789666508883, 0.014786454826702789, -0.08828705954311908], [-0.014444704333962466, 0.9998791775192302, 0.0045085496843043525], [0.08834361689345066, -0.0032151605262121484, 0.9960785181084157]]","[-0.028966357702551446, -0.35265954026425156, 0.00877051182118737]",[0.4435829524191219],"[0.0016166800974348628, 0.06740584119947655, 0.0, -0.997722966266331]",[0.447658434969],"[1.0496426388114164, -0.3200844207438449, 0.5498266372311278]","[967.0747391974168, 996.5840187843022, 905.7460858957055, 953.0797109657664]"
7,0.1400559105431327,"[0.42805056399430524, -0.013689495615807736, 2.2068322506978952]","[0.24535627969775967, 0.0, 2.1555724255921125]","[-0.03546980778065395, 0.00043908657042696433, 0.0036881206112903174]","[-0.030382627438870494, 0.0, 0.036458393854733484]","[0.002348744784591518, 0.048658879243018795, 0.007233436742539777, -0.9987846975577769]","[[0.995156379541348, 0.014677866436094021, -0.0971655089828304], [-0.014220717280709587, 0.9998807193955951, 0.005395722548571806], [0.09723346697012526, -0.0039878388487027735, 0.9952499915514383]]","[-0.02927203713807182, -0.3533015209100747, 0.007932799986883678]",[0.4454290918442768],"[0.003506004505084305, 0.06519933121501165, 0.0, -0.9978653260410817]",[0.447658434969],"[1.3982431305737955, -0.1317353616250696, -0.19931381100070666]","[962.8292134708729, 993.1594076348812, 920.7280363087166, 934.8271393078983]"
8,0.1600638977635782,"[0.4273320189513661, -0.013544881302639023, 2.207261035521278]","[0.24472732939522665, 0.0, 2.156327147797539]","[-0.04245693791260273, 0.005073692636833239, 0.0033621693607533195]","[-0.032372779423962834, 0.0, 0.03884629073426483]","[0.002601025726527518, 0.0520806799829179, 0.007106755756585786, -0.9986126819277454]","[[0.9944711506368876, 0.014464719228760383, -0.10397988531961452], [-0.013922866474797919, 0.9998824144221937, 0.005935083897612423], [0.10405382473783464, -0.004454585208510407, 0.994558631921995]]","[-0.020121375715760625, -0.3213380546635168, 0.011798999955136995]",[0.44635312795525806],"[0.0006439711858833749, 0.06545189740340407, 0.0, -0.997854816331168]",[0.447658434969],"[1.4913782109274802, 0.16800254760500724, 0.26328905011308734]","[965.5678255048023, 979.2975268541815, 903.5591136971252, 943.8731624810113]"
9,0.18007188498402726,"[0.4264049439019348, -0.013402157954068862, 2.2078399010566643]","[0.24406109951887237, 0.0, 2.1571265995665945]","[-0.05421325373602345, 0.0038304568037719165, 0.004151558498931554]","[-0.03436291120735411, 0.0, 0.04123409064708293]","[0.002534682786706704, 0.055312330023946386, 0.006986902040965377, -0.9984409856791242]","[[0.9937825558479224, 0.014232417142858585, -0.11041677545796481], [-0.013671620299641236, 0.9998886143196198, 0.005834386022956425], [0.11048761377930737, -0.004288538696816979, 0.993867340214524]]","[0.008609703679433494, -0.29033303371121905, 0.014688666813056432]",[0.44663834200513447],"[0.0014205311522650617, 0.06331650431136572, 0.0, -0.9979921376458075]",[0.447658434969],"[1.2330542550820867, -0.39580376222338187, 0.6405985121747477]","[976.5473288219367, 965.8905322285311, 874.2005996269776, 974.5413652770934]"
10,0.20007987220447276,"[0.4251499395088121, -0.013228469018297074, 2.208540652131877]","[0.24334899572669666, 0.0, 2.1579810903744705]","[-0.06650039378243364, 0.002819919837755646, 0.007349874794519815]","[-0.036353012281485346, 0.0, 0.04362174315845735]","[0.002227518272171065, 0.05757908665007652, 0.0068666701221474875, -0.9983137785870809]","[[0.9932728599764448, 0.013966699727120073, -0.11493339985612958], [-0.013453665856688208, 0.9998936387400531, 0.005238277554246967], [0.11499458238879379, -0.00365677117840448, 0.9933572386182719]]","[0.02363452468902333, -0.2630397265023515, 0.013786628625098237]",[0.4457760996922733],"[0.0020847747065270315, 0.06132528686331743, 0.0, -0.9981139829473941]",[0.447658434969],"[1.2045580581228459, -0.07335906824160299, -0.2880121911086384]","[973.7632386229886, 973.7124223838499, 879.482080473279, 972.9469764826781]"
11,0.22008785942492182,"[0.42378807363192833, -0.013072194802225585, 2.209080611774559]","[0.2426044836943225, 0.0, 2.1588744630306747]","[-0.08031196108513132, 0.004640326534417798, -0.0028028119712700077]","[-0.03834308878968532, 0.0, 0.046009277756467876]","[0.002052368137162031, 0.059870246532038665, 0.006721160251738574, -0.9981807213993489]","[[0.9927393443733584, 0.01366361675013486, -0.11949506315712359], [-0.013172113604749295, 0.9998998127830316, 0.004902063657964723], [0.1195502403377053, -0.0032924735729530133, 0.9928212679336766]]","[0.016247591311943317, -0.21871012272421467, 0.015349913290012035]",[0.448488989584164],"[0.0015603742461102216, 0.05850527271161345, 0.0, -0.998284777891406]",[0.447658434969],"[1.4802684478013737, 0.11693780069043253, -0.5628808102251242]","[977.2464834473179, 975.4763262406931, 882.259505714875, 975.2625617155502]"
12,0.24009584664536732,"[0.42216899737389035, -0.012903118131184384, 2.2095427495045654]","[0.24181929769242402, 0.0, 2.1598166314434333]","[-0.09106089387829826, 0.005928179828557871, -0.0006350183243101432]","[-0.040333128012718246, 0.0, 0.048396633391573955]","[0.0017718361006107434, 0.06202471999320429, 0.006574128208073046, -0.9980512025661396]","[[0.9922190572949532, 0.013342428403811031, -0.12378439620071303], [-0.012902837851754103, 0.9999069102690891, 0.004352283224539617], [0.12383098931146945, -0.0027212493793189905, 0.9922992168120107]]","[0.027677124881706292, -0.158338887791814, 0.015811694048853242]",[0.44839290082801503],"[0.0011414978799397539, 0.057096328405796044, 0.0, -0.9983679470426734]",[0.447658434969],"[1.7712395422715848, 0.02189012072322509, 0.8253658863064004]","[983.6322540522378, 969.5494182359959, 882.28104598187, 973.973692381055]"
13,0.26010383386581637,"[0.4201907840197457, -0.012718574882104898, 2.2101104493907493]","[0.240990683236963, 0.0, 2.1608108973295512]","[-0.10314347040424225, 0.00651022170209373, 0.0039561777782323665]","[-0.042323121588421435, 0.0, 0.05078376992808478]","[0.001367307284664053, 0.06326868885112168, 0.0064188923087604936, -0.9979749384389149]","[[0.9919117181139553, 0.01298480279167712, -0.12626357852619155], [-0.012638771835047993, 0.999913833033414, 0.0035413066069830282], [0.12629868491904453, -0.0019168470059757253, 0.9919903834124768]]","[0.03148182595023847, -0.10492417149521273, 0.01654247884035322]",[0.4474751874587858],"[0.0010090170280616167, 0.055357620503292355, 0.0, -0.9984647188086262]",[0.447658434969],"[1.4803833568627471, -0.11811004929318678, 0.3047156833337965]","[977.7568237457166, 981.4896279124857, 904.6759018291348, 960.3253308149004]"
14,0.28011182108626187,"[0.41809804643023185, -0.012546594379574649, 2.2107458934580846]","[0.2401256051025956, 0.0, 2.161848902538773]","[-0.11796213028290861, 0.005523360573221321, 0.0007754802815653192]","[-0.04431307063783791, 0.0, 0.05317069274831868]","[0.0011333703764066425, 0.06384990105445057, 0.006307676753512709, -0.9979389832619889]","[[0.9917669021916925, 0.01273408422507473, -0.12742231281136124], [-0.012444621879508292, 0.9999179528641985, 0.0030675580353714937], [0.12745090854726676, -0.0014565798889905161, 0.9918439067069258]]","[0.026881460224521685, -0.05201155866789553, 0.01491600253420872]",[0.4486457840060668],"[0.0014226721989583982, 0.05196104395511766, 0.0, -0.9986463024964976]",[0.447658434969],"[1.3068119460322136, -0.3412104312530733, -0.13575169481728722]","[976.4212010100194, 983.5143055966232, 909.0259731109521, 957.1214530418475]"
15,0.3001198083067109,"[0.4155595853712362, -0.012349481450021727, 2.2113453800134453]","[0.23921789134783536, 0.0, 2.162938046463953]","[-0.1326802690547909, 0.0037895196180340687, 0.0006324140454079102]","[-0.04630295988775068, 0.0, 0.055557328547561305]","[0.0008363054528994629, 0.06406435008212652, 0.006225897182535304, -0.9979260385699543]","[[0.9917140751155598, 0.012533124554442877, -0.1278525526785046], [-0.012318815093202307, 0.9999211582048292, 0.0024668580886473587], [0.1278733796855564, -0.0008714258619382914, 0.9917901998933937]]","[0.03126395854271908, -0.024217716066435052, 0.011840104028209803]",[0.4491622591614099],"[0.002123075204932282, 0.048767222280604185, 0.0, -0.9988067616384549]",[0.44777304703968396],"[1.5349512600841646, 0.1610887936397672, 0.021424558952638506]","[959.4565595569201, 996.5937707610402, 917.8250703130382, 944.8372205433296]"
16,0.3201277955271564,"[0.4128693881366886, -0.012179368530745352, 2.2117612743722055]","[0.23827230751426184, 0.0, 2.164072609014544]","[-0.14523916289949695, 0.00790605618196741, -0.0008399739981107567]","[-0.0482927884778982, 0.0, 0.057943673199531844]","[0.000594568788622746, 0.06396959018373387, 0.006117595905585232, -0.9979329445076587]","[[0.9917409817978313, 0.012285969634225806, -0.12766744831882978], [-0.01213383234724886, 0.9999244917102922, 0.0019693597698652483], [0.12768199764517726, -0.00040399935790534603, 0.9918151247330705]]","[0.025342338899148092, 0.014197306991763341, 0.011475152952018416]",[0.4502390579372803],"[0.0007121513081386414, 0.0463087140776783, 0.0, -0.9989254969635]",[0.44800516851899996],"[1.6233844949443947, 0.08551316607215628, 0.1345509322320062]","[952.5176235340062, 1002.8558127990897, 927.9502851927342, 933.9797831697716]"
17,0.3401357827476055,"[0.40976639827960476, -0.012010981115280357, 2.2121917843789864]","[0.23728573565826677, 0.0, 2.1652563246475145]","[-0.1586747551467356, 0.0051153496510438655, 0.0011764680708945424]","[-0.050282542709755476, 0.0, 0.06032966096020901]","[0.0004141680422406971, 0.06338976389386555, 0.006029630768401608, -0.997970459857127]","[[0.9918905916688894, 0.012087294810240914, -0.12651722908604984], [-0.011982278752600824, 0.999926772931595, 0.001591088684698479], [0.126527218207533, -6.222120159381868e-05, 0.9919629614929615]]","[0.01849462691188282, 0.06170083394782336, 0.010284091761819414]",[0.45026415544141773],"[0.0016564592924478451, 0.04306901728564796, 0.0, -0.9990699548301786]",[0.44800516851899996],"[1.589365972406301, -0.41009032518195865, 0.25870645970413264]","[963.8544116615801, 996.4272058307901, 927.8830892149887, 937.5441166158014]"
18,0.360143769968051,"[0.40656462308509744, -0.011844726805980683, 2.2125296166461026]","[0.23625873432802483, 0.0, 2.1664885176201527]","[-0.17113434495513652, 0.0037030962262628317, 0.0005394904556072196]","[-0.05227221365553059, 0.0, 0.06271524898545683]","[-3.06244482755115e-05, 0.06254666210087273, 0.0059087145180920595, -0.9980245227861814]","[[0.9921059511732249, 0.01179025306036059, -0.12484656709242835], [-0.011797914888433845, 0.9999301191774327, 0.0006780128400757353], [0.12484584328793981, 0.0008002686415787652, 0.9921757751120238]]","[0.03221404634420885, 0.08828183142705398, 0.011440439887467343]",[0.45089156710620193],"[0.002093245096634123, 0.04014500856537254, 0.0, -0.9991898455074829]",[0.44800516851899996],"[1.5150881640139544, -0.0977241149642795, -0.5251786867725059]","[978.7529761148546, 984.758468735387, 913.0629084779829, 955.3637312387832]"
19,0.38015175718850003,"[0.4032739843060853, -0.01170537643031703, 2.212753304045227]","[0.23519437630151885, 0.0, 2.1677654979819607]","[-0.18467487665405724, 0.0036387922253616075, -0.0046754129274535015]","[-0.05426179875334196, 0.0, 0.06510042498581387]","[-0.0003581138360507842, 0.061576077526253235, 0.005813080141602028, -0.9980851789146207]","[[0.9923487473902981, 0.011559795775688003, -0.12292050419815959], [-0.011648000757015551, 0.9999317175462973, 1.0371226781230418e-06], [0.12291217722044448, 0.0014307495711843154, 0.9924160747007243]]","[0.03524466068856451, 0.12580318547821126, 0.011298577906524672]",[0.4526069433382891],"[0.0020629146577751047, 0.03691357227437908, 0.0, -0.9993157604791563]",[0.44800516851899996],"[1.6290015510590972, -0.021186519727516374, 0.18575870898192548]","[1001.9302324496209, 964.7018357481275, 910.1263131323657, 962.8978534253416]"
20,0.40015974440894553,"[0.39957595691423453, -0.01156697341618489, 2.212996500370946]","[0.2340882235381646, 0.0, 2.169092579218222]","[-0.19487128717651442, 0.0033604697908743526, 0.0034078095115278335]","[-0.05625127640134725, 0.0, 0.06748508529251611]","[-0.0005749032952086026, 0.05998810101443413, 0.005729552435435708, -0.9981822151004976]","[[0.9927366650223066, 0.011369299969182322, -0.11976469897767095], [-0.011507249396968343, 0.9999331485213449, -0.0004603065488309677], [0.11975152322337013, 0.001835126429888625, 0.9928016595369298]]","[0.02605064590526144, 0.16758624747448314, 0.009355690633093688]",[0.45137766551916675],"[0.0021154846789095128, 0.03495772239601598, 0.0, -0.999386088612341]",[0.44800516851899996],"[1.9107783848919047, 0.11236671723606562, 0.5075341206847348]","[996.4552372654306, 972.6059847014333, 914.2663384205582, 960.7948835463056]"
21,0.4201677316293946,"[0.39568388583913916, -0.01145946157369985, 2.2132598065313505]","[0.23294399317301623, 0.0, 2.170465298092403]","[-0.20400288395535635, 0.004295771733652733, 0.0011075350974881354]","[-0.05824064509138749, 0.0, 0.06986922267777608]","[-0.0007639187887980679, 0.058232942691936226, 0.005656920418151249, -0.9982863562739188]","[[0.9931531563313939, 0.011205482465836745, -0.11627494720567022], [-0.011383423422034229, 0.9999341404166868, -0.000866381163270726], [0.11625766149449357, 0.0021840576533629086, 0.9932159906847967]]","[0.0128073781597395, 0.18172478451530963, 0.007769035036537234]",[0.4526355955393235],"[0.0017877682477658698, 0.03315073622417565, 0.0, -0.999447229498728]",[0.44800516851899996],"[1.7028797924696253, -0.26523710094344055, -0.46394318010672464]","[995.2921692360409, 977.8611652925172, 903.9929310836771, 975.1604034448809]"
22,0.4401757188498401,"[0.3913250029726707, -0.011347011588634373, 2.2135947303280252]","[0.23175766154838942, 0.0, 2.1718884677030057]","[-0.21506189106962123, -0.00015250305668095964, 6.663504098031485e-05]","[-0.06022987966514992, 0.0, 0.07225271641394498]","[-0.0008751752521614031, 0.05598546407498089, 0.0055550420765848145, -0.998415042309302]","[[0.9936681319610438, 0.010994480954568371, -0.11180318223695619], [-0.011190469325125149, 0.9999353444729817, -0.0011255730556022701], [0.11178373569555562, 0.0023695794900568555, 0.9937283170825449]]","[0.010174739276422902, 0.21878411879784146, 0.00934717115002498]",[0.4536553718637461],"[0.003168376533152512, 0.030183888367603395, 0.0, -0.9995383353928885]",[0.44800516851899996],"[1.5583269768785644, -0.1745492645141107, -0.0797485135402276]","[994.6153497008111, 977.3035737496995, 922.405907476463, 955.738996494478]"
23,0.46018370607028913,"[0.387293302471694, -0.011252107968021806, 2.2139367691221845]","[0.23053143510487434, 0.0, 2.173359433693994]","[-0.22413683106136206, 0.0016823230126275838, 0.0025246698568053673]","[-0.06221897273390686, 0.0, 0.07463553105821716]","[-0.000992598174566776, 0.053579025722876227, 0.005497848650549636, -0.998547243569673]","[[0.9941966445545309, 0.010873358344883984, -0.10701329120652248], [-0.011086088117394357, 0.9999360980470839, -0.0013931735938353279], [0.10699146258838416, 0.002571451090908445, 0.9942551267318274]]","[0.005009353539571236, 0.25803241212778033, 0.005845352999154229]",[0.4539102017463369],"[0.0025271492450293113, 0.02778304611887033, 0.0, -0.9996102645258753]",[0.44800516851899996],"[1.7806253007444632, 0.1740062238852976, 0.28180814090364237]","[999.3680312567253, 973.1450445216387, 931.6010240576041, 946.2306961246102]"
24,0.48019169329073463,"[0.38322982532130023, -0.011172798489959014, 2.2143210007288214]","[0.22926997612287192, 0.0, 2.174872602473737]","[-0.23079543354457532, 0.0009878593453076275, 0.0072395727973832685]","[-0.0642079301320586, 0.0, 0.07701769462502835]","[-0.0006758661231239587, 0.05078665781280602, 0.005502798615577993, -0.9986926926161975]","[[0.9947779856756086, 0.010922559569587811, -0.10144796639043067], [-0.011059859495677267, 0.9999356413091659, -0.0007910276160971891], [0.1014330897697641, 0.0019089026173057582, 0.994837633670783]]","[-0.028714745683261034, 0.2684464871344971, -0.0017041666357542136]",[0.45368562179642125],"[0.0026776716973738817, 0.026141359806822702, 0.0, -0.9996546294413691]",[0.44800516851899996],"[1.9040182257468026, -0.011804447533006204, 0.826306665484374]","[1013.9161607665613, 966.4433724482416, 923.6176832341013, 959.2371682196759]"
25,0.5001996805111837,"[0.3786508235581517, -0.01108520935227302, 2.214762420413561]","[0.22796532190214208, 0.0, 2.176437499349701]","[-0.23619095540610727, 0.000942196082709064, 0.015565044972634893]","[-0.06619670449715001, 0.0, 0.07939897984965073]","[-0.00040025111838045156, 0.04701147041801165, 0.005457459656155787, -0.9988791713024125]","[[0.9955198968459901, 0.010865052770291447, -0.0939219259343645], [-0.010940318344737522, 0.9999397331458016, -0.00028647860451573896], [0.09391318851704093, 0.0013127314172471784, 0.9955791441758717]]","[-0.021384679801716978, 0.28038007915672913, 0.0019316135681339218]",[0.45273368508365874],"[0.002668090183186078, 0.025148914863789625, 0.0, -0.9996800227556868]",[0.44800516851899996],"[1.6886860345463712, -0.30360710075765474, 0.09571500829511947]","[986.2759781305805, 994.7240218694195, 942.5602650352258, 941.183985420387]"
26,0.5202076677316292,"[0.3745925262231361, -0.011037180115157695, 2.215217017290964]","[0.22661863576040017, 0.0, 2.178052715941663]","[-0.24242044841222538, -0.0031148197373738716, 0.011803450150406488]","[-0.0681852813584185, 0.0, 0.08177931732421775]","[-0.00013884384790168038, 0.045000411271744103, 0.005450160040088503, -0.9989716053681278]","[[0.9958895463502998, 0.010876614189004609, -0.08990977962310369], [-0.010901606310037117, 0.9999395818243239, 0.00021311676333395628], [0.0899067527383371, 0.0007679210098692755, 0.9959489162839967]]","[-0.026969529160127164, 0.28242097179889564, 0.0009436914661791718]",[0.4545612034711963],"[0.0038363643596556864, 0.02348305288686908, 0.0, -0.9997161324378061]",[0.4480499792579665],"[1.6381773983251184, -0.3330599106964016, -0.39284673938113457]","[984.3685301694509, 993.119887814874, 939.0066312576191, 940.3025292258201]"
27,0.5402156549520782,"[0.3695743004643267, -0.011003147029830872, 2.215898805966252]","[0.22523038481298396, 0.0, 2.1797176762444166]","[-0.24692986654509527, -0.0028873377162401156, 0.016006858613733084]","[-0.07017364232125149, 0.0, 0.08415861882192786]","[0.0001064960110737305, 0.042280843279170595, 0.005400247647115791, -0.9990889477143338]","[[0.9963619044032872, 0.010799660960615576, -0.08448349623085596], [-0.010781649995999315, 0.999937221137282, 0.0006694520241516799], [0.08448579665018888, 0.00024385607359397014, 0.9964202070697868]]","[-0.022126325143908235, 0.2822572124858274, 0.00310048102818946]",[0.4546025291323687],"[0.0038093995574639333, 0.02184218943644738, 0.0, -0.9997533857873716]",[0.44807693469099996],"[1.686209141760766, 0.2719563205064202, 0.5310674028138287]","[1000.3449879483315, 974.9080934256002, 931.2197298925116, 949.7063536734216]"
28,0.5602236421725237,"[0.3643306319289625, -0.010987967244420976, 2.216683328990153]","[0.22380681000296956, 0.0, 2.1814248970863397]","[-0.25062040852079864, 8.677247347390514e-05, 0.021899321496658495]","[-0.07216180303518777, 0.0, 0.08653695947621305]","[0.0002916329909494768, 0.039325208916723184, 0.005331133796657908, -0.9992109316433112]","[[0.9968476779213936, 0.010676791391939576, -0.0785852478085051], [-0.01063091727875519, 0.9999404519344787, 0.0010021016458022559], [0.07859146674648218, -0.0001635098445359523, 0.9969043497969066]]","[-0.01379014561197297, 0.2801444966149347, 0.006262167418104295]",[0.4542221258736781],"[0.003008039893935808, 0.020536515181969663, 0.0, -0.9997844772096661]",[0.44807693469099996],"[1.656747091166657, 0.23885783963441773, 0.11324808171750433]","[1012.539990700279, 963.3054085664699, 931.449003687117, 954.9619018539142]"
29,0.5802316293929728,"[0.35928336949676504, -0.010991327816460299, 2.2175083389310055]","[0.2223344477422304, 0.0, 2.183190470877058]","[-0.25302624987391986, 0.00025942526162043894, 0.02235923896757257]","[-0.07414966952335496, 0.0, 0.08891388840456452]","[0.00041382603833014077, 0.03689408355208727, 0.005286830484475035, -0.9993025609107717]","[[0.9972166555170967, 0.010596821949342439, -0.07373232869588416], [-0.010535751019605714, 0.9999386598154134, 0.0012171803709896257], [0.07374108000834302, -0.0004369693085098498, 0.9972722141662598]]","[-0.011813400137272792, 0.265379033979812, 0.005077948403798893]",[0.45482425794447867],"[0.0029681002188708494, 0.019857702524942913, 0.0, -0.9997982087344061]",[0.44807693469099996],"[1.7093453676053723, -0.1730833146277171, -0.07814823820172023]","[1011.0196687187969, 967.694728868971, 937.1763642773285, 949.7564859078929]"
30,0.6002396166134183,"[0.35434273640463265, -0.010998379934059738, 2.218308874062089]","[0.22084373694496248, 0.0, 2.184977978393891]","[-0.25400358868565853, -0.00202353372203016, 0.02742746515649684]","[-0.07613741146740724, 0.0, 0.09129021979715199]","[0.0006457923409538638, 0.03417291447631832, 0.005231589810992188, -0.9994007253823286]","[[0.997607069326716, 0.010501046516890539, -0.06829811399085971], [-0.01041277209114303, 0.9999418113988322, 0.0016483680103637158], [0.06831162807338352, -0.0009332533256188585, 0.9976609742951217]]","[-0.012424984613332777, 0.2489135810848169, 0.004489916109045278]",[0.45454322069761904],"[0.0036361038374710507, 0.01954104899524773, 0.0, -0.9998018167570952]",[0.44807693469099996],"[1.853912781031124, -0.6227512414077236, 0.9740649159305299]","[1013.6693634961105, 966.8323464066002, 936.8357662120218, 950.6142949898432]"
31,0.6202476038338673,"[0.34948325944352565, -0.011015102166527586, 2.2190557877761834]","[0.21930173318451807, 0.0, 2.186826794652503]","[-0.2529373799325269, -0.006962515197714233, 0.038382426343537425]","[-0.07812479811594931, 0.0, 0.09366484658181194]","[0.0010686726886256258, 0.031185398415601407, 0.005175951113518321, -0.9994993821375893]","[[0.9980008374104687, 0.010413373847013182, -0.06232851010103097], [-0.010280065912730535, 0.9999436114365176, 0.002459103579286748], [0.06235063569140168, -0.0018134471886677697, 0.998052134227697]]","[-0.020101617545453004, 0.22993177494333483, 0.003647685243956764]",[0.4531895144398323],"[0.005065854792058539, 0.019563932627640928, 0.0, -0.9997954755219917]",[0.44807693469099996],"[1.5571658622342672, -0.24109122981192463, 0.16446215712555912]","[1019.1993749009482, 961.7229881156223, 928.3248442725389, 960.2129790797453]"
32,0.6402555910543128,"[0.34490149552924726, -0.011043313876516025, 2.219697020820973]","[0.21771855543331792, 0.0, 2.1887247962557583]","[-0.25507243059019963, -0.00507657167973009, 0.033230449005614386]","[-0.08011186866725038, 0.0, 0.09603795692428423]","[0.0012341747746828172, 0.02959532637796914, 0.005179287911883854, -0.999547672183408]","[[0.9981943637879515, 0.01042694196231073, -0.059151094884231196], [-0.010280838741253951, 0.9999430841000396, 0.00277379847851873], [0.059176663470197864, -0.0021606676138880383, 0.9982449674597509]]","[-0.023195662106345306, 0.21550073705974568, 0.000552089813240453]",[0.4552026222602471],"[0.0045202067862498705, 0.018320119044145905, 0.0, -0.9998218373914554]",[0.44807693469099996],"[1.3957793547218385, -0.0741211790240964, -1.1133215794485025]","[1009.8261240210012, 972.4601285130501, 935.340176748682, 953.9460757853692]"
33,0.6602635782747619,"[0.3407837504132746, -0.01109279308656473, 2.2204269987238443]","[0.21608504769342327, 0.0, 2.1906828803265967]","[-0.25449990568174613, -0.008130025032674524, 0.03161434874665838]","[-0.08209851083203505, 0.0, 0.09840901229784128]","[0.001240308535018217, 0.02791527422318828, 0.005130880132104968, -0.9995943492680618]","[[0.9983848129880161, 0.010326844679400572, -0.05579517299469477], [-0.010188350467894996, 0.9999402613274035, 0.002766070657694353], [0.055820628492374784, -0.002193150954118278, 0.998434388119352]]","[-0.01099127245524983, 0.20008462308886665, 0.0029423476278114635]",[0.45662124345412197],"[0.005353784175001801, 0.017952182372056317, 0.0, -0.9998242835817565]",[0.44807693469099996],"[1.7233374595179085, -0.5690822545557663, 0.11339157447426018]","[1012.7340888474147, 966.1974909576497, 937.8022566941398, 949.3437258085479]"
34,0.6802715654952074,"[0.3349082129979762, -0.011148448198075728, 2.2216240443957735]","[0.21441681066434823, 0.0, 2.1926824091095902]","[-0.2517149083050316, -0.011269966699164063, 0.04112401787804497]","[-0.08408484295925511, 0.0, 0.10077858047978147]","[0.0012703122237092196, 0.025526353697725636, 0.0050620911269861155, -0.999657717453886]","[[0.9986399462585798, 0.010185569801350911, -0.051022372072305665], [-0.010055864044835126, 0.9999399083384911, 0.0027981882931289895], [0.05104809381725022, -0.0022813213788987247, 0.9986879684054442]]","[-0.0034049191838835275, 0.1820111065184116, 0.004493501072216684]",[0.45568645721512907],"[0.006136774367322406, 0.01810597763063862, 0.0, -0.9998169190543619]",[0.44807693469099996],"[1.7423555286933852, -0.338274957144353, 0.9549793538087172]","[1015.8040660641072, 960.7412767495242, 939.3422778371338, 948.3032677172247]"
35,0.7002795527156565,"[0.32991081076667916, -0.011192191716031762, 2.222650852241222]","[0.2127312587242975, 0.0, 2.1947025857626654]","[-0.24864712041665527, -0.0114718345507306, 0.05007838910088038]","[-0.08607100545967154, 0.0, 0.1031473350652961]","[0.0012745265976204616, 0.02356819994363545, 0.005013198888662321, -0.9997088437207042]","[[0.998838804419755, 0.010083555124025458, -0.0471098969178148], [-0.009963401933280654, 0.9999464756808253, 0.0027846151699272787], [0.047135454739105846, -0.0023120068748664607, 0.9988858199098535]]","[-0.0019440560372283588, 0.16201849790679196, 0.00420881270874327]",[0.4549071953904952],"[0.00612178983163168, 0.01867612795490762, 0.0, -0.9998063075930033]",[0.4481756418349255],"[1.7388653113987433, 0.22759396006442886, 0.736911763241185]","[1009.2598061283522, 967.4426592383609, 945.7213296191804, 942.2786703808196]"
36,0.720287539936102,"[0.3255902175161807, -0.011228918201781029, 2.2235443695726484]","[0.210986469970514, 0.0, 2.196793384452921]","[-0.24425370167271557, -0.007795652841135648, 0.05736609096167513]","[-0.08805657091671666, 0.0, 0.10551322608547634]","[0.0014250796113683569, 0.0223398156918463, 0.004985039619813562, -0.9997365434831798]","[[0.9989512692424377, 0.010031124589006582, -0.04465365208698732], [-0.009903780525549875, 0.9999453422689316, 0.003072138062361881], [0.04468206840028356, -0.0026266785970691354, 0.9989969087786625]]","[-0.015088934502171282, 0.14036136308053657, 0.003212383603751293]",[0.45479031250824525],"[0.004811160879004205, 0.01939573357020547, 0.0, -0.9998002480042669]",[0.448372515023],"[1.7890188848181174, 0.182768337276615, 0.4904505951363838]","[1002.4544481113201, 979.7610250553572, 952.6489099685668, 937.5249457444447]"
37,0.740295527156551,"[0.31979835647264615, -0.011286052149492621, 2.224760615236984]","[0.20920337956383847, 0.0, 2.198929803154424]","[-0.24008635911148277, -0.007660050464360753, 0.06192030407986411]","[-0.09004170912692828, 0.0, 0.10787706815521697]","[0.0018051932639794692, 0.020822217292106048, 0.004923420834809317, -0.9997692387359394]","[[0.9990839846396837, 0.0099197456527816, -0.04161704920959289], [-0.009769393147194293, 0.9999445966601624, 0.003814586467485763], [0.041652600114099825, -0.0034045203137142354, 0.9991259473396764]]","[-0.025484280639158686, 0.12114406583249455, 0.00617744129359339]",[0.455059335071947],"[0.004370675740499321, 0.019242850446285126, 0.0, -0.9998051262050096]",[0.448372515023],"[1.4026720594889446, 0.10032292330029721, -0.302615560229075]","[1016.9335378022695, 967.8335058207111, 948.0091925477249, 945.5508082035271]"
38,0.7603035143769965,"[0.3155515733571264, -0.01131513200649636, 2.22579056931574]","[0.20737830476746447, 0.0, 2.2011162022693465]","[-0.23900573855364052, -0.0047119884684094565, 0.06000577777867972]","[-0.09202635472904439, 0.0, 0.11023854796423002]","[0.0020205191215080924, 0.01973909885969578, 0.004875610947901443, -0.9997909256945462]","[[0.9991725739927698, 0.009828949619232403, -0.039450241312324275], [-0.009669416712482988, 0.9999436730453147, 0.004232673698756298], [0.03948964637292135, -0.003847713032748131, 0.9992119521619597]]","[-0.029546072037404884, 0.0970911934555379, 0.005679885689047572]",[0.45531952464263115],"[0.003846098289596209, 0.019994252578294007, 0.0, -0.9997924598844705]",[0.448372515023],"[1.3670218321468792, 0.09822005449383821, -0.2235221830677574]","[1001.398115786598, 980.9235471639468, 954.4683542019919, 937.480208502368]"
39,0.7803115015974456,"[0.3114893894042233, -0.01133706183875303, 2.226891351136182]","[0.20552110929471332, 0.0, 2.2033408007773017]","[-0.23455282106629205, -0.005031266373688637, 0.06563867955712448]","[-0.09401058822298991, 0.0, 0.11259805178082774]","[0.002288395871003021, 0.01903983014336655, 0.00484442987860262, -0.99980437650589]","[[0.999228044403257, 0.009774105725974952, -0.03805003906387017], [-0.009599823051236238, 0.9999426011557087, 0.004760370658073745], [0.0380943829571964, -0.004391422169953569, 0.9992645078936295]]","[-0.03497402846030637, 0.07381164522255926, 0.004471900640073427]",[0.4546116612520353],"[0.004091940837154688, 0.021458269636384787, 0.0, -0.999760465517878]",[0.448372515023],"[1.677078831614018, -0.2442389354077527, 0.6568408649321391]","[987.6782793806902, 994.0196800771027, 952.5900021453411, 939.048014845712]"
40,0.8003194888178911,"[0.3072533715347047, -0.011354407416121466, 2.2282054975436703]","[0.2036233987820123, 0.0, 2.2056135635290177]","[-0.22976324548850385, -0.005808378832760432, 0.07280228116389882]","[-0.09599428588043364, 0.0, 0.11495498646728554]","[0.002631973204154807, 0.018622567207156777, 0.004810738976941746, -0.9998115594566255]","[[0.9992601384871475, 0.009717693073113414, -0.03721279244878748], [-0.00952163668158618, 0.9999398839400228, 0.00544213108721651], [0.03726343939310545, -0.005083777847559766, 0.9992925703402612]]","[-0.03795159353244775, 0.05228600036077981, 0.003771224509107849]",[0.45399101731340386],"[0.004362521848134438, 0.022587196610047877, 0.0, -0.9997352193722427]",[0.448372515023],"[1.405902005191653, -0.1553608335737628, 0.19252086688662118]","[980.95329037484, 1001.8959740095619, 951.0244636926996, 941.4399750004445]"
41,0.8203274760383401,"[0.3025181613346884, -0.01137202613893399, 2.229720323735669]","[0.2016822561693589, 0.0, 2.20793790726954]","[-0.22757039804657583, -0.005620683576648477, 0.07362770733176775]","[-0.09797736430248892, 0.0, 0.11730895250170924]","[0.0030357338467054797, 0.018210296780677537, 0.004747707747879526, -0.9998182851927618]","[[0.9992916634480833, 0.009604253266753904, -0.03638514984600757], [-0.009383126809571284, 0.9999364619057879, 0.006243278752063016], [0.036442800954425585, -0.005897450083595782, 0.9993183135458258]]","[-0.03518205126271015, 0.03353490850548635, 0.004413308777610673]",[0.45458567078936346],"[0.004376501854800018, 0.022504217309053463, 0.0, -0.9997367384885838]",[0.448372515023],"[1.4455120272961528, -0.3821537527229526, -0.014746173854142341]","[988.6904572157251, 994.7024836762761, 957.9752101185817, 935.544704203959]"
42,0.8403354632587856,"[0.2978667187986142, -0.011387918395040556, 2.231191572860886]","[0.19970003433558492, 0.0, 2.210310987207875]","[-0.22206613042512602, -0.008298041342833665, 0.07860823219502812]","[-0.09995981389304227, 0.0, 0.11965990425085238]","[0.0033446151876053835, 0.01799129721053412, 0.004696547731636212, -0.9998215288339997]","[[0.9993085316347963, 0.009511766998362892, -0.03594475627574111], [-0.009271071134782592, 0.9999335322839255, 0.006857030512672712], [0.03600758885523129, -0.006519042568259404, 0.999330273854481]]","[-0.030339133574429984, 0.016366083759491903, 0.0044670934411714484]",[0.45437451603160367],"[0.005205127286188584, 0.02338572182487519, 0.0, -0.9997127755436749]",[0.448372515023],"[1.6605627579422513, -0.16450290523724906, 0.24751555449519458]","[998.0525460663001, 983.6865730658462, 954.0885640526794, 939.3972635804172]"
43,0.8603434504792347,"[0.2928940882640223, -0.011407597271526706, 2.232948162376064]","[0.19768615803732645, 0.0, 2.212721597661736]","[-0.2173527245604286, -0.005154837006400044, 0.0824149544605021]","[-0.10194175852659638, 0.0, 0.12200843568456225]","[0.0034854322867150585, 0.017943229946178564, 0.004660669589789052, -0.9998221431857653]","[[0.9993127849008757, 0.009444761141851951, -0.03584758834439459], [-0.009194601489922497, 0.999932407426228, 0.007136879689970119], [0.03591256613745843, -0.006802369825359132, 0.9993319321064755]]","[-0.016912321053046298, 0.0005156586030829226, 0.0061036699871109944]",[0.4543220824690793],"[0.004473524365373509, 0.024133499266698468, 0.0, -0.9996987091492681]",[0.448372515023],"[1.5377775643615688, 0.15653296927390756, 0.5431183994369242]","[998.8147608555539, 981.0154592994606, 947.5310439948951, 943.5554475920128]"
44,0.8803514376996802,"[0.28874473383000454, -0.011371256227091729, 2.2346090950283193]","[0.19562290642187494, 0.0, 2.2151906760177935]","[-0.21301848807255397, -0.0035102934778089806, 0.09069342263042902]","[-0.1039228553942602, 0.0, 0.12435290427562477]","[0.0033416926355491613, 0.018143537248593158, 0.004611859229787195, -0.9998192004485733]","[[0.9992991433058485, 0.009343311065027284, -0.036249690978345905], [-0.00910079056580154, 0.9999351853742897, 0.00684952779748112], [0.036311336642443376, -0.006514826038597472, 0.9993193479776182]]","[0.003717782786963611, -0.022594150238121898, 0.004495358095511454]",[0.4529742999196855],"[0.004242745959551423, 0.02521515566240061, 0.0, -0.999672526331731]",[0.448372515023],"[1.4767896030955612, 0.28573664589010683, 0.28399858758908536]","[996.9919713845105, 981.8447477610356, 945.2586423417747, 945.0859045691589]"
